Bond Length              Energy error (Eh)   
6.999999999999999556e-01 7.210703998651979418e-03
8.000000000000000444e-01 8.075322828062780900e-03
9.000000000000000222e-01 8.510069472890791076e-03
1.000000000000000000e+00 7.804405116104362605e-03
1.100000000000000089e+00 9.757185595049122639e-03
1.199999999999999956e+00 7.093831672747796802e-03
1.300000000000000044e+00 8.785274135064469192e-03
1.399999999999999911e+00 1.090276468407580523e-02
1.500000000000000000e+00 1.121499657051572285e-02
1.600000000000000089e+00 8.977634670372935943e-03
1.699999999999999956e+00 1.242280873627521487e-02
1.800000000000000044e+00 1.070545991731819413e-02
1.899999999999999911e+00 1.128499745627209450e-02
2.000000000000000000e+00 9.747773494638067859e-03
2.100000000000000089e+00 1.352060230006202346e-02
2.200000000000000178e+00 1.147733962987729228e-02
2.299999999999999822e+00 1.110378418269419853e-02
2.399999999999999911e+00 1.202980449690471687e-02
2.500000000000000000e+00 1.042844370499551587e-02
2.600000000000000089e+00 1.382175513499817043e-02
2.700000000000000178e+00 9.123933705168951747e-03
2.799999999999999822e+00 1.297415885990460538e-02
2.899999999999999911e+00 1.337789534116495815e-02
3.000000000000000000e+00 2.078927239044503494e-02
