Bond Length              Energy error (Eh)   
6.999999999999999556e-01 2.444329720489690772e-03
8.000000000000000444e-01 2.093947866001144575e-03
9.000000000000000222e-01 2.027795898925432994e-03
1.000000000000000000e+00 4.594365028012248331e-03
1.100000000000000089e+00 3.733110545695694782e-03
1.199999999999999956e+00 3.632313724253322107e-03
1.300000000000000044e+00 3.410460919781144185e-03
1.399999999999999911e+00 3.384538656760582853e-03
1.500000000000000000e+00 4.879320708994328015e-03
1.600000000000000089e+00 3.155012605162710315e-03
1.699999999999999956e+00 4.448040766376948341e-03
1.800000000000000044e+00 1.661471575204132023e-03
1.899999999999999911e+00 1.753084178275798877e-03
2.000000000000000000e+00 3.171577070219200323e-03
2.100000000000000089e+00 9.239883484042366035e-04
2.200000000000000178e+00 4.407271074072127703e-03
2.299999999999999822e+00 8.917112749031730345e-04
2.399999999999999911e+00 3.132180701044262605e-03
2.500000000000000000e+00 1.573721591029197953e-03
2.600000000000000089e+00 2.755250925943641960e-03
2.700000000000000178e+00 2.258034868532377004e-03
2.799999999999999822e+00 9.628420238385615448e-04
2.899999999999999911e+00 1.604764708986294863e-03
3.000000000000000000e+00 5.684151058972020110e-03
