Bond Length              Energy error (Eh)   
6.999999999999999556e-01 2.717696614141118516e-02
8.000000000000000444e-01 2.575953109192141710e-02
9.000000000000000222e-01 2.887217727962365643e-02
1.000000000000000000e+00 2.861055009468316257e-02
1.100000000000000089e+00 2.559525186329381086e-02
1.199999999999999956e+00 2.523908045378675524e-02
1.300000000000000044e+00 3.092291070150565702e-02
1.399999999999999911e+00 2.565045478146998903e-02
1.500000000000000000e+00 3.416905001903103312e-02
1.600000000000000089e+00 3.179749669931197786e-02
1.699999999999999956e+00 3.510090716807212630e-02
1.800000000000000044e+00 4.329917314905173953e-02
1.899999999999999911e+00 4.194497078314896044e-02
2.000000000000000000e+00 3.864924271040592885e-02
2.100000000000000089e+00 3.759486065790440534e-02
2.200000000000000178e+00 3.447682330515533522e-02
2.299999999999999822e+00 4.050980089066058554e-02
2.399999999999999911e+00 4.176110542161382000e-02
2.500000000000000000e+00 4.357945707145916003e-02
2.600000000000000089e+00 4.591069882243914435e-02
2.700000000000000178e+00 4.021503676435145280e-02
2.799999999999999822e+00 3.823541629405724507e-02
2.899999999999999911e+00 3.704360397971129260e-02
3.000000000000000000e+00 5.625561923697830480e-02
