Bond Length              Energy error (Eh)   
6.999999999999999556e-01 1.181988293447489013e-02
8.000000000000000444e-01 1.196756009663602072e-02
9.000000000000000222e-01 1.521683285832864385e-02
1.000000000000000000e+00 1.383741594565890409e-02
1.100000000000000089e+00 1.527155099780941327e-02
1.199999999999999956e+00 1.238331201653863900e-02
1.300000000000000044e+00 1.652602550174719909e-02
1.399999999999999911e+00 1.673241017194015967e-02
1.500000000000000000e+00 1.922237244097857456e-02
1.600000000000000089e+00 1.898630617394303499e-02
1.699999999999999956e+00 2.199115700699394438e-02
1.800000000000000044e+00 2.291787996379923698e-02
1.899999999999999911e+00 2.348610849986698668e-02
2.000000000000000000e+00 2.674391111756335704e-02
2.100000000000000089e+00 1.992573162050348401e-02
2.200000000000000178e+00 1.924298590472517390e-02
2.299999999999999822e+00 2.260432164349879258e-02
2.399999999999999911e+00 2.989287508819415962e-02
2.500000000000000000e+00 2.863556802415700986e-02
2.600000000000000089e+00 2.415389698769843108e-02
2.700000000000000178e+00 2.701410531685155547e-02
2.799999999999999822e+00 2.928296669993812884e-02
2.899999999999999911e+00 2.411179256667139725e-02
3.000000000000000000e+00 3.041335901380648465e-02
