Bond Length              Energy error (Eh)   
6.999999999999999556e-01 2.722937673172509676e-02
8.000000000000000444e-01 2.217616902200347795e-02
9.000000000000000222e-01 1.874550832015131618e-02
1.000000000000000000e+00 2.213718541733555867e-02
1.100000000000000089e+00 2.507286224393112661e-02
1.199999999999999956e+00 2.446585667412648490e-02
1.300000000000000044e+00 2.310983689292811505e-02
1.399999999999999911e+00 2.578802754226217075e-02
1.500000000000000000e+00 2.763048410569979296e-02
1.600000000000000089e+00 2.672023264636891327e-02
1.699999999999999956e+00 2.905820306676787368e-02
1.800000000000000044e+00 2.863889289479004674e-02
1.899999999999999911e+00 3.351656915953071803e-02
2.000000000000000000e+00 3.171887290628205847e-02
2.100000000000000089e+00 3.295337242164464442e-02
2.200000000000000178e+00 3.308045500277501105e-02
2.299999999999999822e+00 3.294673278654158821e-02
2.399999999999999911e+00 3.408048239646177535e-02
2.500000000000000000e+00 3.991829223429022022e-02
2.600000000000000089e+00 3.796277322906860263e-02
2.700000000000000178e+00 3.802029874786683195e-02
2.799999999999999822e+00 3.695075658522739559e-02
2.899999999999999911e+00 3.603004915754581816e-02
3.000000000000000000e+00 4.630390437942821791e-02
