Bond Length              Energy error (Eh)   
6.999999999999999556e-01 5.299172402644103386e-02
8.000000000000000444e-01 3.929105734181348453e-02
9.000000000000000222e-01 3.357883605778511082e-02
1.000000000000000000e+00 3.435083124691118428e-02
1.100000000000000089e+00 4.899719618303777224e-02
1.199999999999999956e+00 3.495431977559348979e-02
1.300000000000000044e+00 4.804737130000091838e-02
1.399999999999999911e+00 4.699616671739192952e-02
1.500000000000000000e+00 4.875147799452861364e-02
1.600000000000000089e+00 5.333362992520562784e-02
1.699999999999999956e+00 5.542666793017758664e-02
1.800000000000000044e+00 5.089176606070111575e-02
1.899999999999999911e+00 5.737434071696156934e-02
2.000000000000000000e+00 5.815047099650882956e-02
2.100000000000000089e+00 5.917091655516060200e-02
2.200000000000000178e+00 6.073475069503331270e-02
2.299999999999999822e+00 5.237303113615610073e-02
2.399999999999999911e+00 5.822985932856283853e-02
2.500000000000000000e+00 6.480796156590429291e-02
2.600000000000000089e+00 6.869742902630093795e-02
2.700000000000000178e+00 5.827731759023890845e-02
2.799999999999999822e+00 6.045646643445934387e-02
2.899999999999999911e+00 5.968658283732963810e-02
3.000000000000000000e+00 6.447637896451396955e-02
