Bond Length              Energy error (Eh)   
6.999999999999999556e-01 4.521078811023926391e-04
8.000000000000000444e-01 2.105575277980165083e-03
9.000000000000000222e-01 1.398119420684906800e-03
1.000000000000000000e+00 9.104797894536886815e-04
1.100000000000000089e+00 1.396694056751357493e-03
1.199999999999999956e+00 7.800265962174535161e-04
1.300000000000000044e+00 1.232207481905334134e-03
1.399999999999999911e+00 8.300243115826333451e-04
1.500000000000000000e+00 2.566764391787046407e-04
1.600000000000000089e+00 7.352219333398579693e-04
1.699999999999999956e+00 1.246769241021183916e-03
1.800000000000000044e+00 1.041576672520250213e-04
1.899999999999999911e+00 4.368267596248642803e-04
2.000000000000000000e+00 6.793553843920108193e-04
2.100000000000000089e+00 2.939891476074762977e-04
2.200000000000000178e+00 4.587120269405886575e-04
2.299999999999999822e+00 6.927867563604195311e-04
2.399999999999999911e+00 6.983745768991411751e-04
2.500000000000000000e+00 7.934994623326474539e-05
2.600000000000000089e+00 9.170992605334049586e-04
2.700000000000000178e+00 2.067005892271822631e-03
2.799999999999999822e+00 1.532879433483458342e-04
2.899999999999999911e+00 1.558305300378037828e-03
3.000000000000000000e+00 1.303932975318389254e-03
