Bond Length              Energy error (Eh)   
6.999999999999999556e-01 1.504525963204628169e-02
8.000000000000000444e-01 1.987725469740553308e-02
9.000000000000000222e-01 1.978443695708165251e-02
1.000000000000000000e+00 1.722136428843157319e-02
1.100000000000000089e+00 1.391065338451369371e-02
1.199999999999999956e+00 1.778099670276844790e-02
1.300000000000000044e+00 1.750299240050878780e-02
1.399999999999999911e+00 2.268071288943929176e-02
1.500000000000000000e+00 2.135107297372940138e-02
1.600000000000000089e+00 2.124843437550794079e-02
1.699999999999999956e+00 2.861727522517298894e-02
1.800000000000000044e+00 2.595922828055563514e-02
1.899999999999999911e+00 2.415882018858894753e-02
2.000000000000000000e+00 2.662919949547415399e-02
2.100000000000000089e+00 2.809829030294963559e-02
2.200000000000000178e+00 2.335332096485842612e-02
2.299999999999999822e+00 2.499710027315416028e-02
2.399999999999999911e+00 3.098971898840829908e-02
2.500000000000000000e+00 3.213734011430346982e-02
2.600000000000000089e+00 2.801773971209797764e-02
2.700000000000000178e+00 2.641683927231497364e-02
2.799999999999999822e+00 2.940989652213943373e-02
2.899999999999999911e+00 2.959789664875245307e-02
3.000000000000000000e+00 3.615766924981755892e-02
