Bond Length              Energy error (Eh)   
6.999999999999999556e-01 7.596929141300279298e-04
8.000000000000000444e-01 9.139700013065521489e-04
9.000000000000000222e-01 6.050231052086019190e-04
1.000000000000000000e+00 1.004945795656908558e-03
1.100000000000000089e+00 1.551888831443193340e-03
1.199999999999999956e+00 6.723866430746738843e-04
1.300000000000000044e+00 5.345710226691835487e-04
1.399999999999999911e+00 7.438272859303651785e-04
1.500000000000000000e+00 4.079381947974525247e-04
1.600000000000000089e+00 9.851857953435683157e-06
1.699999999999999956e+00 5.228591044073027660e-04
1.800000000000000044e+00 1.324077541084989207e-04
1.899999999999999911e+00 5.608946711390672135e-04
2.000000000000000000e+00 1.092354540418227771e-03
2.100000000000000089e+00 4.165835919138771715e-04
2.200000000000000178e+00 5.674613245076898238e-04
2.299999999999999822e+00 1.767193298718439110e-04
2.399999999999999911e+00 1.482771174224239985e-03
2.500000000000000000e+00 5.358015108640756807e-04
2.600000000000000089e+00 2.120311601601088114e-04
2.700000000000000178e+00 1.928096078529506485e-04
2.799999999999999822e+00 2.782005948915866611e-04
2.899999999999999911e+00 6.893082950085727134e-04
3.000000000000000000e+00 1.984565635652302262e-03
