Bond Length              Energy error (Eh)   
6.999999999999999556e-01 3.376867116102744149e-03
8.000000000000000444e-01 4.027133755556633332e-03
9.000000000000000222e-01 4.148733431961204587e-03
1.000000000000000000e+00 3.722946981667973887e-03
1.100000000000000089e+00 4.122024377110733440e-03
1.199999999999999956e+00 5.140080735557717162e-03
1.300000000000000044e+00 4.703442510546551603e-03
1.399999999999999911e+00 8.744519089503910436e-03
1.500000000000000000e+00 7.339058092014738577e-03
1.600000000000000089e+00 7.928405670213578560e-03
1.699999999999999956e+00 7.321958049374188704e-03
1.800000000000000044e+00 3.691482523564104667e-03
1.899999999999999911e+00 6.179082218864095921e-03
2.000000000000000000e+00 7.349522430359911596e-03
2.100000000000000089e+00 4.849010496826622330e-03
2.200000000000000178e+00 6.178720260606951342e-03
2.299999999999999822e+00 4.035344638495530489e-03
2.399999999999999911e+00 6.555381666487392067e-03
2.500000000000000000e+00 5.752510436877855682e-03
2.600000000000000089e+00 7.040946092402577960e-03
2.700000000000000178e+00 2.571368812056107345e-03
2.799999999999999822e+00 4.231587226655619816e-03
2.899999999999999911e+00 3.873452428848622731e-03
3.000000000000000000e+00 1.098470189052136448e-02
