Bond Length              Energy error (Eh)   
6.999999999999999556e-01 1.786963050949452736e-02
8.000000000000000444e-01 2.268621177191221250e-02
9.000000000000000222e-01 1.474519582491495839e-02
1.000000000000000000e+00 2.184519904477610908e-02
1.100000000000000089e+00 2.439776549292105301e-02
1.199999999999999956e+00 3.149581700603221179e-02
1.300000000000000044e+00 2.296860777170195433e-02
1.399999999999999911e+00 2.140362521441829813e-02
1.500000000000000000e+00 2.552403266163594253e-02
1.600000000000000089e+00 2.586345338221462953e-02
1.699999999999999956e+00 2.879377258710746901e-02
1.800000000000000044e+00 2.814900862381364277e-02
1.899999999999999911e+00 3.329062632526813559e-02
2.000000000000000000e+00 2.626975864966141216e-02
2.100000000000000089e+00 2.708046279474274343e-02
2.200000000000000178e+00 2.972093960859467643e-02
2.299999999999999822e+00 3.828739640786693599e-02
2.399999999999999911e+00 3.508378599060790748e-02
2.500000000000000000e+00 3.583889142736040867e-02
2.600000000000000089e+00 3.802826193587804937e-02
2.700000000000000178e+00 2.931992194235988336e-02
2.799999999999999822e+00 2.974813663011843801e-02
2.899999999999999911e+00 3.299293545669002015e-02
3.000000000000000000e+00 4.001494515638626126e-02
