Bond Length              Energy error (Eh)   
6.999999999999999556e-01 3.319980768026198348e-04
8.000000000000000444e-01 3.873981536344217602e-04
9.000000000000000222e-01 6.166139813785775914e-04
1.000000000000000000e+00 2.684347695947053580e-05
1.100000000000000089e+00 5.551016498230865182e-04
1.199999999999999956e+00 3.882748141705860689e-04
1.300000000000000044e+00 9.338257018782769592e-04
1.399999999999999911e+00 3.235786253128480894e-04
1.500000000000000000e+00 1.782015137479220357e-04
1.600000000000000089e+00 6.321774766320231720e-04
1.699999999999999956e+00 9.433936769198680850e-04
1.800000000000000044e+00 1.070613482923477022e-03
1.899999999999999911e+00 5.389182006751980225e-04
2.000000000000000000e+00 1.537819497912096267e-04
2.100000000000000089e+00 2.142379273948336049e-04
2.200000000000000178e+00 4.422693050969428441e-04
2.299999999999999822e+00 8.576248909406558596e-04
2.399999999999999911e+00 1.067387020157184452e-03
2.500000000000000000e+00 8.666808020336702612e-04
2.600000000000000089e+00 7.612455446945887161e-04
2.700000000000000178e+00 1.066224202673993204e-03
2.799999999999999822e+00 5.025323221019561970e-04
2.899999999999999911e+00 1.000628894303190464e-04
3.000000000000000000e+00 3.668283564181251677e-03
