Bond Length              Energy error (Eh)   
6.999999999999999556e-01 7.638112044132583378e-02
8.000000000000000444e-01 6.338009898749419335e-02
9.000000000000000222e-01 8.134469633327512383e-02
1.000000000000000000e+00 4.782941397049000898e-02
1.100000000000000089e+00 6.659737533688314670e-02
1.199999999999999956e+00 6.811902280733761472e-02
1.300000000000000044e+00 6.887683541140177113e-02
1.399999999999999911e+00 7.062340017517954038e-02
1.500000000000000000e+00 6.525716346337162577e-02
1.600000000000000089e+00 8.210538338073547493e-02
1.699999999999999956e+00 7.752891933643013544e-02
1.800000000000000044e+00 6.933740811712141294e-02
1.899999999999999911e+00 7.998802767058066365e-02
2.000000000000000000e+00 8.270422607967020667e-02
2.100000000000000089e+00 9.157135565476437478e-02
2.200000000000000178e+00 8.864894979384985163e-02
2.299999999999999822e+00 9.145934640574182595e-02
2.399999999999999911e+00 9.514445293029893946e-02
2.500000000000000000e+00 8.076488852640295590e-02
2.600000000000000089e+00 7.718944847255215791e-02
2.700000000000000178e+00 8.831268083166321503e-02
2.799999999999999822e+00 7.760636467314441234e-02
2.899999999999999911e+00 7.884352763424828936e-02
3.000000000000000000e+00 8.398864462751021165e-02
