Bond Length              Energy error (Eh)   

6.999999999999999556e-01 1.792992997744477179e+00
8.000000000000000444e-01 1.513154070933353523e+00
9.000000000000000222e-01 1.142209832577208317e+00
1.000000000000000000e+00 1.321119775660633877e+00
1.100000000000000089e+00 8.852323802791630669e-01
1.199999999999999956e+00 1.327343978376148925e+00
1.300000000000000044e+00 1.683344889136122902e+00
1.399999999999999911e+00 3.594331088007294284e-01
1.500000000000000000e+00 4.998938977299189901e-01
1.600000000000000089e+00 2.113710195026172300e+00
1.699999999999999956e+00 6.629250202549172855e-01
1.800000000000000044e+00 4.894536819870012323e-01
1.899999999999999911e+00 7.311130743891141037e-01
2.000000000000000000e+00 5.642598686940232255e-01
2.100000000000000089e+00 7.883579572273333724e-01
2.200000000000000178e+00 1.746087630024760529e+00
2.299999999999999822e+00 1.766531762576533993e+00
2.399999999999999911e+00 1.872179334424970421e+00
2.500000000000000000e+00 1.695667526556334792e+00
2.600000000000000089e+00 5.969346751701465337e-01
2.700000000000000178e+00 6.304968807282307353e-01
2.799999999999999822e+00 8.974950115659794392e-01
2.899999999999999911e+00 6.604504437904381575e-01
3.000000000000000000e+00 9.377273850120673160e-01
