Bond Length              Energy error (Eh)   
6.999999999999999556e-01 2.744219266932645951e-02
8.000000000000000444e-01 3.526861221027388638e-02
9.000000000000000222e-01 3.589380539382602819e-02
1.000000000000000000e+00 2.934848936621392568e-02
1.100000000000000089e+00 3.412070641802245063e-02
1.199999999999999956e+00 3.008600623203960822e-02
1.300000000000000044e+00 3.473864252373459749e-02
1.399999999999999911e+00 3.647120927547575775e-02
1.500000000000000000e+00 4.434428305953019844e-02
1.600000000000000089e+00 3.458854231170960247e-02
1.699999999999999956e+00 4.859890112614095870e-02
1.800000000000000044e+00 4.734137056713905167e-02
1.899999999999999911e+00 5.162831461844064052e-02
2.000000000000000000e+00 5.044889015780995578e-02
2.100000000000000089e+00 5.705619173912168662e-02
2.200000000000000178e+00 5.088759880095494736e-02
2.299999999999999822e+00 4.779826505543383064e-02
2.399999999999999911e+00 5.264697757885983265e-02
2.500000000000000000e+00 6.153874927321112409e-02
2.600000000000000089e+00 4.710181889223008511e-02
2.700000000000000178e+00 4.733376912854225793e-02
2.799999999999999822e+00 5.424219120705231489e-02
2.899999999999999911e+00 5.339408427235525778e-02
3.000000000000000000e+00 5.355216307775378937e-02
