Bond Length              Energy error (Eh)   
6.999999999999999556e-01 3.831518771409037072e-02
8.000000000000000444e-01 2.434680159375091080e-02
9.000000000000000222e-01 2.418866947488140795e-02
1.000000000000000000e+00 2.884928062340463839e-02
1.100000000000000089e+00 2.719221768855106802e-02
1.199999999999999956e+00 2.704825088413542744e-02
1.300000000000000044e+00 3.370484676037222016e-02
1.399999999999999911e+00 3.479551352701548694e-02
1.500000000000000000e+00 3.609488071508337725e-02
1.600000000000000089e+00 3.086946884198482621e-02
1.699999999999999956e+00 4.635653238416637123e-02
1.800000000000000044e+00 4.112754256621542481e-02
1.899999999999999911e+00 4.589326705630014658e-02
2.000000000000000000e+00 3.533062789986729513e-02
2.100000000000000089e+00 4.090378395387972432e-02
2.200000000000000178e+00 4.375791432445907958e-02
2.299999999999999822e+00 4.481852749640324873e-02
2.399999999999999911e+00 4.403320695362822335e-02
2.500000000000000000e+00 4.466764140090617730e-02
2.600000000000000089e+00 4.897976701199979743e-02
2.700000000000000178e+00 4.150223784469631028e-02
2.799999999999999822e+00 4.201203633157035711e-02
2.899999999999999911e+00 4.735576108168970677e-02
3.000000000000000000e+00 4.790716381421589176e-02
