Bond Length              Energy error (Eh)   
6.999999999999999556e-01 3.002064378406998912e-03
8.000000000000000444e-01 2.084952631079772800e-03
9.000000000000000222e-01 1.598036643997602368e-03
1.000000000000000000e+00 2.079586340187233873e-03
1.100000000000000089e+00 2.341941907005207213e-03
1.199999999999999956e+00 2.678433133368685048e-03
1.300000000000000044e+00 3.623755753068280683e-03
1.399999999999999911e+00 2.374636588029943596e-03
1.500000000000000000e+00 2.783155902733369658e-03
1.600000000000000089e+00 2.950993386889422254e-03
1.699999999999999956e+00 1.980310401165752410e-03
1.800000000000000044e+00 1.670879446109552191e-03
1.899999999999999911e+00 2.831427713090306497e-05
2.000000000000000000e+00 7.251700478434486286e-04
2.100000000000000089e+00 3.126424395532012568e-04
2.200000000000000178e+00 6.146686655483790673e-04
2.299999999999999822e+00 3.686656626484818844e-04
2.399999999999999911e+00 2.660284594213635501e-03
2.500000000000000000e+00 2.085299593971967624e-03
2.600000000000000089e+00 1.369636898957082849e-03
2.700000000000000178e+00 1.161662209895553133e-03
2.799999999999999822e+00 1.448465562191358913e-03
2.899999999999999911e+00 9.282889575814579075e-04
3.000000000000000000e+00 6.694758441000203675e-03
