Bond Length              Energy error (Eh)   
6.999999999999999556e-01 8.024141378655258450e-04
8.000000000000000444e-01 1.470498100189843171e-03
9.000000000000000222e-01 1.348283517586423841e-03
1.000000000000000000e+00 4.412936108053600037e-04
1.100000000000000089e+00 3.341850211597829912e-03
1.199999999999999956e+00 1.599561669038962464e-03
1.300000000000000044e+00 2.877814916033116788e-03
1.399999999999999911e+00 1.838385783301532683e-03
1.500000000000000000e+00 2.450760103016591529e-03
1.600000000000000089e+00 1.188970393329213948e-03
1.699999999999999956e+00 2.080931512907113756e-03
1.800000000000000044e+00 2.758554309423288942e-05
1.899999999999999911e+00 5.856489663358388498e-05
2.000000000000000000e+00 1.574249291650176019e-03
2.100000000000000089e+00 2.527506737948215232e-04
2.200000000000000178e+00 1.276280891460146449e-04
2.299999999999999822e+00 1.867495956275888602e-05
2.399999999999999911e+00 6.809132159446562582e-05
2.500000000000000000e+00 5.422802864814002533e-04
2.600000000000000089e+00 5.417546668695649714e-05
2.700000000000000178e+00 6.336566422646683350e-04
2.799999999999999822e+00 8.654051521688188586e-04
2.899999999999999911e+00 4.819915644134198374e-04
3.000000000000000000e+00 1.945797756789602317e-03
