Bond Length              Energy error (Eh)   
6.999999999999999556e-01 1.167767818611764596e-02
8.000000000000000444e-01 1.306963775871849975e-02
9.000000000000000222e-01 2.003859776615968258e-02
1.000000000000000000e+00 1.955409999459334358e-02
1.100000000000000089e+00 1.658763903675719575e-02
1.199999999999999956e+00 2.125156301140407322e-02
1.300000000000000044e+00 2.254527257430538612e-02
1.399999999999999911e+00 2.385127228252770237e-02
1.500000000000000000e+00 2.760242848137295368e-02
1.600000000000000089e+00 2.458089303937072145e-02
1.699999999999999956e+00 2.504459286309668187e-02
1.800000000000000044e+00 2.885167980744540728e-02
1.899999999999999911e+00 2.731558199856465308e-02
2.000000000000000000e+00 2.570390534587829734e-02
2.100000000000000089e+00 2.258190972338525171e-02
2.200000000000000178e+00 2.894270254465425296e-02
2.299999999999999822e+00 2.643889645307240244e-02
2.399999999999999911e+00 3.478595115539917515e-02
2.500000000000000000e+00 3.047482503626497419e-02
2.600000000000000089e+00 2.865821331720042053e-02
2.700000000000000178e+00 2.687306640180509021e-02
2.799999999999999822e+00 3.403498214144917711e-02
2.899999999999999911e+00 2.901527051555774506e-02
3.000000000000000000e+00 3.960828578983921489e-02
