Bond Length              Energy error (Eh)   
6.999999999999999556e-01 2.192338300375240578e-03
8.000000000000000444e-01 3.307786290051240030e-03
9.000000000000000222e-01 2.254656078378047823e-03
1.000000000000000000e+00 4.493053231769295053e-03
1.100000000000000089e+00 3.498887239175019204e-03
1.199999999999999956e+00 2.872209494242383698e-03
1.300000000000000044e+00 6.527658209137143785e-03
1.399999999999999911e+00 5.730816904332414197e-03
1.500000000000000000e+00 9.540360365619449112e-03
1.600000000000000089e+00 9.121047322494746368e-03
1.699999999999999956e+00 1.032207608395196985e-02
1.800000000000000044e+00 1.080116579606738014e-02
1.899999999999999911e+00 9.893175870843151642e-03
2.000000000000000000e+00 9.101641621555245365e-03
2.100000000000000089e+00 7.076290020066267061e-03
2.200000000000000178e+00 8.057770453632429053e-03
2.299999999999999822e+00 1.083735824981602036e-02
2.399999999999999911e+00 1.373766746684168538e-02
2.500000000000000000e+00 1.464921260766516298e-02
2.600000000000000089e+00 1.201284974503380454e-02
2.700000000000000178e+00 1.064838343161511602e-02
2.799999999999999822e+00 1.125374496051279039e-02
2.899999999999999911e+00 8.234340797102390752e-03
3.000000000000000000e+00 1.768591503130778619e-02
