Bond Length              Energy error (Eh)   
6.999999999999999556e-01 1.509390413161781908e-03
8.000000000000000444e-01 2.145754294616608604e-03
9.000000000000000222e-01 1.714047351498493299e-03
1.000000000000000000e+00 1.511413502001346387e-03
1.100000000000000089e+00 4.091083673785078645e-04
1.199999999999999956e+00 1.183977514685352617e-03
1.300000000000000044e+00 4.898664919608108903e-04
1.399999999999999911e+00 2.134118707175503005e-04
1.500000000000000000e+00 6.916069848159622779e-04
1.600000000000000089e+00 2.226273160914615801e-04
1.699999999999999956e+00 2.004833855977494750e-04
1.800000000000000044e+00 2.036396724349742726e-04
1.899999999999999911e+00 6.407848368468194167e-04
2.000000000000000000e+00 2.316817981551366756e-04
2.100000000000000089e+00 4.087125993805784674e-04
2.200000000000000178e+00 3.777974557408469991e-04
2.299999999999999822e+00 8.332228172349687156e-04
2.399999999999999911e+00 1.048024978331341117e-03
2.500000000000000000e+00 4.932194014344304378e-04
2.600000000000000089e+00 2.671891626278011245e-04
2.700000000000000178e+00 9.131993594735376973e-05
2.799999999999999822e+00 4.989044207803772224e-04
2.899999999999999911e+00 7.265100911553190599e-04
3.000000000000000000e+00 1.503699279226111685e-03
