Bond Length              Energy error (Eh)   
6.999999999999999556e-01 1.482070069471319584e-03
8.000000000000000444e-01 1.769108619825487949e-03
9.000000000000000222e-01 9.346227439550602867e-04
1.000000000000000000e+00 1.574489629803110802e-03
1.100000000000000089e+00 6.025783234520076803e-04
1.199999999999999956e+00 9.116672262905467505e-04
1.300000000000000044e+00 2.585359383715513104e-04
1.399999999999999911e+00 2.284206665592591889e-04
1.500000000000000000e+00 1.466991175945508985e-03
1.600000000000000089e+00 7.916916220551684091e-04
1.699999999999999956e+00 1.301755695223505427e-03
1.800000000000000044e+00 9.856876941682912729e-05
1.899999999999999911e+00 4.746957882844071719e-04
2.000000000000000000e+00 2.782467655180198562e-04
2.100000000000000089e+00 4.579465208820465705e-04
2.200000000000000178e+00 4.888121380872689770e-04
2.299999999999999822e+00 3.878930509699785034e-04
2.399999999999999911e+00 1.351680302832392044e-03
2.500000000000000000e+00 5.765478412627089710e-04
2.600000000000000089e+00 7.738953457021580107e-04
2.700000000000000178e+00 1.674100321139349035e-03
2.799999999999999822e+00 1.705244567332897532e-03
2.899999999999999911e+00 4.628887194826347695e-04
3.000000000000000000e+00 1.846487484826297987e-03
