Bond Length              Energy error (Eh)   
6.999999999999999556e-01 5.353643313554812266e-04
8.000000000000000444e-01 4.179844899283580162e-04
9.000000000000000222e-01 1.850479986842401559e-05
1.000000000000000000e+00 5.473257417634158628e-04
1.100000000000000089e+00 2.180535453348397823e-03
1.199999999999999956e+00 5.944989587050031332e-04
1.300000000000000044e+00 1.952959655085351187e-03
1.399999999999999911e+00 2.560131644671059803e-03
1.500000000000000000e+00 3.890745816946150626e-03
1.600000000000000089e+00 2.495960050950429832e-03
1.699999999999999956e+00 3.991323917773570429e-03
1.800000000000000044e+00 3.059794275017679865e-03
1.899999999999999911e+00 3.528918878700437745e-03
2.000000000000000000e+00 2.078684095863536641e-03
2.100000000000000089e+00 3.844595754841861890e-03
2.200000000000000178e+00 1.821602031100155727e-03
2.299999999999999822e+00 1.516484174999277457e-03
2.399999999999999911e+00 5.984966706790828539e-03
2.500000000000000000e+00 4.738775477179046902e-03
2.600000000000000089e+00 4.666278278364188736e-03
2.700000000000000178e+00 1.476079595079227147e-03
2.799999999999999822e+00 4.976560200177004845e-03
2.899999999999999911e+00 3.885020852990805906e-03
3.000000000000000000e+00 7.850105954162245325e-03
