Bond Length              Energy error (Eh)   
6.999999999999999556e-01 4.269513618453402160e-04
8.000000000000000444e-01 5.233976297915887699e-04
9.000000000000000222e-01 1.216249384583534265e-03
1.000000000000000000e+00 2.191590769683671169e-03
1.100000000000000089e+00 2.629169285711441262e-03
1.199999999999999956e+00 1.987116560513868535e-03
1.300000000000000044e+00 3.411461834417650607e-03
1.399999999999999911e+00 3.692382635193780516e-03
1.500000000000000000e+00 5.997061105944112569e-03
1.600000000000000089e+00 4.573605638924505001e-03
1.699999999999999956e+00 5.521527590644836891e-03
1.800000000000000044e+00 5.832809817292172738e-03
1.899999999999999911e+00 7.170504144426104176e-03
2.000000000000000000e+00 6.474565799607034933e-03
2.100000000000000089e+00 3.901045296814231733e-03
2.200000000000000178e+00 4.655698253856144220e-03
2.299999999999999822e+00 4.704312378379427173e-03
2.399999999999999911e+00 1.034854676800023299e-02
2.500000000000000000e+00 7.311920154137396821e-03
2.600000000000000089e+00 6.598916604175997236e-03
2.700000000000000178e+00 7.580969105120516360e-03
2.799999999999999822e+00 1.014544461014565968e-02
2.899999999999999911e+00 6.716038135195390169e-03
3.000000000000000000e+00 1.120850359197334001e-02
