Bond Length              Energy error (Eh)   
6.999999999999999556e-01 7.568207340682420181e-04
8.000000000000000444e-01 1.392491119077021722e-03
9.000000000000000222e-01 1.478349564251857373e-03
1.000000000000000000e+00 1.340561725015732009e-03
1.100000000000000089e+00 6.877301091350318529e-04
1.199999999999999956e+00 2.009002441099028147e-04
1.300000000000000044e+00 9.271529668239963939e-04
1.399999999999999911e+00 3.242698925447484726e-04
1.500000000000000000e+00 1.728500595277182583e-03
1.600000000000000089e+00 1.208744326433475180e-03
1.699999999999999956e+00 5.811627906808780608e-04
1.800000000000000044e+00 1.596944410664491443e-03
1.899999999999999911e+00 6.788544352929193337e-04
2.000000000000000000e+00 1.157688929822597856e-04
2.100000000000000089e+00 2.720488827065992155e-04
2.200000000000000178e+00 3.888028196570303407e-04
2.299999999999999822e+00 7.036077634410276005e-04
2.399999999999999911e+00 1.645409354892990450e-03
2.500000000000000000e+00 1.720486566767931436e-03
2.600000000000000089e+00 6.067301132475222403e-04
2.700000000000000178e+00 9.429770574769236191e-04
2.799999999999999822e+00 1.588024834546786224e-04
2.899999999999999911e+00 1.440284821399018256e-04
3.000000000000000000e+00 5.476060676429028717e-03
