Bond Length              Energy error (Eh)   
6.999999999999999556e-01 2.185528450027618419e-03
8.000000000000000444e-01 1.251020690972381999e-03
9.000000000000000222e-01 3.048176645734201884e-03
1.000000000000000000e+00 3.746084906737223719e-03
1.100000000000000089e+00 3.301988487947937756e-03
1.199999999999999956e+00 3.840871979278404069e-03
1.300000000000000044e+00 6.897667597002055118e-03
1.399999999999999911e+00 7.483844729961219855e-03
1.500000000000000000e+00 9.129964589078554127e-03
1.600000000000000089e+00 9.635890380280898171e-03
1.699999999999999956e+00 1.275236125096057549e-02
1.800000000000000044e+00 1.017648076575028426e-02
1.899999999999999911e+00 1.022539435918190520e-02
2.000000000000000000e+00 8.108804190300133996e-03
2.100000000000000089e+00 1.125313734588928583e-02
2.200000000000000178e+00 1.029483526521346448e-02
2.299999999999999822e+00 9.773698311533962624e-03
2.399999999999999911e+00 1.313830361442569483e-02
2.500000000000000000e+00 1.043185527046830430e-02
2.600000000000000089e+00 8.210224811307398340e-03
2.700000000000000178e+00 1.102238052256154788e-02
2.799999999999999822e+00 8.321837169347645613e-03
2.899999999999999911e+00 1.441419560205758899e-02
3.000000000000000000e+00 1.443330647866503114e-02
