Bond Length              Energy error (Eh)   
6.999999999999999556e-01 1.966851671852509753e-03
8.000000000000000444e-01 1.365142718597667226e-03
9.000000000000000222e-01 1.187054434979017969e-03
1.000000000000000000e+00 2.233109228541252378e-03
1.100000000000000089e+00 4.811071595398175305e-03
1.199999999999999956e+00 2.842016242198042164e-03
1.300000000000000044e+00 4.181864635000920316e-03
1.399999999999999911e+00 5.680352536188593149e-03
1.500000000000000000e+00 8.749863014514858151e-03
1.600000000000000089e+00 7.263831002859433283e-03
1.699999999999999956e+00 7.641977259197574313e-03
1.800000000000000044e+00 7.284615279090189688e-03
1.899999999999999911e+00 8.880710752421805410e-03
2.000000000000000000e+00 6.729107200399653266e-03
2.100000000000000089e+00 7.959876860994086201e-03
2.200000000000000178e+00 2.536069467652168896e-03
2.299999999999999822e+00 7.036825781867150909e-03
2.399999999999999911e+00 1.127956231322002623e-02
2.500000000000000000e+00 9.945067827089815182e-03
2.600000000000000089e+00 9.791178934847266646e-03
2.700000000000000178e+00 1.160708889121053744e-02
2.799999999999999822e+00 1.037584583202999511e-02
2.899999999999999911e+00 8.893823361290742469e-03
3.000000000000000000e+00 1.470117173434459801e-02
