Bond Length              Energy error (Eh)   
6.999999999999999556e-01 1.290455568295101330e-03
8.000000000000000444e-01 1.592757745612516374e-03
9.000000000000000222e-01 1.561500255547798588e-03
1.000000000000000000e+00 1.660167613380281182e-03
1.100000000000000089e+00 1.004495836340879578e-03
1.199999999999999956e+00 1.245497731176214984e-03
1.300000000000000044e+00 4.439637318398581556e-05
1.399999999999999911e+00 1.543965930181911972e-04
1.500000000000000000e+00 7.554381327707915261e-04
1.600000000000000089e+00 4.534902331982948454e-04
1.699999999999999956e+00 7.883088970856988453e-04
1.800000000000000044e+00 5.113696875014284160e-04
1.899999999999999911e+00 8.663539048541224474e-04
2.000000000000000000e+00 6.871705118527415834e-04
2.100000000000000089e+00 1.850671043698071117e-03
2.200000000000000178e+00 1.371729832584378528e-04
2.299999999999999822e+00 1.913309151291286980e-05
2.399999999999999911e+00 1.656117767083742365e-03
2.500000000000000000e+00 2.112887580096867168e-05
2.600000000000000089e+00 2.679108078496028611e-06
2.700000000000000178e+00 1.369349833836963626e-03
2.799999999999999822e+00 2.158268105048932739e-03
2.899999999999999911e+00 6.373996228603573400e-07
3.000000000000000000e+00 3.037417451579926819e-03
