Bond Length              Energy error (Eh)   
6.999999999999999556e-01 1.132492491507264276e-03
8.000000000000000444e-01 1.412825473494194739e-03
9.000000000000000222e-01 8.842401144448785999e-04
1.000000000000000000e+00 3.754225729011295698e-04
1.100000000000000089e+00 1.744500379032842829e-04
1.199999999999999956e+00 5.301656596401471688e-04
1.300000000000000044e+00 2.148219501663106712e-04
1.399999999999999911e+00 7.139836543927913226e-04
1.500000000000000000e+00 1.671692214671338661e-03
1.600000000000000089e+00 3.488437153293943993e-04
1.699999999999999956e+00 1.796831283769506626e-03
1.800000000000000044e+00 4.344374960112418194e-04
1.899999999999999911e+00 9.729674854241920912e-04
2.000000000000000000e+00 1.695866592754669000e-03
2.100000000000000089e+00 3.317210969555617339e-04
2.200000000000000178e+00 3.986876888717461043e-03
2.299999999999999822e+00 1.094423999546734194e-03
2.399999999999999911e+00 3.232025322475351459e-03
2.500000000000000000e+00 1.189329483054279990e-03
2.600000000000000089e+00 1.718848699781005962e-03
2.700000000000000178e+00 9.290646140698299860e-04
2.799999999999999822e+00 1.803554499062443028e-03
2.899999999999999911e+00 7.580272692848666338e-04
3.000000000000000000e+00 1.900925480072146456e-03
