Bond Length              Energy error (Eh)   
6.999999999999999556e-01 4.308627890722505072e-03
8.000000000000000444e-01 6.194977295564285669e-03
9.000000000000000222e-01 3.753412973281911036e-03
1.000000000000000000e+00 6.619100630814500619e-03
1.100000000000000089e+00 6.905361464646375680e-03
1.199999999999999956e+00 1.124521188414462358e-02
1.300000000000000044e+00 1.320816767420751603e-02
1.399999999999999911e+00 1.783878274795824836e-02
1.500000000000000000e+00 1.866890396277653963e-02
1.600000000000000089e+00 2.494486462495615342e-02
1.699999999999999956e+00 2.395006779266850572e-02
1.800000000000000044e+00 3.415760221592734069e-02
1.899999999999999911e+00 2.446321930732153760e-02
2.000000000000000000e+00 3.819029372135673839e-02
2.100000000000000089e+00 2.482254290495689020e-02
2.200000000000000178e+00 2.847721561164462400e-02
2.299999999999999822e+00 4.132232317468265137e-02
2.399999999999999911e+00 3.160772001253064900e-02
2.500000000000000000e+00 2.300855096684983891e-02
2.600000000000000089e+00 3.109333118426604869e-02
2.700000000000000178e+00 2.081422390477882800e-02
2.799999999999999822e+00 2.247265615262961092e-02
2.899999999999999911e+00 1.992577505458825726e-02
3.000000000000000000e+00 2.344692506846968172e-02
