Bond Length              Energy error (Eh)   
6.999999999999999556e-01 9.728103318593639415e-04
8.000000000000000444e-01 5.211458561120707600e-04
9.000000000000000222e-01 9.738811418174009304e-04
1.000000000000000000e+00 7.045256099615926360e-04
1.100000000000000089e+00 1.210395864319480097e-03
1.199999999999999956e+00 3.992367867198254316e-04
1.300000000000000044e+00 7.360835386975850270e-04
1.399999999999999911e+00 2.372510687507656257e-03
1.500000000000000000e+00 2.664320670277220415e-03
1.600000000000000089e+00 2.728195476066730407e-03
1.699999999999999956e+00 3.677507654586520403e-03
1.800000000000000044e+00 3.937537821343539690e-04
1.899999999999999911e+00 3.277574474225275480e-03
2.000000000000000000e+00 1.910790530970984946e-03
2.100000000000000089e+00 3.029765664180672502e-03
2.200000000000000178e+00 2.440889468658724581e-03
2.299999999999999822e+00 2.410942702724128139e-03
2.399999999999999911e+00 2.933737977500072702e-03
2.500000000000000000e+00 3.441095318748921272e-03
2.600000000000000089e+00 2.378372278357687719e-03
2.700000000000000178e+00 9.439320552928620600e-05
2.799999999999999822e+00 1.116971242993258784e-03
2.899999999999999911e+00 1.648770907777930006e-03
3.000000000000000000e+00 4.745005001339563933e-03
