Bond Length              Energy error (Eh)   
6.999999999999999556e-01 1.763521969493808683e-03
8.000000000000000444e-01 4.425073000845713977e-03
9.000000000000000222e-01 6.072631312960652394e-03
1.000000000000000000e+00 5.404340938454765819e-03
1.100000000000000089e+00 9.765930098822650507e-03
1.199999999999999956e+00 8.722039263332703740e-03
1.300000000000000044e+00 1.147035754345893110e-02
1.399999999999999911e+00 1.139301648964874403e-02
1.500000000000000000e+00 1.081079335762069604e-02
1.600000000000000089e+00 1.228592713354714760e-02
1.699999999999999956e+00 1.322594966049450704e-02
1.800000000000000044e+00 1.659313775499526855e-02
1.899999999999999911e+00 1.705438767746159101e-02
2.000000000000000000e+00 1.797948765970147633e-02
2.100000000000000089e+00 1.285906653724566695e-02
2.200000000000000178e+00 1.295004243893060902e-02
2.299999999999999822e+00 1.813666887801446137e-02
2.399999999999999911e+00 2.097281239180404100e-02
2.500000000000000000e+00 1.655681973201694746e-02
2.600000000000000089e+00 1.289780248370675508e-02
2.700000000000000178e+00 1.515208431378312071e-02
2.799999999999999822e+00 2.168833052053287247e-02
2.899999999999999911e+00 1.817191968260090107e-02
3.000000000000000000e+00 1.770556313260840398e-02
