Bond Length              Energy error (Eh)   
6.999999999999999556e-01 1.654420524232591561e-03
8.000000000000000444e-01 1.046993777578109075e-03
9.000000000000000222e-01 1.100637140240223744e-03
1.000000000000000000e+00 1.343135411971729809e-03
1.100000000000000089e+00 3.423316897652739499e-04
1.199999999999999956e+00 1.187570077618715914e-03
1.300000000000000044e+00 1.742904433115199936e-04
1.399999999999999911e+00 1.410853485310781252e-04
1.500000000000000000e+00 3.352561508336293628e-04
1.600000000000000089e+00 5.106901984248679582e-04
1.699999999999999956e+00 1.208241079908134452e-03
1.800000000000000044e+00 1.349134603856327885e-05
1.899999999999999911e+00 1.373008882993076440e-03
2.000000000000000000e+00 2.811245926324090760e-04
2.100000000000000089e+00 3.007142108657490098e-04
2.200000000000000178e+00 8.382676315221715413e-04
2.299999999999999822e+00 8.832659808888365660e-05
2.399999999999999911e+00 5.152015289837663659e-04
2.500000000000000000e+00 6.929267307498321316e-04
2.600000000000000089e+00 6.315588454697262932e-04
2.700000000000000178e+00 2.338297884165285723e-03
2.799999999999999822e+00 2.013454999996611150e-03
2.899999999999999911e+00 2.013188521203801429e-03
3.000000000000000000e+00 6.545175038041861626e-04
