Bond Length              Energy error (Eh)   
6.999999999999999556e-01 2.353243403589999616e-03
8.000000000000000444e-01 3.282996054821296639e-03
9.000000000000000222e-01 1.896936958758033143e-03
1.000000000000000000e+00 2.255252990906342347e-03
1.100000000000000089e+00 7.641436839321613661e-03
1.199999999999999956e+00 5.475929984910976600e-03
1.300000000000000044e+00 7.964637319716416641e-03
1.399999999999999911e+00 9.356462243445662352e-03
1.500000000000000000e+00 9.557424062791142205e-03
1.600000000000000089e+00 8.760192541004130362e-03
1.699999999999999956e+00 1.112714162819372632e-02
1.800000000000000044e+00 1.234245073652573410e-02
1.899999999999999911e+00 1.366985162805178788e-02
2.000000000000000000e+00 1.268339918378558195e-02
2.100000000000000089e+00 1.452489032190840135e-02
2.200000000000000178e+00 1.228439993768404292e-02
2.299999999999999822e+00 1.231383453125545202e-02
2.399999999999999911e+00 1.366064408590261792e-02
2.500000000000000000e+00 1.486743495131293002e-02
2.600000000000000089e+00 1.222707649394294549e-02
2.700000000000000178e+00 1.130593947625868623e-02
2.799999999999999822e+00 1.680593176163824864e-02
2.899999999999999911e+00 1.693482999669981837e-02
3.000000000000000000e+00 2.121846471024468883e-02
