Bond Length              Energy error (Eh)   
6.999999999999999556e-01 2.836799832266478916e-04
8.000000000000000444e-01 7.518639237673596654e-04
9.000000000000000222e-01 3.763375337086927175e-04
1.000000000000000000e+00 3.398468487063155408e-03
1.100000000000000089e+00 2.438558233279763954e-03
1.199999999999999956e+00 1.924030005127974619e-03
1.300000000000000044e+00 5.950221783351139493e-03
1.399999999999999911e+00 6.171677206594949894e-03
1.500000000000000000e+00 5.995387489676318182e-03
1.600000000000000089e+00 7.576340400902381589e-03
1.699999999999999956e+00 7.694324975545896450e-03
1.800000000000000044e+00 9.042816383384888468e-03
1.899999999999999911e+00 8.063471511704278782e-03
2.000000000000000000e+00 5.377786161304243251e-03
2.100000000000000089e+00 5.685625366439239770e-03
2.200000000000000178e+00 7.801519945815016399e-03
2.299999999999999822e+00 6.864172558891823428e-03
2.399999999999999911e+00 1.190394282245677005e-02
2.500000000000000000e+00 9.240609496032448078e-03
2.600000000000000089e+00 7.988552318181518785e-03
2.700000000000000178e+00 6.187268699051173826e-03
2.799999999999999822e+00 8.440285681388104422e-03
2.899999999999999911e+00 8.279980178116375100e-03
3.000000000000000000e+00 1.376899701160994027e-02
