Bond Length              Energy error (Eh)   
6.999999999999999556e-01 4.370233053776928500e-03
8.000000000000000444e-01 3.880496055842286296e-03
9.000000000000000222e-01 8.301649336885930097e-04
1.000000000000000000e+00 3.813680328107693640e-03
1.100000000000000089e+00 4.311971640376555115e-03
1.199999999999999956e+00 6.419385804136368279e-03
1.300000000000000044e+00 7.040110170535740508e-03
1.399999999999999911e+00 7.562911107214631556e-03
1.500000000000000000e+00 8.266264715331317348e-03
1.600000000000000089e+00 7.481918966149692096e-03
1.699999999999999956e+00 1.150483965255943986e-02
1.800000000000000044e+00 1.049636262220587923e-02
1.899999999999999911e+00 1.280353042361070948e-02
2.000000000000000000e+00 1.046211562658072580e-02
2.100000000000000089e+00 1.180853566253858844e-02
2.200000000000000178e+00 1.080481998477011985e-02
2.299999999999999822e+00 1.174223390945883239e-02
2.399999999999999911e+00 1.417920762025914883e-02
2.500000000000000000e+00 1.824226432461273362e-02
2.600000000000000089e+00 1.349344021377874014e-02
2.700000000000000178e+00 1.331769706774821316e-02
2.799999999999999822e+00 1.719766847971015977e-02
2.899999999999999911e+00 1.351430499387618056e-02
3.000000000000000000e+00 1.602499402176249532e-02
