Bond Length              Energy error (Eh)   
6.999999999999999556e-01 1.201760925511052847e-03
8.000000000000000444e-01 1.608907007522475396e-03
9.000000000000000222e-01 2.212625696657255503e-03
1.000000000000000000e+00 1.599686359767815702e-03
1.100000000000000089e+00 2.796871146657053941e-03
1.199999999999999956e+00 2.490235510194338531e-03
1.300000000000000044e+00 3.787160996807870106e-03
1.399999999999999911e+00 4.410553830098251638e-03
1.500000000000000000e+00 4.958407973077783026e-03
1.600000000000000089e+00 4.807433078724443476e-03
1.699999999999999956e+00 8.200354545607524415e-03
1.800000000000000044e+00 7.088839392977774878e-03
1.899999999999999911e+00 6.401730311395681383e-03
2.000000000000000000e+00 7.265525513034276628e-03
2.100000000000000089e+00 6.884250801178382062e-03
2.200000000000000178e+00 5.877559645810492839e-03
2.299999999999999822e+00 6.309675068621345417e-03
2.399999999999999911e+00 9.564079804718517153e-03
2.500000000000000000e+00 9.893366736378084170e-03
2.600000000000000089e+00 1.063309615983598633e-02
2.700000000000000178e+00 9.573083631735812560e-03
2.799999999999999822e+00 1.005199454553462601e-02
2.899999999999999911e+00 8.972463580562362040e-03
3.000000000000000000e+00 1.385668482291180226e-02
