Bond Length              Energy error (Eh)   
6.999999999999999556e-01 1.032526292547686353e-03
8.000000000000000444e-01 1.998549753182032873e-03
9.000000000000000222e-01 7.502836407837776278e-04
1.000000000000000000e+00 2.996890939513718877e-03
1.100000000000000089e+00 3.093310431452778175e-03
1.199999999999999956e+00 4.683747107506519569e-03
1.300000000000000044e+00 5.254649099867947371e-03
1.399999999999999911e+00 5.465970724060298380e-03
1.500000000000000000e+00 7.323277450922205389e-03
1.600000000000000089e+00 6.844960161643598440e-03
1.699999999999999956e+00 7.981222948785671178e-03
1.800000000000000044e+00 9.148624074924782690e-03
1.899999999999999911e+00 9.388818815608601653e-03
2.000000000000000000e+00 6.691343491667112175e-03
2.100000000000000089e+00 4.993863538956588854e-03
2.200000000000000178e+00 7.352297218076842000e-03
2.299999999999999822e+00 9.409522632040534518e-03
2.399999999999999911e+00 1.308084253847141554e-02
2.500000000000000000e+00 1.319233398461960860e-02
2.600000000000000089e+00 1.243410355874630113e-02
2.700000000000000178e+00 1.074828315674380974e-02
2.799999999999999822e+00 9.702239979262117231e-03
2.899999999999999911e+00 1.023296931657569075e-02
3.000000000000000000e+00 1.269311588177401973e-02
