 &FCI NORB=  16,NELEC=10,MS2=0,
  ORBSYM=1,1,1,1,1,1,1,1,1,1,1,1,1,1,1,1
  ISYM=1,
 &END
 0.5615128701681917    1    1    1    1
 0.1519826567976359    2    1    2    1
 0.4866783075209797    2    2    1    1
 0.496998405767146    2    2    2    2
 -0.07511715547731014    3    1    1    1
 0.002993842608949983    3    1    2    2
 0.0726858532486606    3    1    3    1
 0.104384383333384    3    2    2    1
 0.1297139274382598    3    2    3    2
 0.4905518085694092    3    3    1    1
 0.4915088532151078    3    3    2    2
 -0.008915520499650761    3    3    3    1
 0.5120254451079748    3    3    3    3
 0.07467872437330884    4    1    4    1
 0.05660488298695219    4    2    4    2
 0.005700956839089814    4    3    4    1
 0.02049922956425965    4    3    4    3
 0.4878357553644283    4    4    1    1
 0.457567731964585    4    4    2    2
 -0.03120898337250994    4    4    3    1
 0.4457037882094335    4    4    3    3
 0.4686096914167606    4    4    4    4
 0.07467872437330884    5    1    5    1
 0.05660488298695219    5    2    5    2
 0.005700956839089813    5    3    5    1
 0.02049922956425965    5    3    5    3
 0.01724999522975774    5    4    5    4
 0.4878357553644283    5    5    1    1
 0.457567731964585    5    5    2    2
 -0.03120898337250992    5    5    3    1
 0.4457037882094335    5    5    3    3
 0.4341097009572452    5    5    4    4
 0.4686096914167606    5    5    5    5
 -0.05370487061885607    6    1    5    2
 0.05308172822070161    6    1    6    1
 -0.07010905686370557    6    2    5    1
 -0.01871483119283463    6    2    5    3
 0.07523839238036489    6    2    6    2
 -0.02354995706756152    6    3    5    2
 0.01713399035431212    6    3    6    1
 0.02267856394225655    6    3    6    3
 0.01571032699120524    6    4    6    4
 -0.1584460933040484    6    5    2    1
 -0.1078849601731899    6    5    3    2
 0.1865715247959959    6    5    6    5
 0.483775716660676    6    6    1    1
 0.4690709595740363    6    6    2    2
 -0.01767659072282365    6    6    3    1
 0.4539922552627484    6    6    3    3
 0.4359876951964432    6    6    4    4
 0.4706381017754006    6    6    5    5
 0.4789828267417844    6    6    6    6
 -0.05370487061885609    7    1    4    2
 0.05308172822070167    7    1    7    1
 -0.0701090568637056    7    2    4    1
 -0.01871483119283464    7    2    4    3
 0.07523839238036495    7    2    7    2
 -0.02354995706756152    7    3    4    2
 0.01713399035431212    7    3    7    1
 0.02267856394225656    7    3    7    3
 -0.1584460933040484    7    4    2    1
 -0.10788496017319    7    4    3    2
 0.1551508708135855    7    4    6    5
 0.1865715247959961    7    4    7    4
 0.01571032699120524    7    5    6    4
 0.01571032699120525    7    5    7    5
 0.01732520328947872    7    6    5    4
 0.01843762546918152    7    6    7    6
 0.4837757166606764    7    7    1    1
 0.4690709595740366    7    7    2    2
 -0.01767659072282367    7    7    3    1
 0.4539922552627487    7    7    3    3
 0.4706381017754009    7    7    4    4
 0.4359876951964435    7    7    5    5
 0.4421075758034217    7    7    6    6
 0.4789828267417849    7    7    7    7
 -0.06512349890132621    8    1    2    1
 0.008027466907711108    8    1    3    2
 0.06584550391462034    8    1    6    5
 0.06584550391462039    8    1    7    4
 0.07924955957904771    8    1    8    1
 -0.07835563990182438    8    2    1    1
 -0.01288153343093084    8    2    2    2
 0.05957982194524434    8    2    3    1
 -0.005203830987197781    8    2    3    3
 -0.04679602782049345    8    2    4    4
 -0.04679602782049346    8    2    5    5
 -0.03780455572763756    8    2    6    6
 -0.03780455572763761    8    2    7    7
 0.06311588881387965    8    2    8    2
 0.1364828702942879    8    3    2    1
 0.1087396136308305    8    3    3    2
 -0.135110129038609    8    3    6    5
 -0.1351101290386091    8    3    7    4
 -0.05290731429481542    8    3    8    1
 0.1494705557698035    8    3    8    3
 -0.01522434054441657    8    4    4    2
 0.02031292318312678    8    4    7    1
 -0.00822382082205335    8    4    7    3
 0.02059429206580633    8    4    8    4
 -0.01522434054441657    8    5    5    2
 0.02031292318312676    8    5    6    1
 -0.008223820822053347    8    5    6    3
 0.02059429206580633    8    5    8    5
 0.02815215904937218    8    6    5    1
 -0.0119572461953641    8    6    5    3
 -0.01823410381867388    8    6    6    2
 0.02383579046346301    8    6    8    6
 0.02815215904937221    8    7    4    1
 -0.0119572461953641    8    7    4    3
 -0.01823410381867393    8    7    7    2
 0.02383579046346304    8    7    8    7
 0.526601853067719    8    8    1    1
 0.4776874350087679    8    8    2    2
 -0.05497256960662818    8    8    3    1
 0.4944661419117242    8    8    3    3
 0.4591786586214669    8    8    4    4
 0.4591786586214669    8    8    5    5
 0.4612873108510839    8    8    6    6
 0.4612873108510842    8    8    7    7
 -0.05296673686940642    8    8    8    2
 0.5244053011574655    8    8    8    8
 0.003565065737487397    9    1    2    1
 0.02234551968991533    9    1    3    2
 -0.004875321733012021    9    1    6    5
 -0.004875321733012015    9    1    7    4
 0.01909862753515979    9    1    8    1
 -0.001994616757116089    9    1    8    3
 0.01510215304250837    9    1    9    1
 0.03966686477192285    9    2    1    1
 0.06498780337838793    9    2    2    2
 0.02160082513369851    9    2    3    1
 0.06101643084982325    9    2    3    3
 0.04468277062963246    9    2    4    4
 0.04468277062963247    9    2    5    5
 0.05029371055887899    9    2    6    6
 0.05029371055887906    9    2    7    7
 0.01344102445220762    9    2    8    2
 0.03772451422884658    9    2    8    8
 0.03720879908137822    9    2    9    2
 0.07339193771333496    9    3    2    1
 0.05119286018732882    9    3    3    2
 -0.0707536094764757    9    3    6    5
 -0.07075360947647574    9    3    7    4
 -0.03676859097265948    9    3    8    1
 0.07022531985591146    9    3    8    3
 0.01029339950465972    9    3    9    1
 0.07548718549471566    9    3    9    3
 0.006593158033667019    9    4    4    2
 -0.004287887663586716    9    4    7    1
 -0.00690331844836709    9    4    7    3
 0.002504360401351431    9    4    8    4
 0.008048249208505791    9    4    9    4
 0.006593158033667015    9    5    5    2
 -0.004287887663586709    9    5    6    1
 -0.006903318448367079    9    5    6    3
 0.002504360401351434    9    5    8    5
 0.008048249208505791    9    5    9    5
 -0.002689123941400822    9    6    5    1
 -0.006886149449670123    9    6    5    3
 0.006841570073374722    9    6    6    2
 0.002621378573928522    9    6    8    6
 0.01031571646617481    9    6    9    6
 -0.002689123941400847    9    7    4    1
 -0.006886149449670146    9    7    4    3
 0.006841570073374771    9    7    7    2
 0.002621378573928538    9    7    8    7
 0.01031571646617481    9    7    9    7
 0.1197523639174335    9    8    1    1
 0.09353048830788428    9    8    2    2
 -0.02919853490772823    9    8    3    1
 0.1001328826576934    9    8    3    3
 0.08928515482640674    9    8    4    4
 0.08928515482640673    9    8    5    5
 0.08901622177247089    9    8    6    6
 0.08901622177247112    9    8    7    7
 -0.03074452101468953    9    8    8    2
 0.1125988647105207    9    8    8    8
 0.02989135857551817    9    8    9    2
 0.07215702235151683    9    8    9    8
 0.3863748165895978    9    9    1    1
 0.4078135352898106    9    9    2    2
 0.01197446086611432    9    9    3    1
 0.4214022633909877    9    9    3    3
 0.3665470808743929    9    9    4    4
 0.3665470808743928    9    9    5    5
 0.3780761093979087    9    9    6    6
 0.378076109397909    9    9    7    7
 0.01173745375824495    9    9    8    2
 0.4068356247319243    9    9    8    8
 0.04097051333395384    9    9    9    2
 0.05488438462162627    9    9    9    8
 0.3875819469562015    9    9    9    9
 0.01772325596188586   10    1    4    1
 0.005332230864211631   10    1    4    3
 -0.02153886422412869   10    1    7    2
 0.00898355926269833   10    1    8    7
 -0.005979154844812699   10    1    9    7
 0.02050722174971788   10    1   10    1
 0.02684117701979357   10    2    4    2
 -0.025764342243044   10    2    7    1
 -0.01025315478144263   10    2    7    3
 -0.008701722478064141   10    2    8    4
 0.008260319634187654   10    2    9    4
 0.02277085103271726   10    2   10    2
 0.008934612272038516   10    3    4    1
 0.007816386427037143   10    3    4    3
 -0.01229098122676287   10    3    7    2
 -0.002590553589703507   10    3    8    7
 -0.008971315613076946   10    3    9    7
 0.003678756650938208   10    3   10    1
 0.009724367394508203   10    3   10    3
 0.09624737341584219   10    4    1    1
 0.1000525507182921   10    4    2    2
 -0.0007314579777679443   10    4    3    1
 0.09406982861649323   10    4    3    3
 0.08532881167014773   10    4    4    4
 0.07934979319424118   10    4    5    5
 0.08704550065827274   10    4    6    6
 0.09660073328301541   10    4    7    7
 -0.01276332413760039   10    4    8    2
 0.09819590944549539   10    4    8    8
 0.02975755620315738   10    4    9    2
 0.04621556225090125   10    4    9    8
 0.07068044056191314   10    4    9    9
 0.07153174416009424   10    4   10    4
 0.002989509237953279   10    5    5    4
 0.00477761631237127   10    5    7    6
 0.008456570868256968   10    5   10    5
 0.006107116410095207   10    6    6    4
 0.006107116410095217   10    6    7    5
 0.007909522812994996   10    6   10    6
 -0.08301550111862036   10    7    2    1
 -0.05034988897986645   10    7    3    2
 0.07915379913548366   10    7    6    5
 0.09136803195567417   10    7    7    4
 0.04313108076469154   10    7    8    1
 -0.07054959530389494   10    7    8    3
 -0.006150406635605456   10    7    9    1
 -0.05861699513173709   10    7    9    3
 0.07723898847773748   10    7   10    7
 -0.01038054513941334   10    8    4    2
 0.01307739834481438   10    8    7    1
 -0.002957241309098304   10    8    7    3
 0.01089919654277945   10    8    8    4
 0.00430673852927029   10    8    9    4
 -0.006351027778655768   10    8   10    2
 0.01094761557893852   10    8   10    8
 0.01781795071525463   10    9    4    2
 -0.01358576689691681   10    9    7    1
 -0.01563268692962918   10    9    7    3
 0.004604972939957873   10    9    8    4
 0.004529680032914011   10    9    9    4
 0.007710307668663153   10    9   10    2
 0.001423731138201496   10    9   10    8
 0.01373468377351004   10    9   10    9
 0.4456403464252147   10   10    1    1
 0.4237729480081083   10   10    2    2
 -0.02375504217625808   10   10    3    1
 0.4137591944174906   10   10    3    3
 0.4324354884116059   10   10    4    4
 0.4042266920481873   10   10    5    5
 0.4068825905632303   10   10    6    6
 0.4347436947030365   10   10    7    7
 -0.03872570719254866   10   10    8    2
 0.4252465741605035   10   10    8    8
 0.0434635291295793   10   10    9    2
 0.08290571245122455   10   10    9    8
 0.3508592041205044   10   10    9    9
 0.07763527744621965   10   10   10    4
 0.4175981869660985   10   10   10   10
 0.01772325596188586   11    1    5    1
 0.005332230864211631   11    1    5    3
 -0.02153886422412866   11    1    6    2
 0.008983559262698317   11    1    8    6
 -0.005979154844812692   11    1    9    6
 0.02050722174971788   11    1   11    1
 0.02684117701979357   11    2    5    2
 -0.02576434224304398   11    2    6    1
 -0.01025315478144262   11    2    6    3
 -0.008701722478064142   11    2    8    5
 0.008260319634187656   11    2    9    5
 0.02277085103271726   11    2   11    2
 0.008934612272038516   11    3    5    1
 0.007816386427037145   11    3    5    3
 -0.01229098122676285   11    3    6    2
 -0.002590553589703501   11    3    8    6
 -0.008971315613076937   11    3    9    6
 0.003678756650938207   11    3   11    1
 0.009724367394508202   11    3   11    3
 0.002989509237953279   11    4    5    4
 0.00477761631237127   11    4    7    6
 0.008456570868256968   11    4   10    5
 0.008456570868256968   11    4   11    4
 0.09624737341584219   11    5    1    1
 0.1000525507182922   11    5    2    2
 -0.0007314579777679429   11    5    3    1
 0.0940698286164932   11    5    3    3
 0.07934979319424117   11    5    4    4
 0.08532881167014771   11    5    5    5
 0.09660073328301522   11    5    6    6
 0.08704550065827288   11    5    7    7
 -0.0127633241376004   11    5    8    2
 0.09819590944549533   11    5    8    8
 0.02975755620315737   11    5    9    2
 0.04621556225090124   11    5    9    8
 0.07068044056191307   11    5    9    9
 0.05461860242358035   11    5   10    4
 0.07417013651754538   11    5   10   10
 0.07153174416009424   11    5   11    5
 -0.08301550111862017   11    6    2    1
 -0.05034988897986632   11    6    3    2
 0.09136803195567389   11    6    6    5
 0.07915379913548354   11    6    7    4
 0.04313108076469147   11    6    8    1
 -0.07054959530389476   11    6    8    3
 -0.006150406635605487   11    6    9    1
 -0.05861699513173699   11    6    9    3
 0.06141994285174737   11    6   10    7
 0.07723898847773727   11    6   11    6
 0.006107116410095224   11    7    6    4
 0.006107116410095234   11    7    7    5
 0.007909522812995002   11    7   10    6
 0.007909522812995009   11    7   11    7
 -0.01038054513941334   11    8    5    2
 0.01307739834481436   11    8    6    1
 -0.002957241309098296   11    8    6    3
 0.01089919654277945   11    8    8    5
 0.004306738529270286   11    8    9    5
 -0.006351027778655769   11    8   11    2
 0.01094761557893851   11    8   11    8
 0.01781795071525463   11    9    5    2
 -0.0135857668969168   11    9    6    1
 -0.01563268692962917   11    9    6    3
 0.004604972939957871   11    9    8    5
 0.004529680032914014   11    9    9    5
 0.00771030766866315   11    9   11    2
 0.001423731138201501   11    9   11    8
 0.01373468377351003   11    9   11    9
 0.01410439818170933   11   10    5    4
 0.01393055206990303   11   10    7    6
 0.001732570464337161   11   10   10    5
 0.001732570464337161   11   10   11    4
 0.01528341904975322   11   10   11   10
 0.4456403464252147   11   11    1    1
 0.4237729480081083   11   11    2    2
 -0.02375504217625808   11   11    3    1
 0.4137591944174906   11   11    3    3
 0.4042266920481872   11   11    4    4
 0.4324354884116059   11   11    5    5
 0.4347436947030364   11   11    6    6
 0.4068825905632305   11   11    7    7
 -0.0387257071925487   11   11    8    2
 0.4252465741605035   11   11    8    8
 0.04346352912957933   11   11    9    2
 0.08290571245122445   11   11    9    8
 0.3508592041205043   11   11    9    9
 0.07417013651754543   11   11   10    4
 0.3870313488665922   11   11   10   10
 0.07763527744621965   11   11   11    5
 0.4175981869660984   11   11   11   11
 0.04872256817287583   12    1    1    1
 0.05759420105790959   12    1    2    2
 0.006092160586484439   12    1    3    1
 0.0533538490457254   12    1    3    3
 0.04422896900302617   12    1    4    4
 0.04422896900302616   12    1    5    5
 0.04929252123934852   12    1    6    6
 0.04929252123934862   12    1    7    7
 -0.001633241210186524   12    1    8    2
 0.04836819977995604   12    1    8    8
 0.02356722249946239   12    1    9    2
 0.02753940960873344   12    1    9    8
 0.0379271916003447   12    1    9    9
 0.03333682182115638   12    1   10    4
 0.04178665077798917   12    1   10   10
 0.0333368218211564   12    1   11    5
 0.04178665077798917   12    1   11   11
 0.02092300119019633   12    1   12    1
 0.05983510976550616   12    2    2    1
 0.04856962720323732   12    2    3    2
 -0.0586916844770773   12    2    6    5
 -0.05869168447707736   12    2    7    4
 -0.02091649268304507   12    2    8    1
 0.05186075387395195   12    2    8    3
 0.01449365555297714   12    2    9    1
 0.05808979157581121   12    2    9    3
 -0.05177559558059808   12    2   10    7
 -0.051775595580598   12    2   11    6
 0.05104106880943751   12    2   12    2
 0.07404839015227903   12    3    1    1
 0.08316361957095489   12    3    2    2
 0.005179107872594574   12    3    3    1
 0.08440174073471993   12    3    3    3
 0.06588726249100556   12    3    4    4
 0.06588726249100553   12    3    5    5
 0.06929487864171018   12    3    6    6
 0.06929487864171036   12    3    7    7
 -7.564422686769285e-05   12    3    8    2
 0.06984113001990197   12    3    8    8
 0.04075988338647637   12    3    9    2
 0.04982822240058301   12    3    9    8
 0.05253611412338381   12    3    9    9
 0.03941231736185456   12    3   10    4
 0.06329080965409736   12    3   10   10
 0.0394123173618545   12    3   11    5
 0.06329080965409728   12    3   11   11
 0.02854806228393449   12    3   12    1
 0.05130867146927133   12    3   12    3
 0.003855635295844518   12    4    4    1
 0.004451726634753166   12    4    4    3
 -0.007493828805835934   12    4    7    2
 0.001934903313184754   12    4    8    7
 -0.009854624493215539   12    4    9    7
 0.01387549735686724   12    4   10    1
 0.006991803452289588   12    4   10    3
 0.01463523628280968   12    4   12    4
 0.003855635295844519   12    5    5    1
 0.004451726634753165   12    5    5    3
 -0.007493828805835912   12    5    6    2
 0.001934903313184752   12    5    8    6
 -0.009854624493215534   12    5    9    6
 0.01387549735686724   12    5   11    1
 0.006991803452289588   12    5   11    3
 0.01463523628280968   12    5   12    5
 -0.01115999274884474   12    6    5    2
 0.01048657990316716   12    6    6    1
 0.004317201935894508   12    6    6    3
 0.003971481375133503   12    6    8    5
 -0.009253709024187595   12    6    9    5
 -0.01663876384360296   12    6   11    2
 0.0008191407660973125   12    6   11    8
 -0.002908018730586405   12    6   11    9
 0.01635767359839077   12    6   12    6
 -0.01115999274884479   12    7    4    2
 0.01048657990316723   12    7    7    1
 0.004317201935894551   12    7    7    3
 0.003971481375133507   12    7    8    4
 -0.009253709024187597   12    7    9    4
 -0.01663876384360297   12    7   10    2
 0.0008191407660973173   12    7   10    8
 -0.00290801873058643   12    7   10    9
 0.01635767359839077   12    7   12    7
 -0.002026521522095523   12    8    2    1
 0.00137970796018288   12    8    3    2
 0.004730432612696864   12    8    6    5
 0.00473043261269688   12    8    7    4
 0.0008800939440982899   12    8    8    1
 -0.003544973851384079   12    8    8    3
 0.009694546653354057   12    8    9    1
 0.02780000023902873   12    8    9    3
 -0.009378980568531795   12    8   10    7
 -0.009378980568531836   12    8   11    6
 0.02069445528703389   12    8   12    2
 0.02366727230559867   12    8   12    8
 0.1220119149712402   12    9    2    1
 0.1285312045465665   12    9    3    2
 -0.1274641391802696   12    9    6    5
 -0.1274641391802697   12    9    7    4
 -0.01387950089159292   12    9    8    1
 0.1328288032508306   12    9    8    3
 0.009606282890258833   12    9    9    1
 0.04684747960159268   12    9    9    3
 -0.05564786633289429   12    9   10    7
 -0.05564786633289402   12    9   11    6
 0.04209911634624414   12    9   12    2
 -0.01436673453427645   12    9   12    8
 0.1595882406344809   12    9   12    9
 0.04093201348157303   12   10    4    1
 0.01358377316033494   12   10    4    3
 -0.04492742950021787   12   10    7    2
 0.006869726586201409   12   10    8    7
 -0.003110718873976073   12   10    9    7
 0.008591817035356764   12   10   10    1
 0.008250950053400728   12   10   10    3
 0.001101729264465023   12   10   12    4
 0.03331898774824434   12   10   12   10
 0.04093201348157303   12   11    5    1
 0.01358377316033494   12   11    5    3
 -0.04492742950021786   12   11    6    2
 0.006869726586201392   12   11    8    6
 -0.003110718873976038   12   11    9    6
 0.008591817035356766   12   11   11    1
 0.00825095005340073   12   11   11    3
 0.001101729264465025   12   11   12    5
 0.03331898774824434   12   11   12   11
 0.3736855871898898   12   12    1    1
 0.4016704964707012   12   12    2    2
 0.02058445032416014   12   12    3    1
 0.4050390861600154   12   12    3    3
 0.3645934936964466   12   12    4    4
 0.3645934936964466   12   12    5    5
 0.3757298198109227   12   12    6    6
 0.3757298198109228   12   12    7    7
 0.01451416276786948   12   12    8    2
 0.3832032132577912   12   12    8    8
 0.0423375263129079   12   12    9    2
 0.04593249167671778   12   12    9    8
 0.3693252649377841   12   12    9    9
 0.0614325024387543   12   12   10    4
 0.348527810282582   12   12   10   10
 0.06143250243875441   12   12   11    5
 0.348527810282582   12   12   11   11
 0.0349944619776054   12   12   12    1
 0.04948114382378273   12   12   12    3
 0.3621215904603199   12   12   12   12
 -0.01950932778572087   13    1    5    2
 0.02080765668334416   13    1    6    1
 0.002484641427088043   13    1    6    3
 0.01193336205679267   13    1    8    5
 -0.004234886711931939   13    1    9    5
 -0.0183624053330208   13    1   11    2
 0.008644391070256961   13    1   11    8
 -0.00242100764438208   13    1   11    9
 0.01330679613951906   13    1   12    6
 0.01712854189634099   13    1   13    1
 -0.01903814900881686   13    2    5    1
 -0.003184459226863362   13    2    5    3
 0.02037375978037933   13    2    6    2
 -0.009755927045678289   13    2    8    6
 0.009004641415982785   13    2    9    6
 -0.01827335384646935   13    2   11    1
 -0.007298153860694486   13    2   11    3
 -0.01527996500061865   13    2   12    5
 -0.008612860968456591   13    2   12   11
 0.01970183083457389   13    2   13    2
 -0.001091414759031673   13    3    5    2
 -0.001001461956516562   13    3    6    1
 0.004710185761789268   13    3    6    3
 -0.004072124628447632   13    3    8    5
 -0.008082769048496526   13    3    9    5
 -0.006245800046993276   13    3   11    2
 -0.005795686812394861   13    3   11    8
 -0.003128563291503842   13    3   11    9
 0.009061911629033567   13    3   12    6
 0.002730493741732285   13    3   13    1
 0.008783410493849866   13    3   13    3
 0.003972609407084306   13    4    6    4
 0.003972609407084314   13    4    7    5
 0.007065107652477166   13    4   10    6
 0.007065107652477171   13    4   11    7
 0.006664217209619188   13    4   13    4
 -0.05970157170557638   13    5    2    1
 -0.02947332654381714   13    5    3    2
 0.06380575370023107   13    5    6    5
 0.05586053488606252   13    5    7    4
 0.03817896171028083   13    5    8    1
 -0.04991367341867067   13    5    8    3
 -0.003923113868394422   13    5    9    1
 -0.04860748997775292   13    5    9    3
 0.04999946717130759   13    5   10    7
 0.06412968247626188   13    5   11    6
 -0.04283578472786669   13    5   12    2
 -0.01039192246167482   13    5   12    8
 -0.0329010739387761   13    5   12    9
 0.05589256176977382   13    5   13    5
 0.1119849305654203   13    6    1    1
 0.101623092243219   13    6    2    2
 -0.01333708749896705   13    6    3    1
 0.09684049973179454   13    6    3    3
 0.08837343882764988   13    6    4    4
 0.09545784533586688   13    6    5    5
 0.1012744185282373   13    6    6    6
 0.09260510489931437   13    6    7    7
 -0.02348422186148483   13    6    8    2
 0.1073698105974216   13    6    8    8
 0.02966548932956552   13    6    9    2
 0.05346557676691535   13    6    9    8
 0.06717029371527238   13    6    9    9
 0.05406578834066515   13    6   10    4
 0.08294170812140693   13    6   10   10
 0.06920570470970325   13    6   11    5
 0.08861826747584942   13    6   11   11
 0.03327729575122648   13    6   12    1
 0.04292621330681616   13    6   12    3
 0.05767857289136607   13    6   12   12
 0.07350821816726766   13    6   13    6
 0.003542203254108511   13    7    5    4
 0.004334656814461572   13    7    7    6
 0.007569958184519059   13    7   10    5
 0.007569958184519059   13    7   11    4
 0.002838279677221328   13    7   11   10
 0.007939961403758428   13    7   13    7
 0.020453813201897   13    8    5    1
 -0.002495433120210948   13    8    5    3
 -0.0177695577850763   13    8    6    2
 0.01221052798809801   13    8    8    6
 0.005495250466610635   13    8    9    6
 0.008976257919256858   13    8   11    1
 -0.004223928492774938   13    8   11    3
 -0.0003770082688628695   13    8   12    5
 0.009385610209983722   13    8   12   11
 -0.005635571820722422   13    8   13    2
 0.01363904576625895   13    8   13    8
 -0.01644045656380583   13    9    5    1
 -0.01481533159643403   13    9    5    3
 0.02374786797506508   13    9    6    2
 0.005717646777718975   13    9    8    6
 0.001970411333179551   13    9    9    6
 -0.002441101962538636   13    9   11    1
 -0.005783013252293221   13    9   11    3
 0.0007405463746953902   13    9   12    5
 -0.020838520791664   13    9   12   11
 0.00117332980053864   13    9   13    2
 -0.002618391465504505   13    9   13    8
 0.01917059167577316   13    9   13    9
 0.01110288574033898   13   10    6    4
 0.01110288574033898   13   10    7    5
 0.004235173310759919   13   10   10    6
 0.004235173310759933   13   10   11    7
 0.002557872853885187   13   10   13    4
 0.01080177252437086   13   10   13   10
 -0.1292637646600042   13   11    2    1
 -0.08981213250222217   13   11    3    2
 0.15196392527758   13   11    6    5
 0.1297581537969021   13   11    7    4
 0.05370154675746133   13   11    8    1
 -0.1146321269346744   13   11    8    3
 -0.00278878023489977   13   11    9    1
 -0.06025460355887884   13   11    9    3
 0.06836574079762406   13   11   10    7
 0.07683608741914374   13   11   11    6
 -0.04931233852270141   13   11   12    2
 0.004624276469620691   13   11   12    8
 -0.1140361410483897   13   11   12    9
 0.05354657053226053   13   11   13    5
 0.1377354548595656   13   11   13   11
 -0.03580674608877089   13   12    5    2
 0.0319526919046319   13   12    6    1
 0.02028181165895732   13   12    6    3
 0.003226190307580569   13   12    8    5
 -0.002045177239443574   13   12    9    5
 -0.01278832834996056   13   12   11    2
 0.005459990089542049   13   12   11    8
 -0.01830540065310804   13   12   11    9
 0.001026232815541196   13   12   12    6
 0.007071293392206811   13   12   13    1
 -0.001504485867760633   13   12   13    3
 0.0331314567945535   13   12   13   12
 0.41406793579048   13   13    1    1
 0.403376752931352   13   13    2    2
 -0.01369336523571936   13   13    3    1
 0.3944528034352101   13   13    3    3
 0.3803685705004343   13   13    4    4
 0.4051771339989026   13   13    5    5
 0.4121294857077409   13   13    6    6
 0.385749212917492   13   13    7    7
 -0.02782248611446181   13   13    8    2
 0.4021357055682069   13   13    8    8
 0.03634510853603374   13   13    9    2
 0.06834237881376852   13   13    9    8
 0.3442287975370109   13   13    9    9
 0.06772008259840355   13   13   10    4
 0.3644916342462068   13   13   10   10
 0.07123673121434518   13   13   11    5
 0.3908906557598095   13   13   11   11
 0.03639771115482045   13   13   12    1
 0.05146361440376213   13   13   12    3
 0.3420172549279409   13   13   12   12
 0.07426632446348222   13   13   13    6
 0.3766633642251886   13   13   13   13
 -0.0195093277857208   14    1    4    2
 0.02080765668334411   14    1    7    1
 0.002484641427088023   14    1    7    3
 0.01193336205679263   14    1    8    4
 -0.004234886711931932   14    1    9    4
 -0.01836240533302077   14    1   10    2
 0.008644391070256942   14    1   10    8
 -0.002421007644382064   14    1   10    9
 0.01330679613951905   14    1   12    7
 0.01712854189634093   14    1   14    1
 -0.01903814900881676   14    2    4    1
 -0.00318445922686333   14    2    4    3
 0.02037375978037924   14    2    7    2
 -0.009755927045678268   14    2    8    7
 0.009004641415982773   14    2    9    7
 -0.01827335384646932   14    2   10    1
 -0.007298153860694468   14    2   10    3
 -0.01527996500061863   14    2   12    4
 -0.008612860968456523   14    2   12   10
 0.01970183083457382   14    2   14    2
 -0.001091414759031637   14    3    4    2
 -0.001001461956516584   14    3    7    1
 0.004710185761789246   14    3    7    3
 -0.00407212462844762   14    3    8    4
 -0.008082769048496516   14    3    9    4
 -0.006245800046993256   14    3   10    2
 -0.005795686812394858   14    3   10    8
 -0.003128563291503822   14    3   10    9
 0.009061911629033557   14    3   12    7
 0.002730493741732279   14    3   14    1
 0.00878341049384985   14    3   14    3
 -0.05970157170557616   14    4    2    1
 -0.02947332654381698   14    4    3    2
 0.05586053488606224   14    4    6    5
 0.06380575370023088   14    4    7    4
 0.03817896171028073   14    4    8    1
 -0.04991367341867046   14    4    8    3
 -0.003923113868394403   14    4    9    1
 -0.04860748997775283   14    4    9    3
 0.06412968247626182   14    4   10    7
 0.0499994671713074   14    4   11    6
 -0.04283578472786664   14    4   12    2
 -0.01039192246167479   14    4   12    8
 -0.03290107393877598   14    4   12    9
 0.04256412735053535   14    4   13    5
 0.0484308248244899   14    4   13   11
 0.05589256176977363   14    4   14    4
 0.003972609407084281   14    5    6    4
 0.003972609407084292   14    5    7    5
 0.007065107652477158   14    5   10    6
 0.007065107652477161   14    5   11    7
 0.006664217209619181   14    5   13    4
 0.002557872853885171   14    5   13   10
 0.006664217209619176   14    5   14    5
 0.003542203254108467   14    6    5    4
 0.004334656814461527   14    6    7    6
 0.007569958184519048   14    6   10    5
 0.007569958184519048   14    6   11    4
 0.002838279677221285   14    6   11   10
 0.007939961403758418   14    6   13    7
 0.007939961403758411   14    6   14    6
 0.1119849305654202   14    7    1    1
 0.1016230922432189   14    7    2    2
 -0.01333708749896705   14    7    3    1
 0.09684049973179447   14    7    3    3
 0.09545784533586676   14    7    4    4
 0.08837343882764977   14    7    5    5
 0.09260510489931412   14    7    6    6
 0.1012744185282374   14    7    7    7
 -0.0234842218614848   14    7    8    2
 0.1073698105974216   14    7    8    8
 0.02966548932956551   14    7    9    2
 0.05346557676691523   14    7    9    8
 0.06717029371527239   14    7    9    9
 0.06920570470970322   14    7   10    4
 0.08861826747584937   14    7   10   10
 0.05406578834066512   14    7   11    5
 0.08294170812140673   14    7   11   11
 0.03327729575122648   14    7   12    1
 0.04292621330681615   14    7   12    3
 0.05767857289136605   14    7   12   12
 0.05762829535975075   14    7   13    6
 0.07166649684507152   14    7   13   13
 0.07350821816726757   14    7   14    7
 0.02045381320189696   14    8    4    1
 -0.002495433120210932   14    8    4    3
 -0.01776955778507628   14    8    7    2
 0.01221052798809799   14    8    8    7
 0.005495250466610622   14    8    9    7
 0.008976257919256837   14    8   10    1
 -0.004223928492774938   14    8   10    3
 -0.000377008268862871   14    8   12    4
 0.009385610209983714   14    8   12   10
 -0.005635571820722367   14    8   14    2
 0.01363904576625889   14    8   14    8
 -0.01644045656380583   14    9    4    1
 -0.01481533159643402   14    9    4    3
 0.02374786797506507   14    9    7    2
 0.00571764677771896   14    9    8    7
 0.001970411333179572   14    9    9    7
 -0.002441101962538616   14    9   10    1
 -0.005783013252293203   14    9   10    3
 0.0007405463746953998   14    9   12    4
 -0.02083852079166401   14    9   12   10
 0.001173329800538573   14    9   14    2
 -0.002618391465504467   14    9   14    8
 0.01917059167577307   14    9   14    9
 -0.1292637646600041   14   10    2    1
 -0.08981213250222209   14   10    3    2
 0.1297581537969019   14   10    6    5
 0.15196392527758   14   10    7    4
 0.05370154675746122   14   10    8    1
 -0.1146321269346743   14   10    8    3
 -0.002788780234899713   14   10    9    1
 -0.06025460355887876   14   10    9    3
 0.07683608741914384   14   10   10    7
 0.06836574079762379   14   10   11    6
 -0.04931233852270133   14   10   12    2
 0.004624276469620891   14   10   12    8
 -0.1140361410483898   14   10   12    9
 0.04843082482449005   14   10   13    5
 0.1161319098108237   14   10   13   11
 0.05354657053226025   14   10   14    4
 0.1377354548595655   14   10   14   10
 0.01110288574033897   14   11    6    4
 0.01110288574033897   14   11    7    5
 0.004235173310759907   14   11   10    6
 0.004235173310759922   14   11   11    7
 0.002557872853885178   14   11   13    4
 0.01080177252437085   14   11   13   10
 0.002557872853885162   14   11   14    5
 0.01080177252437085   14   11   14   11
 -0.03580674608877087   14   12    4    2
 0.0319526919046319   14   12    7    1
 0.02028181165895731   14   12    7    3
 0.003226190307580562   14   12    8    4
 -0.002045177239443562   14   12    9    4
 -0.01278832834996055   14   12   10    2
 0.005459990089542047   14   12   10    8
 -0.01830540065310803   14   12   10    9
 0.001026232815541229   14   12   12    7
 0.007071293392206753   14   12   14    1
 -0.001504485867760675   14   12   14    3
 0.03313145679455352   14   12   14   12
 0.01240428174923421   14   13    5    4
 0.01319013639512462   14   13    7    6
 0.001758324307970852   14   13   10    5
 0.001758324307970854   14   13   11    4
 0.01319951075680144   14   13   11   10
 0.001299913809205337   14   13   13    7
 0.0012999138092053   14   13   14    6
 0.013578264253291   14   13   14   13
 0.4140679357904797   14   14    1    1
 0.4033767529313517   14   14    2    2
 -0.01369336523571932   14   14    3    1
 0.3944528034352097   14   14    3    3
 0.4051771339989023   14   14    4    4
 0.3803685705004339   14   14    5    5
 0.3857492129174915   14   14    6    6
 0.4121294857077409   14   14    7    7
 -0.02782248611446178   14   14    8    2
 0.4021357055682067   14   14    8    8
 0.03634510853603364   14   14    9    2
 0.06834237881376828   14   14    9    8
 0.3442287975370108   14   14    9    9
 0.071236731214345   14   14   10    4
 0.3908906557598093   14   14   10   10
 0.06772008259840338   14   14   11    5
 0.3644916342462065   14   14   11   11
 0.03639771115482038   14   14   12    1
 0.05146361440376205   14   14   12    3
 0.3420172549279406   14   14   12   12
 0.07166649684507145   14   14   13    6
 0.3495068357186066   14   14   13   13
 0.07426632446348193   14   14   14    7
 0.3766633642251886   14   14   14   14
 -0.06053089828760509   15    1    1    1
 -0.04796008405367206   15    1    2    2
 0.01615894446606314   15    1    3    1
 -0.04945587011344883   15    1    3    3
 -0.04021500936014775   15    1    4    4
 -0.04021500936014775   15    1    5    5
 -0.04668364706613067   15    1    6    6
 -0.04668364706613078   15    1    7    7
 0.02059255340796969   15    1    8    2
 -0.07080456908234603   15    1    8    8
 -0.003878934616139785   15    1    9    2
 -0.03176985014162043   15    1    9    8
 -0.03976466233403962   15    1    9    9
 -0.03924292466853666   15    1   10    4
 -0.03754484760673098   15    1   10   10
 -0.03924292466853666   15    1   11    5
 -0.037544847606731   15    1   11   11
 -0.01648776949789342   15    1   12    1
 -0.01284158296019494   15    1   12    3
 -0.02713728762835181   15    1   12   12
 -0.03646911013630465   15    1   13    6
 -0.03827643225898879   15    1   13   13
 -0.03646911013630466   15    1   14    7
 -0.03827643225898867   15    1   14   14
 0.04201719207639909   15    1   15    1
 -0.02934240385314675   15    2    2    1
 -0.005259241844511632   15    2    3    2
 0.02920373489488431   15    2    6    5
 0.02920373489488433   15    2    7    4
 0.02735751512573045   15    2    8    1
 -0.02673783530821163   15    2    8    3
 0.0078034087964268   15    2    9    1
 -0.01143543010743492   15    2    9    3
 0.0219892304387739   15    2   10    7
 0.02198923043877388   15    2   11    6
 -0.008536202690653074   15    2   12    2
 0.006317379980882461   15    2   12    8
 -0.01595366251671752   15    2   12    9
 0.0184109317619417   15    2   13    5
 0.02574973336637773   15    2   13   11
 0.01841093176194164   15    2   14    4
 0.02574973336637769   15    2   14   10
 0.0151926834928681   15    2   15    2
 0.06037522717141037   15    3    1    1
 0.05159893157786029   15    3    2    2
 -0.01266302815556942   15    3    3    1
 0.05708413198466056   15    3    3    3
 0.04305510559936696   15    3    4    4
 0.04305510559936693   15    3    5    5
 0.04711095912134795   15    3    6    6
 0.04711095912134809   15    3    7    7
 -0.01440002750046433   15    3    8    2
 0.06801484760203479   15    3    8    8
 0.01402423522191968   15    3    9    2
 0.04037939896413589   15    3    9    8
 0.03993925033101134   15    3    9    9
 0.03275805883667729   15    3   10    4
 0.04186410408767165   15    3   10   10
 0.03275805883667725   15    3   11    5
 0.04186410408767163   15    3   11   11
 0.01692479186078737   15    3   12    1
 0.02489693492936167   15    3   12    3
 0.02969618010229337   15    3   12   12
 0.03269765342368827   15    3   13    6
 0.03877221594426524   15    3   13   13
 0.03269765342368831   15    3   14    7
 0.03877221594426511   15    3   14   14
 -0.03041297845082212   15    3   15    1
 0.03037843298517836   15    3   15    3
 0.007890036188440575   15    4    4    1
 -0.001453042798209842   15    4    4    3
 -0.003199045885443875   15    4    7    2
 -0.001108731428033397   15    4    8    7
 -0.000241216726392202   15    4    9    7
 -0.01415768645285458   15    4   10    1
 0.004593911412415154   15    4   10    3
 -0.008586729353617907   15    4   12    4
 0.006516595041990008   15    4   12   10
 0.008412137043513374   15    4   14    2
 -0.006303589129301426   15    4   14    8
 -0.003645534678978879   15    4   14    9
 0.02028788211037872   15    4   15    4
 0.007890036188440577   15    5    5    1
 -0.001453042798209842   15    5    5    3
 -0.003199045885443887   15    5    6    2
 -0.001108731428033385   15    5    8    6
 -0.0002412167263921994   15    5    9    6
 -0.01415768645285458   15    5   11    1
 0.004593911412415152   15    5   11    3
 -0.008586729353617911   15    5   12    5
 0.006516595041990015   15    5   12   11
 0.008412137043513368   15    5   13    2
 -0.006303589129301429   15    5   13    8
 -0.003645534678978872   15    5   13    9
 0.02028788211037872   15    5   15    5
 0.008551252334294542   15    6    5    2
 -0.01017945187049273   15    6    6    1
 0.0009344472828784003   15    6    6    3
 -0.007442705370674238   15    6    8    5
 -0.001359035795360206   15    6    9    5
 0.009116572772782751   15    6   11    2
 -0.009112809804312538   15    6   11    8
 -0.0006157269998612171   15    6   11    9
 -0.004918678365493914   15    6   12    6
 -0.01011969674801889   15    6   13    1
 0.0024371890947338   15    6   13    3
 -0.003314518821058248   15    6   13   12
 0.009519970773705352   15    6   15    6
 0.00855125233429457   15    7    4    2
 -0.01017945187049278   15    7    7    1
 0.0009344472828784042   15    7    7    3
 -0.007442705370674258   15    7    8    4
 -0.001359035795360205   15    7    9    4
 0.009116572772782765   15    7   10    2
 -0.009112809804312545   15    7   10    8
 -0.0006157269998612297   15    7   10    9
 -0.004918678365493923   15    7   12    7
 -0.01011969674801889   15    7   14    1
 0.002437189094733805   15    7   14    3
 -0.003314518821058264   15    7   14   12
 0.00951997077370537   15    7   15    7
 0.06786270347897108   15    8    2    1
 0.02004646902163313   15    8    3    2
 -0.06520266668880019   15    8    6    5
 -0.06520266668880027   15    8    7    4
 -0.06057083411128616   15    8    8    1
 0.06693892043381683   15    8    8    3
 -0.009401675916844951   15    8    9    1
 0.05665619663152785   15    8    9    3
 -0.05487323351394725   15    8   10    7
 -0.05487323351394714   15    8   11    6
 0.03823031457224531   15    8   12    2
 0.01041773343137343   15    8   12    8
 0.03253576636638696   15    8   12    9
 -0.04705624011459873   15    8   13    5
 -0.05850134694678899   15    8   13   11
 -0.04705624011459866   15    8   14    4
 -0.05850134694678909   15    8   14   10
 -0.02562244823877087   15    8   15    2
 0.06967171014091052   15    8   15    8
 0.06746337421818753   15    9    2    1
 0.04842648571830815   15    9    3    2
 -0.06765560863777713   15    9    6    5
 -0.06765560863777716   15    9    7    4
 -0.03237679936119493   15    9    8    1
 0.07663981247293014   15    9    8    3
 -0.00544575675736433   15    9    9    1
 0.03433219448350945   15    9    9    3
 -0.03711135833128933   15    9   10    7
 -0.03711135833128916   15    9   11    6
 0.02381237154383169   15    9   12    2
 -0.005060041171399525   15    9   12    8
 0.07154161184171449   15    9   12    9
 -0.02685522112594817   15    9   13    5
 -0.0619642575069268   15    9   13   11
 -0.02685522112594816   15    9   14    4
 -0.06196425750692662   15    9   14   10
 -0.01707623802483396   15    9   15    2
 0.04012900744597173   15    9   15    8
 0.0460113601837074   15    9   15    9
 -0.04546071850143854   15   10    4    1
 0.005559181417075848   15   10    4    3
 0.03600242432170545   15   10    7    2
 -0.0227622432722229   15   10    8    7
 -0.00232649806530099   15   10    9    7
 -0.003487900963942471   15   10   10    1
 -0.002730268761464061   15   10   10    3
 0.003530103353199308   15   10   12    4
 -0.02344993019916799   15   10   12   10
 0.007179290762046989   15   10   14    2
 -0.01280677078975482   15   10   14    8
 0.003873784943689852   15   10   14    9
 -0.01261659669831327   15   10   15    4
 0.04186560347891991   15   10   15   10
 -0.04546071850143854   15   11    5    1
 0.005559181417075847   15   11    5    3
 0.03600242432170544   15   11    6    2
 -0.02276224327222288   15   11    8    6
 -0.002326498065300995   15   11    9    6
 -0.00348790096394247   15   11   11    1
 -0.002730268761464062   15   11   11    3
 0.003530103353199307   15   11   12    5
 -0.02344993019916798   15   11   12   11
 0.007179290762047045   15   11   13    2
 -0.01280677078975487   15   11   13    8
 0.003873784943689869   15   11   13    9
 -0.01261659669831327   15   11   15    5
 0.04186560347891991   15   11   15   11
 -0.02769733017956058   15   12    1    1
 -0.004862209393086015   15   12    2    2
 0.01913433453224292   15   12    3    1
 0.002886873681178381   15   12    3    3
 -0.02099703467875625   15   12    4    4
 -0.02099703467875627   15   12    5    5
 -0.01571848289481332   15   12    6    6
 -0.01571848289481331   15   12    7    7
 0.02279372187599887   15   12    8    2
 -0.009821683436358692   15   12    8    8
 0.002837257365825885   15   12    9    2
 -0.00926018350753844   15   12    9    8
 0.01651270436331634   15   12    9    9
 0.002394042145555131   15   12   10    4
 -0.0176621440023093   15   12   10   10
 0.002394042145555151   15   12   11    5
 -0.01766214400230933   15   12   11   11
 0.001116483434741715   15   12   12    1
 -0.0007004162986312905   15   12   12    3
 0.01037898681794914   15   12   12   12
 -0.003643017823470342   15   12   13    6
 -0.01037985041715128   15   12   13   13
 -0.003643017823470361   15   12   14    7
 -0.01037985041715121   15   12   14   14
 -0.002458878595541293   15   12   15    1
 0.001291418395581073   15   12   15    3
 0.01500545170930054   15   12   15   12
 0.01677806316795987   15   13    5    2
 -0.01910534470179592   15   13    6    1
 0.0008957994502383268   15   13    6    3
 -0.01351537487938765   15   13    8    5
 -0.0006756920956536519   15   13    9    5
 0.008673435495933787   15   13   11    2
 -0.008103834002953525   15   13   11    8
 -0.0009178158164310361   15   13   11    9
 -0.003352746415352025   15   13   12    6
 -0.009274676762565685   15   13   13    1
 0.002490565499204106   15   13   13    3
 -0.007858156495170502   15   13   13   12
 0.005780884530158537   15   13   15    6
 0.01286466760206038   15   13   15   13
 0.01677806316795985   15   14    4    2
 -0.01910534470179591   15   14    7    1
 0.0008957994502383328   15   14    7    3
 -0.01351537487938764   15   14    8    4
 -0.0006756920956536556   15   14    9    4
 0.008673435495933772   15   14   10    2
 -0.008103834002953525   15   14   10    8
 -0.0009178158164310288   15   14   10    9
 -0.003352746415352023   15   14   12    7
 -0.009274676762565643   15   14   14    1
 0.002490565499204103   15   14   14    3
 -0.007858156495170483   15   14   14   12
 0.005780884530158548   15   14   15    7
 0.01286466760206035   15   14   15   14
 0.4921863946852396   15   15    1    1
 0.4220147827657585   15   15    2    2
 -0.0694555741713669   15   15    3    1
 0.4283624418816249   15   15    3    3
 0.4349552923103412   15   15    4    4
 0.4349552923103411   15   15    5    5
 0.4256847946166125   15   15    6    6
 0.4256847946166128   15   15    7    7
 -0.0697040668346051   15   15    8    2
 0.467711716249715   15   15    8    8
 0.02656867440602707   15   15    9    2
 0.1001541374799321   15   15    9    8
 0.3508951093449289   15   15    9    9
 0.06502197050115487   15   15   10    4
 0.4117593874516336   15   15   10   10
 0.06502197050115481   15   15   11    5
 0.4117593874516334   15   15   11   11
 0.032812357201092   15   15   12    1
 0.05784901827139338   15   15   12    3
 0.3383939696176152   15   15   12   12
 0.08515952514116529   15   15   13    6
 0.3782366647173277   15   15   13   13
 0.08515952514116526   15   15   14    7
 0.3782366647173274   15   15   14   14
 -0.0416673105239086   15   15   15    1
 0.04803329136954793   15   15   15    3
 -0.02732234558934256   15   15   15   12
 0.4678427396101361   15   15   15   15
 -0.04100760328457288   16    1    2    1
 -0.01739670562297226   16    1    3    2
 0.03645818202464755   16    1    6    5
 0.03645818202464758   16    1    7    4
 0.03251760626884812   16    1    8    1
 -0.04399474290968379   16    1    8    3
 0.003788513114336343   16    1    9    1
 -0.03483876124134381   16    1    9    3
 0.03880519266563963   16    1   10    7
 0.03880519266563959   16    1   11    6
 -0.02749694840425794   16    1   12    2
 -0.004502549130151206   16    1   12    8
 -0.02558976903802074   16    1   12    9
 0.03411226427672541   16    1   13    5
 0.03354652244977226   16    1   13   11
 0.03411226427672535   16    1   14    4
 0.03354652244977221   16    1   14   10
 0.01765676111319484   16    1   15    2
 -0.04183596231969491   16    1   15    8
 -0.02551259798481573   16    1   15    9
 0.03148689695561043   16    1   16    1
 -0.05841393375468971   16    2    1    1
 -0.05950498358487262   16    2    2    2
 0.002986084178971656   16    2    3    1
 -0.06485418514012747   16    2    3    3
 -0.04360872137140571   16    2    4    4
 -0.04360872137140572   16    2    5    5
 -0.04834521669552615   16    2    6    6
 -0.04834521669552624   16    2    7    7
 0.004160116722944287   16    2    8    2
 -0.06618535278115549   16    2    8    8
 -0.01884878865611864   16    2    9    2
 -0.03172062776077798   16    2    9    8
 -0.04886298412046369   16    2    9    9
 -0.0385987509799377   16    2   10    4
 -0.04236245904529115   16    2   10   10
 -0.03859875097993773   16    2   11    5
 -0.04236245904529124   16    2   11   11
 -0.02153330752918271   16    2   12    1
 -0.02692984359481147   16    2   12    3
 -0.03858901571443445   16    2   12   12
 -0.03884945493975778   16    2   13    6
 -0.03749867144177799   16    2   13   13
 -0.03884945493975774   16    2   14    7
 -0.03749867144177776   16    2   14   14
 0.02634348065247407   16    2   15    1
 -0.02280751159530309   16    2   15    3
 -0.004676022860118571   16    2   15   12
 -0.04176884897002552   16    2   15   15
 0.02948176680920091   16    2   16    2
 -0.004082722671969581   16    3    2    1
 -0.02661828766382296   16    3    3    2
 0.003785639671081093   16    3    6    5
 0.003785639671081149   16    3    7    4
 -0.02104423452044052   16    3    8    1
 -0.005921891764520332   16    3    8    3
 -0.01276713327490322   16    3    9    1
 -0.005165013612229154   16    3    9    3
 0.003079407620234747   16    3   10    7
 0.003079407620234748   16    3   11    6
 -0.01040615178698616   16    3   12    2
 -0.004361574648515126   16    3   12    8
 -0.01942141531050739   16    3   12    9
 0.001098006155857882   16    3   13    5
 0.002675426148670663   16    3   13   11
 0.001098006155857871   16    3   14    4
 0.002675426148670728   16    3   14   10
 -0.007327869451924627   16    3   15    2
 0.01241157261737995   16    3   15    8
 0.0006209809737399967   16    3   15    9
 -0.003674392089845498   16    3   16    1
 0.01464668198241858   16    3   16    3
 0.001767300216107263   16    4    4    2
 -0.0008456790556497759   16    4    7    1
 -0.002443098881007643   16    4    7    3
 0.001770322423789167   16    4    8    4
 -0.003063378040475144   16    4    9    4
 -0.01106293821301784   16    4   10    2
 0.00460293913692407   16    4   10    8
 0.001759404053774373   16    4   10    9
 0.01161678882539668   16    4   12    7
 0.01135960237219337   16    4   14    1
 0.00369462274922213   16    4   14    3
 -0.005547484456090906   16    4   14   12
 -0.008818675742800765   16    4   15    7
 2.986186438586064e-05   16    4   15   14
 0.01695488348852971   16    4   16    4
 0.00176730021610726   16    5    5    2
 -0.0008456790556497885   16    5    6    1
 -0.002443098881007652   16    5    6    3
 0.001770322423789168   16    5    8    5
 -0.003063378040475142   16    5    9    5
 -0.01106293821301783   16    5   11    2
 0.004602939136924073   16    5   11    8
 0.001759404053774369   16    5   11    9
 0.01161678882539669   16    5   12    6
 0.01135960237219336   16    5   13    1
 0.003694622749222129   16    5   13    3
 -0.005547484456090897   16    5   13   12
 -0.008818675742800765   16    5   15    6
 2.986186438584123e-05   16    5   15   13
 0.01695488348852971   16    5   16    5
 -0.007980551021606212   16    6    5    1
 -0.001041075642433759   16    6    5    3
 0.006094080972180329   16    6    6    2
 0.0007215953534789257   16    6    8    6
 -0.004951370656448824   16    6    9    6
 0.01430119200513234   16    6   11    1
 0.00128100796030529   16    6   11    3
 0.01385377603007342   16    6   12    5
 -0.007749537270174683   16    6   12   11
 -0.01373900608440197   16    6   13    2
 0.002610027479473423   16    6   13    8
 0.0055249743048968   16    6   13    9
 -0.01577058335209635   16    6   15    5
 0.01011607816505676   16    6   15   11
 0.02123751281794693   16    6   16    6
 -0.007980551021606148   16    7    4    1
 -0.001041075642433751   16    7    4    3
 0.006094080972180248   16    7    7    2
 0.0007215953534789541   16    7    8    7
 -0.004951370656448822   16    7    9    7
 0.01430119200513235   16    7   10    1
 0.001281007960305295   16    7   10    3
 0.0138537760300734   16    7   12    4
 -0.007749537270174636   16    7   12   10
 -0.013739006084402   16    7   14    2
 0.002610027479473423   16    7   14    8
 0.00552497430489682   16    7   14    9
 -0.01577058335209633   16    7   15    4
 0.0101160781650567   16    7   15   10
 0.02123751281794686   16    7   16    7
 0.06910727048305303   16    8    1    1
 0.03479572810258498   16    8    2    2
 -0.03462801864841385   16    8    3    1
 0.03817504057246221   16    8    3    3
 0.04226063837236541   16    8    4    4
 0.0422606383723653   16    8    5    5
 0.04173027232985801   16    8    6    6
 0.04173027232985831   16    8    7    7
 -0.03438491413244263   16    8    8    2
 0.06644978508482924   16    8    8    8
 -0.002904226959944608   16    8    9    2
 0.03377325676893648   16    8    9    8
 0.02153104065986223   16    8    9    9
 0.02621954458567609   16    8   10    4
 0.03856837404676238   16    8   10   10
 0.02621954458567604   16    8   11    5
 0.03856837404676227   16    8   11   11
 0.009319008948924274   16    8   12    1
 0.008890067858562722   16    8   12    3
 0.01243348744263322   16    8   12   12
 0.02925889524232241   16    8   13    6
 0.03438991837189771   16    8   13   13
 0.02925889524232231   16    8   14    7
 0.03438991837189784   16    8   14   14
 -0.03183853962775582   16    8   15    1
 0.02443973932141894   16    8   15    3
 -0.00699399794296307   16    8   15   12
 0.05673617543890504   16    8   15   15
 -0.01772824606341209   16    8   16    2
 0.0336959871098062   16    8   16    8
 0.009208117893894696   16    9    1    1
 -0.01426779211876631   16    9    2    2
 -0.02233008252591797   16    9    3    1
 -0.009032501408731724   16    9    3    3
 -0.00400609753249294   16    9    4    4
 -0.004006097532492811   16    9    5    5
 -0.007443440437059258   16    9    6    6
 -0.007443440437059529   16    9    7    7
 -0.01738954154724275   16    9    8    2
 0.01126724329118064   16    9    8    8
 -0.0148501919726727   16    9    9    2
 0.0009804441592859475   16    9    9    8
 -0.005473357819368339   16    9    9    9
 -0.001914315110414693   16    9   10    4
 -0.004871440303897875   16    9   10   10
 -0.001914315110414541   16    9   11    5
 -0.004871440303897824   16    9   11   11
 -0.005353852100458562   16    9   12    1
 -0.0110300648096806   16    9   12    3
 -0.01295839691012024   16    9   12   12
 0.0007785443708599831   16    9   13    6
 -0.005856909449488799   16    9   13   13
 0.000778544370860037   16    9   14    7
 -0.005856909449489114   16    9   14   14
 -0.009362045337495123   16    9   15    1
 0.003572072323582067   16    9   15    3
 -0.002266445424337848   16    9   15   12
 0.01282095476664532   16    9   15   15
 -0.0007487546760600564   16    9   16    2
 0.01182958388871623   16    9   16    8
 0.01291647287080545   16    9   16    9
 -0.03243704920481533   16   10    4    2
 0.03194875063528593   16   10    7    1
 0.01053231762445729   16   10    7    3
 0.01199697614129289   16   10    8    4
 -0.001345504714370534   16   10    9    4
 -0.01210941709208746   16   10   10    2
 0.007002837746723928   16   10   10    8
 -0.009288009607708748   16   10   10    9
 0.00234168782821014   16   10   12    7
 0.009096435466874313   16   10   14    1
 -0.001888300722700067   16   10   14    3
 0.02437766912392158   16   10   14   12
 -0.003557198098076337   16   10   15    7
 -0.01482592784916543   16   10   15   14
 -0.006359502273334441   16   10   16    4
 0.02677599351818254   16   10   16   10
 -0.03243704920481532   16   11    5    2
 0.03194875063528592   16   11    6    1
 0.01053231762445728   16   11    6    3
 0.01199697614129288   16   11    8    5
 -0.001345504714370514   16   11    9    5
 -0.01210941709208745   16   11   11    2
 0.007002837746723932   16   11   11    8
 -0.009288009607708755   16   11   11    9
 0.002341687828210118   16   11   12    6
 0.009096435466874355   16   11   13    1
 -0.001888300722700047   16   11   13    3
 0.02437766912392154   16   11   13   12
 -0.003557198098076305   16   11   15    6
 -0.01482592784916543   16   11   15   13
 -0.006359502273334407   16   11   16    5
 0.02677599351818249   16   11   16   11
 -0.06603065008812306   16   12    2    1
 -0.05232698957823607   16   12    3    2
 0.07216788786873739   16   12    6    5
 0.07216788786873737   16   12    7    4
 0.0204797644941449   16   12    8    1
 -0.05608440145149294   16   12    8    3
 -0.005974026728674311   16   12    9    1
 -0.03336319287624349   16   12    9    3
 0.03119587266924633   16   12   10    7
 0.03119587266924633   16   12   11    6
 -0.02640625683880325   16   12   12    2
 -0.002909767227973197   16   12   12    8
 -0.05634499917026189   16   12   12    9
 0.01975324362660076   16   12   13    5
 0.06220255558248465   16   12   13   11
 0.01975324362660054   16   12   14    4
 0.0622025555824843   16   12   14   10
 0.007358810380161435   16   12   15    2
 -0.02380361296102704   16   12   15    8
 -0.02612542242572616   16   12   15    9
 0.01053620466893174   16   12   16    1
 0.003940159919527042   16   12   16    3
 0.03685582217120043   16   12   16   12
 0.04730818846643105   16   13    5    1
 0.006998706660740739   16   13    5    3
 -0.04650598978952744   16   13    6    2
 0.015345939148054   16   13    8    6
 0.0007665592998962491   16   13    9    6
 0.006252706783828332   16   13   11    1
 0.004279635000201822   16   13   11    3
 -0.003615521859489965   16   13   12    5
 0.03317726282262363   16   13   12   11
 -0.00594139784275077   16   13   13    2
 0.01228803378336067   16   13   13    8
 -0.01523715084459879   16   13   13    9
 0.00919446603105392   16   13   15    5
 -0.0341801252199413   16   13   15   11
 -0.01379273701862681   16   13   16    6
 0.04166235912099819   16   13   16   13
 0.04730818846643105   16   14    4    1
 0.006998706660740745   16   14    4    3
 -0.04650598978952746   16   14    7    2
 0.01534593914805402   16   14    8    7
 0.0007665592998962373   16   14    9    7
 0.006252706783828319   16   14   10    1
 0.004279635000201823   16   14   10    3
 -0.003615521859489998   16   14   12    4
 0.03317726282262368   16   14   12   10
 -0.005941397842750692   16   14   14    2
 0.01228803378336069   16   14   14    8
 -0.01523715084459888   16   14   14    9
 0.009194466031053925   16   14   15    4
 -0.03418012521994131   16   14   15   10
 -0.01379273701862676   16   14   16    7
 0.04166235912099817   16   14   16   14
 0.07241760627236166   16   15    2    1
 0.02880817128019031   16   15    3    2
 -0.07715333522561432   16   15    6    5
 -0.07715333522561441   16   15    7    4
 -0.05159560985046176   16   15    8    1
 0.06536612045470318   16   15    8    3
 -0.009808849874821914   16   15    9    1
 0.03125244528693083   16   15    9    3
 -0.03608344630543742   16   15   10    7
 -0.03608344630543728   16   15   11    6
 0.01944136808170368   16   15   12    2
 -0.005225488373953314   16   15   12    8
 0.04866056379506706   16   15   12    9
 -0.02643324284032957   16   15   13    5
 -0.06735339652819897   16   15   13   11
 -0.02643324284032951   16   15   14    4
 -0.06735339652819898   16   15   14   10
 -0.01932133878520639   16   15   15    2
 0.04285075885928964   16   15   15    8
 0.03804223535608013   16   15   15    9
 -0.02068436553722281   16   15   16    1
 0.008666997926231943   16   15   16    3
 -0.0313057624437748   16   15   16   12
 0.05136063840425517   16   15   16   15
 0.4232445020498504   16   16    1    1
 0.391173476271736   16   16    2    2
 -0.03197169138278638   16   16    3    1
 0.3855345858271697   16   16    3    3
 0.3939486988119346   16   16    4    4
 0.3939486988119349   16   16    5    5
 0.3921010262781591   16   16    6    6
 0.3921010262781586   16   16    7    7
 -0.04048182849386987   16   16    8    2
 0.4019608949179405   16   16    8    8
 0.0261135102076443   16   16    9    2
 0.06765966398061805   16   16    9    8
 0.3259396007836851   16   16    9    9
 0.04712048488698055   16   16   10    4
 0.3721767358091402   16   16   10   10
 0.04712048488698088   16   16   11    5
 0.3721767358091404   16   16   11   11
 0.02515251301093509   16   16   12    1
 0.04352383525839362   16   16   12    3
 0.3260045177713737   16   16   12   12
 0.05620300730845997   16   16   13    6
 0.3528188175308248   16   16   13   13
 0.0562030073084599   16   16   14    7
 0.3528188175308241   16   16   14   14
 -0.02610680264187515   16   16   15    1
 0.03254312302034564   16   16   15    3
 -0.02037671866428183   16   16   15   12
 0.3948207590851445   16   16   15   15
 1.899268103646243e-15   16   16   16    1
 -0.02356704596404834   16   16   16    2
 1.209007589128017e-15   16   16   16    3
 0.03215033530656359   16   16   16    8
 -0.0001009822201987977   16   16   16    9
 1.824035691758092e-15   16   16   16   12
 0.3669674581647643   16   16   16   16
 -5.294052262337718    1    1  0  0
 -4.812432807345978    2    2  0  0
 0.3186672212606639    3    1  0  0
 -4.559381178056427    3    3  0  0
 -4.415321874494912    4    4  0  0
 -4.415321874494912    5    5  0  0
 -4.313375085184033    6    6  0  0
 -4.313375085184036    7    7  0  0
 0.3803527253232297    8    2  0  0
 -1.044569375385263e-15    8    4  0  0
 -4.333643843943412    8    8  0  0
 -0.3771422338246988    9    2  0  0
 -0.8761983964256649    9    8  0  0
 -2.905988658876806    9    9  0  0
 -0.769395974329475   10    4  0  0
 -3.242004968962421   10   10  0  0
 -0.769395974329475   11    5  0  0
 -3.242004968962421   11   11  0  0
 -0.3748085742525663   12    1  0  0
 -0.598809890238486   12    3  0  0
 -2.763618825198158   12   12  0  0
 -0.8748896480750721   13    6  0  0
 -2.929722278185194   13   13  0  0
 -0.8748896480750701   14    7  0  0
 -2.929722278185192   14   14  0  0
 0.3899968848492501   15    1  0  0
 -0.4452585731848853   15    3  0  0
 1.912720466264687e-15   15    9  0  0
 0.1260329745315364   15   12  0  0
 -3.201308594154344   15   15  0  0
 0.4163840005196984   16    2  0  0
 1.491973133280171e-15   16    4  0  0
 -0.4189021557308094   16    8  0  0
 0.01785669616220981   16    9  0  0
 -4.389892442452103e-15   16   12  0  0
 2.345825472314507e-15   16   15  0  0
 -2.570629410797948   16   16  0  0
 -81.42413077418577  0  0  0  0
