 &FCI NORB=  16,NELEC=10,MS2=0,
  ORBSYM=1,1,1,1,1,1,1,1,1,1,1,1,1,1,1,1
  ISYM=1,
 &END
 0.4502007862259251    1    1    1    1
 0.2394164782612791    2    1    2    1
 0.4492063169934812    2    2    1    1
 0.4532281921115442    2    2    2    2
 -0.0176748377715253    3    1    1    1
 0.0008837001609840961    3    1    2    2
 0.07193246552652026    3    1    3    1
 0.0525495569004306    3    2    2    1
 0.06785332787675426    3    2    3    2
 0.4288059841730329    3    3    1    1
 0.4277820227886334    3    3    2    2
 -0.01178727279445327    3    3    3    1
 0.4352476370642741    3    3    3    3
 0.0673508436880709    4    1    4    1
 0.06312874895173316    4    2    4    2
 0.001742537036203267    4    3    4    1
 0.01715935094377703    4    3    4    3
 0.4228972628695943    4    4    1    1
 0.4233686127707986    4    4    2    2
 -0.01101509952463142    4    4    3    1
 0.394972057118795    4    4    3    3
 0.4222351034344116    4    4    4    4
 0.0673508436880709    5    1    5    1
 0.06312874895173316    5    2    5    2
 0.001742537036203266    5    3    5    1
 0.01715935094377703    5    3    5    3
 0.01611058448817169    5    4    5    4
 0.4228972628695943    5    5    1    1
 0.4233686127707986    5    5    2    2
 -0.01101509952463142    5    5    3    1
 0.394972057118795    5    5    3    3
 0.3900139344580683    5    5    4    4
 0.4222351034344116    5    5    5    5
 -0.06310474260510379    6    1    5    2
 0.06321947323849572    6    1    6    1
 -0.06873261184612861    6    2    5    1
 -0.004642811125968203    6    2    5    3
 0.07074199849894672    6    2    6    2
 -0.007608163428067956    6    3    5    2
 0.006173656097616978    6    3    6    1
 0.01574721314374105    6    3    6    3
 0.01625617925281915    6    4    6    4
 -0.2211467508382377    6    5    2    1
 -0.04642302388307229    6    5    3    2
 0.2278762714065719    6    5    6    5
 0.428277654473001    6    6    1    1
 0.4299393980188311    6    6    2    2
 -0.007531057866870127    6    6    3    1
 0.3985462829884996    6    6    3    3
 0.3947429170509179    6    6    4    4
 0.4279780198499658    6    6    5    5
 0.4344664883066169    6    6    6    6
 -0.06310474260510379    7    1    4    2
 0.06321947323849575    7    1    7    1
 -0.06873261184612862    7    2    4    1
 -0.004642811125968203    7    2    4    3
 0.07074199849894672    7    2    7    2
 -0.007608163428067957    7    3    4    2
 0.00617365609761698    7    3    7    1
 0.01574721314374105    7    3    7    3
 -0.2211467508382377    7    4    2    1
 -0.04642302388307229    7    4    3    2
 0.1953639129009336    7    4    6    5
 0.2278762714065719    7    4    7    4
 0.01625617925281915    7    5    6    4
 0.01625617925281915    7    5    7    5
 0.01661755139952394    7    6    5    4
 0.01722423234037365    7    6    7    6
 0.4282776544730011    7    7    1    1
 0.4299393980188311    7    7    2    2
 -0.007531057866870127    7    7    3    1
 0.3985462829884997    7    7    3    3
 0.4279780198499659    7    7    4    4
 0.394742917050918    7    7    5    5
 0.4000180236258698    7    7    6    6
 0.4344664883066171    7    7    7    7
 -0.01624347169135979    8    1    2    1
 0.05652487097067101    8    1    3    2
 0.01639594813613873    8    1    6    5
 0.01639594813613873    8    1    7    4
 0.06542626255078302    8    1    8    1
 -0.03029689787128974    8    2    1    1
 -0.01305355739021055    8    2    2    2
 0.07027778027786402    8    2    3    1
 -0.01618239581076078    8    2    3    3
 -0.02404179582024276    8    2    4    4
 -0.02404179582024276    8    2    5    5
 -0.02178897721221911    8    2    6    6
 -0.02178897721221912    8    2    7    7
 0.07244588392564733    8    2    8    2
 0.212980990829213    8    3    2    1
 0.04865903110937785    8    3    3    2
 -0.1879498324856961    8    3    6    5
 -0.1879498324856962    8    3    7    4
 -0.01395171355976253    8    3    8    1
 0.211619513377942    8    3    8    3
 -0.005341698612983643    8    4    4    2
 0.006873600409536452    8    4    7    1
 -0.01520331285605298    8    4    7    3
 0.01745262905221975    8    4    8    4
 -0.005341698612983643    8    5    5    2
 0.006873600409536451    8    5    6    1
 -0.01520331285605298    8    5    6    3
 0.01745262905221975    8    5    8    5
 0.008730790756505338    8    6    5    1
 -0.01656388860918545    8    6    5    3
 -0.006445752356475021    8    6    6    2
 0.01860314715275744    8    6    8    6
 0.008730790756505341    8    7    4    1
 -0.01656388860918545    8    7    4    3
 -0.006445752356475025    8    7    7    2
 0.01860314715275744    8    7    8    7
 0.445404288274233    8    8    1    1
 0.443233331366278    8    8    2    2
 -0.02150294198950686    8    8    3    1
 0.4448597802674639    8    8    3    3
 0.4086499705307995    8    8    4    4
 0.4086499705307995    8    8    5    5
 0.4133782935590364    8    8    6    6
 0.4133782935590365    8    8    7    7
 -0.03057418019263519    8    8    8    2
 0.4651524528659716    8    8    8    8
 0.02172489205765686    9    1    4    1
 0.003475085118144469    9    1    4    3
 -0.02357372426761239    9    1    7    2
 0.002610701079050437    9    1    8    7
 0.02118629161558241    9    1    9    1
 0.0260133747764586    9    2    4    2
 -0.0260638229328086    9    2    7    1
 -0.003016573196261039    9    2    7    3
 -0.003078075747088801    9    2    8    4
 0.02156442738855678    9    2    9    2
 0.006696276134227427    9    3    4    1
 0.002948717247131864    9    3    4    3
 -0.00665885131682518    9    3    7    2
 -0.003704637707863446    9    3    8    7
 0.0007516060331514485    9    3    9    1
 0.009040613071090152    9    3    9    3
 0.09138198855269644    9    4    1    1
 0.09555947936632417    9    4    2    2
 0.00584221128064991    9    4    3    1
 0.0756303068314972    9    4    3    3
 0.08625087987888076    9    4    4    4
 0.07754080988133884    9    4    5    5
 0.08161517650551306    9    4    6    6
 0.09152688413850746    9    4    7    7
 -0.004403542194919305    9    4    8    2
 0.08737817265757482    9    4    8    8
 0.06901680855627104    9    4    9    4
 0.004355034998770958    9    5    5    4
 0.004955853816497174    9    5    7    6
 0.007682303732139363    9    5    9    5
 0.005409708767171927    9    6    6    4
 0.00540970876717193    9    6    7    5
 0.007537553176030101    9    6    9    6
 -0.09636347269416341    9    7    2    1
 -0.01661417242079807    9    7    3    2
 0.08244905875219914    9    7    6    5
 0.093268476286543    9    7    7    4
 0.01239020255011692    9    7    8    1
 -0.08075042763782543    9    7    8    3
 0.07316194517675724    9    7    9    7
 -0.004234762200804508    9    8    4    2
 0.004834309256782881    9    8    7    1
 -0.005310290943603327    9    8    7    3
 0.006764970152174412    9    8    8    4
 -0.002018905828997802    9    8    9    2
 0.008142957408441828    9    8    9    8
 0.3864759029266668    9    9    1    1
 0.3859545638244096    9    9    2    2
 -0.01244448108527356    9    9    3    1
 0.3658915047854498    9    9    3    3
 0.3855843819520787    9    9    4    4
 0.3609331547353208    9    9    5    5
 0.3646920469631343    9    9    6    6
 0.3897604528099155    9    9    7    7
 -0.02262363067068011    9    9    8    2
 0.3771619834382102    9    9    8    8
 0.0747285155141361    9    9    9    4
 0.3686352648648737    9    9    9    9
 0.02172489205765686   10    1    5    1
 0.003475085118144469   10    1    5    3
 -0.02357372426761239   10    1    6    2
 0.002610701079050436   10    1    8    6
 0.02118629161558241   10    1   10    1
 0.0260133747764586   10    2    5    2
 -0.02606382293280859   10    2    6    1
 -0.003016573196261038   10    2    6    3
 -0.0030780757470888   10    2    8    5
 0.02156442738855678   10    2   10    2
 0.006696276134227427   10    3    5    1
 0.002948717247131864   10    3    5    3
 -0.006658851316825181   10    3    6    2
 -0.003704637707863446   10    3    8    6
 0.0007516060331514491   10    3   10    1
 0.009040613071090154   10    3   10    3
 0.004355034998770958   10    4    5    4
 0.004955853816497174   10    4    7    6
 0.007682303732139363   10    4    9    5
 0.007682303732139363   10    4   10    4
 0.09138198855269646   10    5    1    1
 0.09555947936632418   10    5    2    2
 0.00584221128064991   10    5    3    1
 0.0756303068314972   10    5    3    3
 0.07754080988133885   10    5    4    4
 0.08625087987888076   10    5    5    5
 0.09152688413850742   10    5    6    6
 0.08161517650551312   10    5    7    7
 -0.004403542194919306   10    5    8    2
 0.0873781726575748   10    5    8    8
 0.05365220109199231   10    5    9    4
 0.06924732167140753   10    5    9    9
 0.06901680855627101   10    5   10    5
 -0.09636347269416337   10    6    2    1
 -0.01661417242079806   10    6    3    2
 0.09326847628654295   10    6    6    5
 0.08244905875219911   10    6    7    4
 0.01239020255011691   10    6    8    1
 -0.08075042763782539   10    6    8    3
 0.05808683882469707   10    6    9    7
 0.0731619451767572   10    6   10    6
 0.005409708767171931   10    7    6    4
 0.005409708767171934   10    7    7    5
 0.007537553176030101   10    7    9    6
 0.007537553176030103   10    7   10    7
 -0.004234762200804508   10    8    5    2
 0.00483430925678288   10    8    6    1
 -0.005310290943603325   10    8    6    3
 0.006764970152174412   10    8    8    5
 -0.002018905828997803   10    8   10    2
 0.008142957408441828   10    8   10    8
 0.012325613608379   10    9    5    4
 0.0125342029233906   10    9    7    6
 0.002740596921364298   10    9    9    5
 0.002740596921364297   10    9   10    4
 0.01264363197886366   10    9   10    9
 0.3864759029266667   10   10    1    1
 0.3859545638244096   10   10    2    2
 -0.01244448108527356   10   10    3    1
 0.3658915047854498   10   10    3    3
 0.3609331547353208   10   10    4    4
 0.3855843819520788   10   10    5    5
 0.3897604528099156   10   10    6    6
 0.3646920469631344   10   10    7    7
 -0.02262363067068012   10   10    8    2
 0.3771619834382102   10   10    8    8
 0.06924732167140754   10   10    9    4
 0.3433480009071465   10   10    9    9
 0.07472851551413609   10   10   10    5
 0.3686352648648739   10   10   10   10
 0.05993720379300949   11    1    1    1
 0.05974048876455093   11    1    2    2
 -0.01164183647803651   11    1    3    1
 0.0438345007004372   11    1    3    3
 0.05120704974952829   11    1    4    4
 0.0512070497495283   11    1    5    5
 0.0545859398149182   11    1    6    6
 0.05458593981491823   11    1    7    7
 -0.02181695190799754   11    1    8    2
 0.06194624198363027   11    1    8    8
 0.04151770236791838   11    1    9    4
 0.04446922290266713   11    1    9    9
 0.04151770236791838   11    1   10    5
 0.04446922290266713   11    1   10   10
 0.04185385436918149   11    1   11    1
 0.06274982793068239   11    2    2    1
 -0.009072104787906444   11    2    3    2
 -0.05641782635433635   11    2    6    5
 -0.05641782635433636   11    2    7    4
 -0.02956945603557174   11    2    8    1
 0.05435568127967656   11    2    8    3
 -0.04089177896705625   11    2    9    7
 -0.04089177896705623   11    2   10    6
 0.03652112860619195   11    2   11    2
 -0.03938669022729764   11    3    1    1
 -0.04414490212101863   11    3    2    2
 -0.007829788197351674   11    3    3    1
 -0.03168160157945182   11    3    3    3
 -0.03236083663059716   11    3    4    4
 -0.03236083663059715   11    3    5    5
 -0.03630170450283268   11    3    6    6
 -0.0363017045028327   11    3    7    7
 0.001626944403449857   11    3    8    2
 -0.04924176628531255   11    3    8    8
 -0.03193030963635523   11    3    9    4
 -0.026827543960766   11    3    9    9
 -0.03193030963635522   11    3   10    5
 -0.02682754396076601   11    3   10   10
 -0.0352072508759134   11    3   11    1
 0.04147472733059449   11    3   11    3
 0.005989029636652697   11    4    4    1
 -0.0007619403349339904   11    4    4    3
 -0.007189966002011823   11    4    7    2
 0.005243295930895437   11    4    8    7
 0.01572705948550959   11    4    9    1
 -0.005804483211507107   11    4    9    3
 0.01729640193708812   11    4   11    4
 0.005989029636652697   11    5    5    1
 -0.0007619403349339903   11    5    5    3
 -0.007189966002011819   11    5    6    2
 0.005243295930895436   11    5    8    6
 0.01572705948550959   11    5   10    1
 -0.005804483211507108   11    5   10    3
 0.01729640193708812   11    5   11    5
 -0.01200983042032817   11    6    5    2
 0.01256910422871188   11    6    6    1
 -0.003728178360064555   11    6    6    3
 0.007298134074009205   11    6    8    5
 -0.01416133150744457   11    6   10    2
 0.006378686110889612   11    6   10    8
 0.01393429925175658   11    6   11    6
 -0.01200983042032817   11    7    4    2
 0.01256910422871189   11    7    7    1
 -0.003728178360064557   11    7    7    3
 0.007298134074009209   11    7    8    4
 -0.01416133150744457   11    7    9    2
 0.006378686110889615   11    7    9    8
 0.01393429925175659   11    7   11    7
 -0.09996183199143691   11    8    2    1
 -0.003481915990771274   11    8    3    2
 0.08810819198241283   11    8    6    5
 0.08810819198241288   11    8    7    4
 0.02819389395341462   11    8    8    1
 -0.09748210495650071   11    8    8    3
 0.05059456789388462   11    8    9    7
 0.05059456789388458   11    8   10    6
 -0.04453879408745393   11    8   11    2
 0.06660859229181154   11    8   11    8
 0.04217377667804012   11    9    4    1
 -0.008678813859596205   11    9    4    3
 -0.04090046276143024   11    9    7    2
 0.01361989393156248   11    9    8    7
 0.008049324959436879   11    9    9    1
 0.004253565250910675   11    9    9    3
 -0.0005708468184852461   11    9   11    4
 0.03872867557577959   11    9   11    9
 0.04217377667804012   11   10    5    1
 -0.008678813859596205   11   10    5    3
 -0.04090046276143024   11   10    6    2
 0.01361989393156248   11   10    8    6
 0.008049324959436879   11   10   10    1
 0.004253565250910675   11   10   10    3
 -0.000570846818485247   11   10   11    5
 0.03872867557577959   11   10   11   10
 0.4231931567128367   11   11    1    1
 0.406862664307265   11   11    2    2
 -0.07090809026675186   11   11    3    1
 0.4129288415507147   11   11    3    3
 0.3946322083772629   11   11    4    4
 0.3946322083772629   11   11    5    5
 0.3948270768208788   11   11    6    6
 0.3948270768208789   11   11    7    7
 -0.07550947235194481   11   11    8    2
 0.4283738242243649   11   11    8    8
 0.06661392423887655   11   11    9    4
 0.3745767719698183   11   11    9    9
 0.06661392423887653   11   11   10    5
 0.3745767719698183   11   11   10   10
 0.05055511763119714   11   11   11    1
 -0.01816217511373998   11   11   11    3
 0.4635696190716554   11   11   11   11
 0.04513546892694633   12    1    2    1
 0.02347437519122092   12    1    3    2
 -0.03902150157056482   12    1    6    5
 -0.03902150157056484   12    1    7    4
 0.01092410713817851   12    1    8    1
 0.0365703964147699   12    1    8    3
 -0.0324309287289497   12    1    9    7
 -0.03243092872894968   12    1   10    6
 0.01202343392304176   12    1   11    2
 -0.01511825319418826   12    1   11    8
 0.02744427023709886   12    1   12    1
 0.05723575624695464   12    2    1    1
 0.06317424638145525   12    2    2    2
 0.01883420106437273   12    2    3    1
 0.05243346398041371   12    2    3    3
 0.05096287773515407   12    2    4    4
 0.05096287773515407   12    2    5    5
 0.05358128526714518   12    2    6    6
 0.05358128526714521   12    2    7    7
 0.01450307227855573   12    2    8    2
 0.05225758324680958   12    2    8    8
 0.0364389549645908   12    2    9    4
 0.04576597030468997   12    2    9    9
 0.03643895496459081   12    2   10    5
 0.04576597030468999   12    2   10   10
 0.01529133360673775   12    2   11    1
 -0.01175103394764284   12    2   11    3
 0.03405188141566731   12    2   11   11
 0.03626109781279879   12    2   12    2
 0.06393488990875922   12    3    2    1
 0.0173152659428731   12    3    3    2
 -0.05393766826836326   12    3    6    5
 -0.05393766826836328   12    3    7    4
 -0.002109158566593342   12    3    8    1
 0.05920135521510202   12    3    8    3
 -0.04230557684557802   12    3    9    7
 -0.04230557684557799   12    3   10    6
 0.02201506832253911   12    3   11    2
 -0.03170577170773797   12    3   11    8
 0.03242092405864631   12    3   12    1
 0.04789428757136777   12    3   12    3
 0.007245547431734081   12    4    4    2
 -0.006972044834573711   12    4    7    1
 -0.003815044311828526   12    4    7    3
 0.002010193507683687   12    4    8    4
 0.01201735245220059   12    4    9    2
 0.004407406792759903   12    4    9    8
 -0.005700940214923982   12    4   11    7
 0.01179354140950273   12    4   12    4
 0.00724554743173408   12    5    5    2
 -0.006972044834573707   12    5    6    1
 -0.003815044311828523   12    5    6    3
 0.002010193507683687   12    5    8    5
 0.01201735245220059   12    5   10    2
 0.004407406792759904   12    5   10    8
 -0.005700940214923984   12    5   11    6
 0.01179354140950273   12    5   12    5
 -0.005927769874363451   12    6    5    1
 -0.00427055395330402   12    6    5    3
 0.007027867716133237   12    6    6    2
 0.002433401926224543   12    6    8    6
 -0.01203792381730731   12    6   10    1
 -0.005908638773028193   12    6   10    3
 -0.006613809414990018   12    6   11    5
 0.00126736278787429   12    6   11   10
 0.01281149528882983   12    6   12    6
 -0.005927769874363461   12    7    4    1
 -0.004270553953304022   12    7    4    3
 0.007027867716133252   12    7    7    2
 0.002433401926224546   12    7    8    7
 -0.01203792381730731   12    7    9    1
 -0.005908638773028194   12    7    9    3
 -0.006613809414990015   12    7   11    4
 0.001267362787874286   12    7   11    9
 0.01281149528882983   12    7   12    7
 0.07069168642367518   12    8    1    1
 0.07214646002420809   12    8    2    2
 0.0004474324164968062   12    8    3    1
 0.06872990555984547   12    8    3    3
 0.06000838935868947   12    8    4    4
 0.06000838935868947   12    8    5    5
 0.06191273894629749   12    8    6    6
 0.06191273894629752   12    8    7    7
 -0.003543315686225317   12    8    8    2
 0.0732084878878424   12    8    8    8
 0.03674067360219573   12    8    9    4
 0.05525875105398345   12    8    9    9
 0.03674067360219573   12    8   10    5
 0.05525875105398344   12    8   10   10
 0.02115872393337651   12    8   11    1
 -0.01678781813956422   12    8   11    3
 0.06292876954003644   12    8   11   11
 0.03490455588555447   12    8   12    2
 0.04464837718216465   12    8   12    8
 0.02946185481146456   12    9    4    2
 -0.02868834449683317   12    9    7    1
 -0.01137810569861704   12    9    7    3
 0.006069004776794239   12    9    8    4
 0.00996879830390744   12    9    9    2
 0.0008905628762520516   12    9    9    8
 -0.0008726203459316725   12    9   11    7
 0.002731739681609458   12    9   12    4
 0.02240931138916045   12    9   12    9
 0.02946185481146456   12   10    5    2
 -0.02868834449683317   12   10    6    1
 -0.01137810569861703   12   10    6    3
 0.006069004776794238   12   10    8    5
 0.009968798303907444   12   10   10    2
 0.0008905628762520497   12   10   10    8
 -0.000872620345931671   12   10   11    6
 0.002731739681609457   12   10   12    5
 0.02240931138916044   12   10   12   10
 0.007289704807813687   12   11    2    1
 0.007404301341870725   12   11    3    2
 -0.0103272359765685   12   11    6    5
 -0.01032723597656851   12   11    7    4
 0.006637778785137657   12   11    8    1
 0.0007200014151737575   12   11    8    3
 0.003653235056833819   12   11    9    7
 0.003653235056833798   12   11   10    6
 -0.004571052986193778   12   11   11    2
 0.005906730571305001   12   11   11    8
 -0.001751679533963183   12   11   12    1
 -0.006891922601210717   12   11   12    3
 0.006189807983093742   12   11   12   11
 0.3540296818985591   12   12    1    1
 0.3668244696653206   12   12    2    2
 0.04150321451156615   12   12    3    1
 0.3572580706210245   12   12    3    3
 0.3378380025946577   12   12    4    4
 0.3378380025946577   12   12    5    5
 0.3438068295658842   12   12    6    6
 0.3438068295658842   12   12    7    7
 0.03447051211045814   12   12    8    2
 0.3621995626137579   12   12    8    8
 0.06314952629293469   12   12    9    4
 0.3187097729769593   12   12    9    9
 0.06314952629293465   12   12   10    5
 0.3187097729769592   12   12   10   10
 0.03069554419459632   12   12   11    1
 -0.03610840409332849   12   12   11    3
 0.3031180590463082   12   12   11   11
 0.04733856315222715   12   12   12    2
 0.04388842348078533   12   12   12    8
 0.3579529949793268   12   12   12   12
 0.04551211301880218   13    1    1    1
 0.05045663675313127   13    1    2    2
 0.01690557838849596   13    1    3    1
 0.04378990918695133   13    1    3    3
 0.04015978861085345   13    1    4    4
 0.04015978861085345   13    1    5    5
 0.04203475266544338   13    1    6    6
 0.0420347526654434   13    1    7    7
 0.01450392080661919   13    1    8    2
 0.04135512562797521   13    1    8    8
 0.02865695205599602   13    1    9    4
 0.03656000917512225   13    1    9    9
 0.02865695205599603   13    1   10    5
 0.03656000917512225   13    1   10   10
 0.009316316598955163   13    1   11    1
 -0.005924924604174289   13    1   11    3
 0.02734035374441175   13    1   11   11
 0.03063132836940479   13    1   12    2
 0.02854918840801144   13    1   12    8
 0.03920648549016445   13    1   12   12
 0.02648138463989012   13    1   13    1
 0.04795541795832921   13    2    2    1
 0.02675433231412552   13    2    3    2
 -0.04057655802543909   13    2    6    5
 -0.04057655802543911   13    2    7    4
 0.0134047006591497   13    2    8    1
 0.04047730578653959   13    2    8    3
 -0.03468296640565638   13    2    9    7
 -0.03468296640565637   13    2   10    6
 0.01199641391650597   13    2   11    2
 -0.01585473356383181   13    2   11    8
 0.03046619190506383   13    2   12    1
 0.03640325165476791   13    2   12    3
 -0.002443881063716211   13    2   12   11
 0.03405032345858235   13    2   13    2
 0.07346397506672191   13    3    1    1
 0.07810192175668637   13    3    2    2
 0.0110050603850186   13    3    3    1
 0.06948716983225345   13    3    3    3
 0.06318089464316995   13    3    4    4
 0.06318089464316995   13    3    5    5
 0.0661762984257224   13    3    6    6
 0.06617629842572244   13    3    7    7
 0.00500873483824028   13    3    8    2
 0.07545919607749994   13    3    8    8
 0.04271937059304579   13    3    9    4
 0.05722253225971826   13    3    9    9
 0.04271937059304579   13    3   10    5
 0.05722253225971826   13    3   10   10
 0.02506805888043522   13    3   11    1
 -0.02340060003293438   13    3   11    3
 0.05410207317030382   13    3   11   11
 0.0393209629243492   13    3   12    2
 0.04627281958026259   13    3   12    8
 0.05379105290100283   13    3   12   12
 0.0317868771077589   13    3   13    1
 0.05056196901435456   13    3   13    3
 0.003719073937801711   13    4    4    1
 0.003908120108123444   13    4    4    3
 -0.004573924050400732   13    4    7    2
 -0.002849148545826388   13    4    8    7
 0.01026458007505012   13    4    9    1
 0.006266898981367551   13    4    9    3
 0.005115670411405839   13    4   11    4
 -0.001781706277841062   13    4   11    9
 -0.01211492271259676   13    4   12    7
 0.01170040463210453   13    4   13    4
 0.00371907393780171   13    5    5    1
 0.003908120108123445   13    5    5    3
 -0.004573924050400728   13    5    6    2
 -0.002849148545826387   13    5    8    6
 0.01026458007505012   13    5   10    1
 0.006266898981367551   13    5   10    3
 0.005115670411405839   13    5   11    5
 -0.001781706277841063   13    5   11   10
 -0.01211492271259676   13    5   12    6
 0.01170040463210453   13    5   13    5
 -0.005151080255915097   13    6    5    2
 0.004815319541655888   13    6    6    1
 0.004212517809789175   13    6    6    3
 -0.002898727532354006   13    6    8    5
 -0.01126858047455137   13    6   10    2
 -0.005042478334794943   13    6   10    8
 0.005011624189811466   13    6   11    6
 -0.01192955207766689   13    6   12    5
 -0.002148454173574059   13    6   12   10
 0.0122081319766499   13    6   13    6
 -0.005151080255915105   13    7    4    2
 0.004815319541655899   13    7    7    1
 0.00421251780978918   13    7    7    3
 -0.002898727532354008   13    7    8    4
 -0.01126858047455137   13    7    9    2
 -0.005042478334794945   13    7    9    8
 0.005011624189811464   13    7   11    7
 -0.01192955207766689   13    7   12    4
 -0.002148454173574066   13    7   12    9
 0.0122081319766499   13    7   13    7
 0.06283379262627208   13    8    2    1
 0.01398469918480841   13    8    3    2
 -0.05278761786382326   13    8    6    5
 -0.05278761786382329   13    8    7    4
 -0.005457296855543947   13    8    8    1
 0.05936064847215612   13    8    8    3
 -0.04124054152360362   13    8    9    7
 -0.04124054152360359   13    8   10    6
 0.02335009454499501   13    8   11    2
 -0.03415502337604465   13    8   11    8
 0.03014480821402558   13    8   12    1
 0.04664610687257854   13    8   12    3
 -0.007669934237576807   13    8   12   11
 0.03384352788171933   13    8   13    2
 0.04598742227457475   13    8   13    8
 0.02770221369093915   13    9    4    1
 0.01095866380850641   13    9    4    3
 -0.02983332904305538   13    9    7    2
 -0.006908690163085629   13    9    8    7
 0.007894089089767339   13    9    9    1
 0.0043581844224343   13    9    9    3
 -0.0009144317229814845   13    9   11    4
 0.0134328268760636   13    9   11    9
 -0.002375798344294171   13    9   12    7
 0.001425182296490383   13    9   13    4
 0.022248950032979   13    9   13    9
 0.02770221369093915   13   10    5    1
 0.01095866380850641   13   10    5    3
 -0.02983332904305538   13   10    6    2
 -0.006908690163085629   13   10    8    6
 0.007894089089767339   13   10   10    1
 0.004358184422434299   13   10   10    3
 -0.0009144317229814856   13   10   11    5
 0.0134328268760636   13   10   11   10
 -0.002375798344294165   13   10   12    6
 0.001425182296490382   13   10   13    5
 0.022248950032979   13   10   13   10
 -0.0226645017191652   13   11    1    1
 -0.01867946196205563   13   11    2    2
 0.01574036582877263   13   11    3    1
 -0.02817763535408454   13   11    3    3
 -0.0155142958371104   13   11    4    4
 -0.0155142958371104   13   11    5    5
 -0.01488258685080274   13   11    6    6
 -0.01488258685080274   13   11    7    7
 0.01463296011206807   13   11    8    2
 -0.03066876656632495   13   11    8    8
 -0.008752062656296029   13   11    9    4
 -0.01627312014940829   13   11    9    9
 -0.008752062656296014   13   11   10    5
 -0.01627312014940823   13   11   10   10
 -0.007583414988501805   13   11   11    1
 0.00296511944112665   13   11   11    3
 -0.03819167102264694   13   11   11   11
 -0.00505450053040422   13   11   12    2
 -0.01298621290690306   13   11   12    8
 -0.007085874413098721   13   11   12   12
 -0.004387739371757299   13   11   13    1
 -0.01045573602136858   13   11   13    3
 0.01106983646787937   13   11   13   11
 0.1929217676424696   13   12    2    1
 0.08462896373998141   13   12    3    2
 -0.1767280373946927   13   12    6    5
 -0.1767280373946927   13   12    7    4
 0.03142658431103913   13   12    8    1
 0.1854053140495176   13   12    8    3
 -0.06660083676322055   13   12    9    7
 -0.0666008367632205   13   12   10    6
 0.03181943600188973   13   12   11    2
 -0.07243298367878595   13   12   11    8
 0.03724794685225703   13   12   12    1
 0.04447476340348235   13   12   12    3
 0.009577636035621648   13   12   12   11
 0.04114290516235132   13   12   13    2
 0.0421791260305282   13   12   13    8
 0.215405016884622   13   12   13   12
 0.360113408885813   13   13    1    1
 0.3716847363313636   13   13    2    2
 0.0369512823903786   13   13    3    1
 0.3632684083130486   13   13    3    3
 0.3430520693605734   13   13    4    4
 0.3430520693605734   13   13    5    5
 0.3487315330566661   13   13    6    6
 0.3487315330566662   13   13    7    7
 0.03024116220355238   13   13    8    2
 0.3680010013588094   13   13    8    8
 0.06398270987701589   13   13    9    4
 0.3238410169721084   13   13    9    9
 0.06398270987701586   13   13   10    5
 0.3238410169721084   13   13   10   10
 0.03100947393610249   13   13   11    1
 -0.03473287109204462   13   13   11    3
 0.3134325987975259   13   13   11   11
 0.04888823026034367   13   13   12    2
 0.04766247019921338   13   13   12    8
 0.3573297258513475   13   13   12   12
 0.04058650926635363   13   13   13    1
 0.05654091486829266   13   13   13    3
 -0.009198500686077764   13   13   13   11
 0.3576134812817473   13   13   13   13
 -0.02153329361228289   14    1    5    2
 0.02168159442571452   14    1    6    1
 0.001524850228802472   14    1    6    3
 0.003739890472710996   14    1    8    5
 -0.01999518349598358   14    1   10    2
 0.00246643504346643   14    1   10    8
 0.01409109444147125   14    1   11    6
 -0.01127305525810543   14    1   12    5
 -0.00732542702313008   14    1   12   10
 0.01063051757559788   14    1   13    6
 0.0188432991762894   14    1   14    1
 -0.02085166424934237   14    2    5    1
 -0.002206257970355213   14    2    5    3
 0.0222869592458005   14    2    6    2
 -0.003181715674710651   14    2    8    6
 -0.02035903545377418   14    2   10    1
 -0.002338580234713034   14    2   10    3
 -0.0143264056738641   14    2   11    5
 -0.008988804817507245   14    2   11   10
 0.01274120035744229   14    2   12    6
 -0.01124541445607809   14    2   13    5
 -0.00675471536240126   14    2   13   10
 0.02015781992709315   14    2   14    2
 -0.00171896615188216   14    3    5    2
 0.001275969013365162   14    3    6    1
 0.004493821893315214   14    3    6    3
 -0.004460840516918634   14    3    8    5
 -0.002614635308794732   14    3   10    2
 -0.006808449338023745   14    3   10    8
 -0.002729888072294144   14    3   11    6
 -0.006388124050392563   14    3   12    5
 -0.002586201806728864   14    3   12   10
 0.006761565673457038   14    3   13    6
 0.001903385996028501   14    3   14    1
 0.006679575833550556   14    3   14    3
 0.004114112281420479   14    4    6    4
 0.004114112281420482   14    4    7    5
 0.007310735637102328   14    4    9    6
 0.007310735637102329   14    4   10    7
 0.007200646465004072   14    4   14    4
 -0.07960810375023369   14    5    2    1
 -0.011969122469485   14    5    3    2
 0.07568797705170399   14    5    6    5
 0.06745975248886302   14    5    7    4
 0.01240011806258731   14    5    8    1
 -0.06663169111903797   14    5    8    3
 0.05262162504596134   14    5    9    7
 0.06724309632016601   14    5   10    6
 -0.03743272395093847   14    5   11    2
 0.04446516270825379   14    5   11    8
 -0.02986647757653968   14    5   12    1
 -0.03894483708972561   14    5   12    3
 0.004866644875296397   14    5   12   11
 -0.03204404643916275   14    5   13    2
 -0.03797697120621328   14    5   13    8
 -0.05200082939408184   14    5   13   12
 0.06276412603482288   14    5   14    5
 0.09243987624993061   14    6    1    1
 0.09516949605583495   14    6    2    2
 0.0009776584511255292   14    6    3    1
 0.07799778692585456   14    6    3    3
 0.07825721674379263   14    6    4    4
 0.08616398586827177   14    6    5    5
 0.09077183331295655   14    6    6    6
 0.08187710901164799   14    6    7    7
 -0.008348635398144011   14    6    8    2
 0.08902322336422899   14    6    8    8
 0.05308269560116109   14    6    9    4
 0.07090667178792419   14    6    9    9
 0.06822813113063854   14    6   10    5
 0.07641622784890995   14    6   10   10
 0.04053946833281905   14    6   11    1
 -0.02886578300819008   14    6   11    3
 0.07376823315882498   14    6   11   11
 0.03648626966664875   14    6   12    2
 0.0379313786296705   14    6   12    8
 0.06033813914675986   14    6   12   12
 0.02905475863769116   14    6   13    1
 0.04277962368907547   14    6   13    3
 -0.01088127767842177   14    6   13   11
 0.06176522351728589   14    6   13   13
 0.06855172080005523   14    6   14    6
 0.003953384562239554   14    7    5    4
 0.004447362150654269   14    7    7    6
 0.007572717764738718   14    7    9    5
 0.007572717764738718   14    7   10    4
 0.002754778030492886   14    7   10    9
 0.007652018879038109   14    7   14    7
 0.005453728157624767   14    8    5    1
 -0.004242910743719615   14    8    5    3
 -0.005275602290053728   14    8    6    2
 0.006300678254095955   14    8    8    6
 0.002907279099409948   14    8   10    1
 -0.007001433361758699   14    8   10    3
 0.006313603801229029   14    8   11    5
 0.005820862601468459   14    8   11   10
 0.004708111456968226   14    8   12    6
 -0.00511840008989223   14    8   13    5
 -0.0003149838807143503   14    8   13   10
 -0.001776821750839918   14    8   14    2
 0.008175669745101624   14    8   14    8
 0.01177787665567565   14    9    6    4
 0.01177787665567565   14    9    7    5
 0.003561911156841487   14    9    9    6
 0.00356191115684149   14    9   10    7
 0.002567022099475214   14    9   14    4
 0.01154403014023522   14    9   14    9
 -0.1818608351518627   14   10    2    1
 -0.04015358097327271   14   10    3    2
 0.187507664416164   14   10    6    5
 0.1639519111048126   14   10    7    4
 0.01175174607932164   14   10    8    1
 -0.157422074015373   14   10    8    3
 0.07058612373866482   14   10    9    7
 0.07770994605234775   14   10   10    6
 -0.04760515623229342   14   10   11    2
 0.07587878339808726   14   10   11    8
 -0.03266180437164959   14   10   12    1
 -0.04584194308048715   14   10   12    3
 -0.008146863878623062   14   10   12   11
 -0.03426466825696396   14   10   13    2
 -0.04492752486382451   14   10   13    8
 -0.1566831370597585   14   10   13   12
 0.06304281134943619   14   10   14    5
 0.1683734115047941   14   10   14   10
 -0.03196405992924327   14   11    5    2
 0.03259121905021661   14   11    6    1
 -0.002788150041594922   14   11    6    3
 0.009699560936924903   14   11    8    5
 -0.01168614420599767   14   11   10    2
 0.006099283692346513   14   11   10    8
 0.007564688867993879   14   11   11    6
 0.0001059502468551094   14   11   12    5
 -0.01328998954213263   14   11   12   10
 -0.001499371688411481   14   11   13    6
 0.009832528776315248   14   11   14    1
 -0.002341564827013373   14   11   14    3
 0.02320407409347645   14   11   14   11
 -0.03236154313549739   14   12    5    1
 -0.01019999445114797   14   12    5    3
 0.03426088576275228   14   12    6    2
 0.005958520556874796   14   12    8    6
 -0.007590199474577706   14   12   10    1
 -0.00489602038264399   14   12   10    3
 0.002174667456827747   14   12   11    5
 -0.01813413792487907   14   12   11   10
 0.001218437394184483   14   12   12    6
 -0.0003935353792335619   14   12   13    5
 -0.02426149948199518   14   12   13   10
 0.006630070614493779   14   12   14    2
 -0.0004856975856596894   14   12   14    8
 0.02711262312034378   14   12   14   12
 -0.02950434342354844   14   13    5    2
 0.02865754429676564   14   13    6    1
 0.01209809722715437   14   13    6    3
 -0.006909558392027312   14   13    8    5
 -0.008588163926808782   14   13   10    2
 -0.0008972550840767895   14   13   10    8
 -0.0003829764813336439   14   13   11    6
 -0.001492914982097317   14   13   12    5
 -0.0233746921970968   14   13   12   10
 0.0008968305193349324   14   13   13    6
 0.005874563152404299   14   13   14    1
 0.002267247743538594   14   13   14    3
 0.0133453194995068   14   13   14   11
 0.02461061211190667   14   13   14   13
 0.377128430541303   14   14    1    1
 0.3784420458673768   14   14    2    2
 -0.005960928462681723   14   14    3    1
 0.3559312993160441   14   14    3    3
 0.35339264799378   14   14    4    4
 0.3779776718215455   14   14    5    5
 0.382867385037356   14   14    6    6
 0.3576205304344658   14   14    7    7
 -0.01693620852889745   14   14    8    2
 0.3680211700502198   14   14    8    8
 0.06722303723589008   14   14    9    4
 0.3359620882265029   14   14    9    9
 0.07204350744284249   14   14   10    5
 0.3609615636447646   14   14   10   10
 0.04411993291978316   14   14   11    1
 -0.03031156969263616   14   14   11    3
 0.3585543570212148   14   14   11   11
 0.04330238550683743   14   14   12    2
 0.05130327785810068   14   14   12    8
 0.3183692025250798   14   14   12   12
 0.03400584465034315   14   14   13    1
 0.05467396943213289   14   14   13    3
 -0.01270150350964321   14   14   13   11
 0.3224947981399633   14   14   13   13
 0.07211139653605717   14   14   14    6
 0.3561877422661214   14   14   14   14
 -0.02153329361228288   15    1    4    2
 0.02168159442571451   15    1    7    1
 0.001524850228802473   15    1    7    3
 0.003739890472710995   15    1    8    4
 -0.01999518349598358   15    1    9    2
 0.00246643504346643   15    1    9    8
 0.01409109444147127   15    1   11    7
 -0.01127305525810543   15    1   12    4
 -0.00732542702313009   15    1   12    9
 0.01063051757559789   15    1   13    7
 0.0188432991762894   15    1   15    1
 -0.02085166424934236   15    2    4    1
 -0.002206257970355211   15    2    4    3
 0.02228695924580049   15    2    7    2
 -0.003181715674710652   15    2    8    7
 -0.02035903545377418   15    2    9    1
 -0.002338580234713032   15    2    9    3
 -0.01432640567386411   15    2   11    4
 -0.008988804817507254   15    2   11    9
 0.0127412003574423   15    2   12    7
 -0.0112454144560781   15    2   13    4
 -0.006754715362401268   15    2   13    9
 0.02015781992709315   15    2   15    2
 -0.001718966151882158   15    3    4    2
 0.001275969013365161   15    3    7    1
 0.004493821893315212   15    3    7    3
 -0.004460840516918631   15    3    8    4
 -0.002614635308794731   15    3    9    2
 -0.006808449338023743   15    3    9    8
 -0.002729888072294143   15    3   11    7
 -0.006388124050392563   15    3   12    4
 -0.002586201806728866   15    3   12    9
 0.006761565673457039   15    3   13    7
 0.0019033859960285   15    3   15    1
 0.006679575833550553   15    3   15    3
 -0.07960810375023364   15    4    2    1
 -0.01196912246948499   15    4    3    2
 0.06745975248886298   15    4    6    5
 0.07568797705170394   15    4    7    4
 0.01240011806258731   15    4    8    1
 -0.06663169111903795   15    4    8    3
 0.06724309632016601   15    4    9    7
 0.05262162504596133   15    4   10    6
 -0.03743272395093844   15    4   11    2
 0.04446516270825381   15    4   11    8
 -0.02986647757653968   15    4   12    1
 -0.03894483708972563   15    4   12    3
 0.004866644875296472   15    4   12   11
 -0.03204404643916274   15    4   13    2
 -0.03797697120621332   15    4   13    8
 -0.0520008293940818   15    4   13   12
 0.04836283310481471   15    4   14    5
 0.05790876715048573   15    4   14   10
 0.06276412603482284   15    4   15    4
 0.004114112281420476   15    5    6    4
 0.004114112281420478   15    5    7    5
 0.007310735637102326   15    5    9    6
 0.007310735637102328   15    5   10    7
 0.007200646465004071   15    5   14    4
 0.00256702209947521   15    5   14    9
 0.007200646465004071   15    5   15    5
 0.003953384562239546   15    6    5    4
 0.004447362150654262   15    6    7    6
 0.007572717764738715   15    6    9    5
 0.007572717764738715   15    6   10    4
 0.002754778030492878   15    6   10    9
 0.007652018879038106   15    6   14    7
 0.007652018879038104   15    6   15    6
 0.09243987624993061   15    7    1    1
 0.09516949605583495   15    7    2    2
 0.0009776584511255308   15    7    3    1
 0.0779977869258546   15    7    3    3
 0.08616398586827176   15    7    4    4
 0.07825721674379264   15    7    5    5
 0.08187710901164801   15    7    6    6
 0.09077183331295657   15    7    7    7
 -0.008348635398144006   15    7    8    2
 0.08902322336422905   15    7    8    8
 0.06822813113063857   15    7    9    4
 0.07641622784891001   15    7    9    9
 0.05308269560116111   15    7   10    5
 0.07090667178792419   15    7   10   10
 0.04053946833281904   15    7   11    1
 -0.02886578300819012   15    7   11    3
 0.07376823315882498   15    7   11   11
 0.03648626966664874   15    7   12    2
 0.03793137862967055   15    7   12    8
 0.06033813914675984   15    7   12   12
 0.02905475863769114   15    7   13    1
 0.04277962368907551   15    7   13    3
 -0.01088127767842186   15    7   13   11
 0.06176522351728592   15    7   13   13
 0.05324768304197903   15    7   14    6
 0.06781315942176167   15    7   14   14
 0.06855172080005524   15    7   15    7
 0.005453728157624765   15    8    4    1
 -0.00424291074371961   15    8    4    3
 -0.005275602290053728   15    8    7    2
 0.006300678254095953   15    8    8    7
 0.002907279099409948   15    8    9    1
 -0.007001433361758697   15    8    9    3
 0.006313603801229029   15    8   11    4
 0.005820862601468459   15    8   11    9
 0.004708111456968223   15    8   12    7
 -0.005118400089892227   15    8   13    4
 -0.0003149838807143445   15    8   13    9
 -0.001776821750839916   15    8   15    2
 0.008175669745101619   15    8   15    8
 -0.1818608351518627   15    9    2    1
 -0.04015358097327271   15    9    3    2
 0.1639519111048126   15    9    6    5
 0.1875076644161639   15    9    7    4
 0.01175174607932164   15    9    8    1
 -0.157422074015373   15    9    8    3
 0.07770994605234779   15    9    9    7
 0.07058612373866474   15    9   10    6
 -0.0476051562322934   15    9   11    2
 0.07587878339808728   15    9   11    8
 -0.03266180437164958   15    9   12    1
 -0.04584194308048718   15    9   12    3
 -0.008146863878623139   15    9   12   11
 -0.03426466825696396   15    9   13    2
 -0.04492752486382454   15    9   13    8
 -0.1566831370597586   15    9   13   12
 0.05790876715048572   15    9   14    5
 0.1452853512243236   15    9   14   10
 0.06304281134943614   15    9   15    4
 0.1683734115047942   15    9   15    9
 0.01177787665567565   15   10    6    4
 0.01177787665567565   15   10    7    5
 0.003561911156841484   15   10    9    6
 0.003561911156841488   15   10   10    7
 0.00256702209947521   15   10   14    4
 0.01154403014023521   15   10   14    9
 0.002567022099475208   15   10   15    5
 0.01154403014023521   15   10   15   10
 -0.03196405992924328   15   11    4    2
 0.03259121905021661   15   11    7    1
 -0.002788150041594921   15   11    7    3
 0.009699560936924902   15   11    8    4
 -0.01168614420599768   15   11    9    2
 0.006099283692346517   15   11    9    8
 0.007564688867993896   15   11   11    7
 0.0001059502468551   15   11   12    4
 -0.01328998954213265   15   11   12    9
 -0.001499371688411467   15   11   13    7
 0.009832528776315254   15   11   15    1
 -0.002341564827013368   15   11   15    3
 0.02320407409347646   15   11   15   11
 -0.0323615431354974   15   12    4    1
 -0.01019999445114797   15   12    4    3
 0.0342608857627523   15   12    7    2
 0.005958520556874794   15   12    8    7
 -0.007590199474577715   15   12    9    1
 -0.004896020382643989   15   12    9    3
 0.002174667456827739   15   12   11    4
 -0.0181341379248791   15   12   11    9
 0.001218437394184498   15   12   12    7
 -0.0003935353792335637   15   12   13    4
 -0.0242614994819952   15   12   13    9
 0.006630070614493778   15   12   15    2
 -0.0004856975856596942   15   12   15    8
 0.0271126231203438   15   12   15   12
 -0.02950434342354845   15   13    4    2
 0.02865754429676565   15   13    7    1
 0.01209809722715436   15   13    7    3
 -0.00690955839202731   15   13    8    4
 -0.008588163926808794   15   13    9    2
 -0.0008972550840767839   15   13    9    8
 -0.000382976481333633   15   13   11    7
 -0.001492914982097321   15   13   12    4
 -0.02337469219709681   15   13   12    9
 0.0008968305193349479   15   13   13    7
 0.005874563152404305   15   13   15    1
 0.002267247743538594   15   13   15    3
 0.01334531949950683   15   13   15   11
 0.02461061211190668   15   13   15   13
 0.01229251191388274   15   14    5    4
 0.01262342730144513   15   14    7    6
 0.002410235103476174   15   14    9    5
 0.002410235103476174   15   14   10    4
 0.01249973770913079   15   14   10    9
 0.002149118557147757   15   14   14    7
 0.002149118557147752   15   14   15    6
 0.01286004126956554   15   14   15   14
 0.377128430541303   15   15    1    1
 0.3784420458673767   15   15    2    2
 -0.005960928462681721   15   15    3    1
 0.3559312993160441   15   15    3    3
 0.3779776718215454   15   15    4    4
 0.3533926479937799   15   15    5    5
 0.3576205304344656   15   15    6    6
 0.382867385037356   15   15    7    7
 -0.01693620852889744   15   15    8    2
 0.3680211700502197   15   15    8    8
 0.07204350744284241   15   15    9    4
 0.3609615636447644   15   15    9    9
 0.06722303723589004   15   15   10    5
 0.3359620882265028   15   15   10   10
 0.04411993291978313   15   15   11    1
 -0.03031156969263614   15   15   11    3
 0.3585543570212149   15   15   11   11
 0.04330238550683744   15   15   12    2
 0.05130327785810065   15   15   12    8
 0.3183692025250799   15   15   12   12
 0.03400584465034313   15   15   13    1
 0.05467396943213288   15   15   13    3
 -0.01270150350964311   15   15   13   11
 0.3224947981399633   15   15   13   13
 0.06781315942176168   15   15   14    6
 0.3304676597269902   15   15   14   14
 0.07211139653605718   15   15   15    7
 0.3561877422661212   15   15   15   15
 -0.04748948950896944   16    1    2    1
 0.0009436336368577477   16    1    3    2
 0.04015175319558034   16    1    6    5
 0.04015175319558035   16    1    7    4
 0.0167042750453434   16    1    8    1
 -0.04434440911348737   16    1    8    3
 0.03563144891398699   16    1    9    7
 0.03563144891398698   16    1   10    6
 -0.03041429270180147   16    1   11    2
 0.03866378705950333   16    1   11    8
 -0.01110741473843464   16    1   12    1
 -0.0181831556876046   16    1   12    3
 0.005191386885276396   16    1   12   11
 -0.01148142570982616   16    1   13    2
 -0.01931730667789885   16    1   13    8
 -0.03026363047027832   16    1   13   12
 0.03322876763802386   16    1   14    5
 0.03544696886641269   16    1   14   10
 0.03322876763802385   16    1   15    4
 0.03544696886641268   16    1   15    9
 0.02901489242923043   16    1   16    1
 -0.04499449715748915   16    2    1    1
 -0.04553695143585534   16    2    2    2
 0.005106386045795695   16    2    3    1
 -0.03764428898509929   16    2    3    3
 -0.03657772961892086   16    2    4    4
 -0.03657772961892086   16    2    5    5
 -0.03912459108062834   16    2    6    6
 -0.03912459108062837   16    2    7    7
 0.01153823642296419   16    2    8    2
 -0.04952984171130647   16    2    8    8
 -0.0332431010365571   16    2    9    4
 -0.03321657888065386   16    2    9    9
 -0.03324310103655711   16    2   10    5
 -0.03321657888065386   16    2   10   10
 -0.03103425373868209   16    2   11    1
 0.02595942868492615   16    2   11    3
 -0.03895785838638158   16    2   11   11
 -0.01276287925755054   16    2   12    2
 -0.01561324188129658   16    2   12    8
 -0.02842617025993658   16    2   12   12
 -0.008803002627050206   16    2   13    1
 -0.01862287681544262   16    2   13    3
 0.007113513704059466   16    2   13   11
 -0.02838933922744082   16    2   13   13
 -0.03282909202200859   16    2   14    6
 -0.03245823998039109   16    2   14   14
 -0.03282909202200858   16    2   15    7
 -0.03245823998039106   16    2   15   15
 0.0255656995167787   16    2   16    2
 0.02978789130416092   16    3    2    1
 -0.005482589113097451   16    3    3    2
 -0.02469081723899477   16    3    6    5
 -0.02469081723899478   16    3    7    4
 -0.01623891337583828   16    3    8    1
 0.02970428349736607   16    3    8    3
 -0.02407743274115523   16    3    9    7
 -0.0240774327411552   16    3   10    6
 0.0234380321171074   16    3   11    2
 -0.03241400945583595   16    3   11    8
 0.006919835752787995   16    3   12    1
 0.01698420539939953   16    3   12    3
 -0.006653273477584534   16    3   12   11
 0.007259448573906626   16    3   13    2
 0.01884271042159626   16    3   13    8
 0.01547998058581589   16    3   13   12
 -0.02265193622397155   16    3   14    5
 -0.02257652511883676   16    3   14   10
 -0.02265193622397156   16    3   15    4
 -0.02257652511883678   16    3   15    9
 -0.02222954990075019   16    3   16    1
 0.02200050054197869   16    3   16    3
 -0.001790557455797045   16    4    4    2
 0.00196800655474386   16    4    7    1
 -0.0007869372303915643   16    4    7    3
 0.002073424938232937   16    4    8    4
 -0.01123868368375688   16    4    9    2
 0.005384922668585417   16    4    9    8
 0.01242627228765013   16    4   11    7
 -0.005509643544699332   16    4   12    4
 0.001866695916243629   16    4   12    9
 0.005364164522804769   16    4   13    7
 0.01177690142424616   16    4   15    1
 -0.002845890290901724   16    4   15    3
 0.000455028951712842   16    4   15   11
 -0.003060396613312951   16    4   15   13
 0.01436247041377192   16    4   16    4
 -0.001790557455797045   16    5    5    2
 0.001968006554743856   16    5    6    1
 -0.0007869372303915636   16    5    6    3
 0.002073424938232937   16    5    8    5
 -0.01123868368375688   16    5   10    2
 0.005384922668585418   16    5   10    8
 0.01242627228765013   16    5   11    6
 -0.005509643544699331   16    5   12    5
 0.00186669591624363   16    5   12   10
 0.005364164522804769   16    5   13    6
 0.01177690142424616   16    5   14    1
 -0.002845890290901726   16    5   14    3
 0.000455028951712841   16    5   14   11
 -0.00306039661331295   16    5   14   13
 0.01436247041377192   16    5   16    5
 -0.001108047627294449   16    6    5    1
 0.0008964534846598959   16    6    5    3
 1.601070929525757e-05   16    6    6    2
 0.001739888651080371   16    6    8    6
 0.01331377703834078   16    6   10    1
 -0.005231023485632365   16    6   10    3
 0.01555050231403408   16    6   11    5
 -0.004301489776474936   16    6   11   10
 -0.006406181198672423   16    6   12    6
 0.005565369199734502   16    6   13    5
 -0.002810085605547292   16    6   13   10
 -0.01242912513933682   16    6   14    2
 0.005385666194284392   16    6   14    8
 0.004051457085602374   16    6   14   12
 0.01626121988250705   16    6   16    6
 -0.001108047627294437   16    7    4    1
 0.0008964534846598935   16    7    4    3
 1.601070929524246e-05   16    7    7    2
 0.001739888651080376   16    7    8    7
 0.01331377703834078   16    7    9    1
 -0.005231023485632362   16    7    9    3
 0.01555050231403409   16    7   11    4
 -0.004301489776474921   16    7   11    9
 -0.006406181198672421   16    7   12    7
 0.005565369199734505   16    7   13    4
 -0.002810085605547288   16    7   13    9
 -0.01242912513933682   16    7   15    2
 0.005385666194284394   16    7   15    8
 0.004051457085602369   16    7   15   12
 0.01626121988250705   16    7   16    7
 0.05612412465622298   16    8    1    1
 0.05519946255079955   16    8    2    2
 -0.01289538714880272   16    8    3    1
 0.04784948367054265   16    8    3    3
 0.04613284508126158   16    8    4    4
 0.04613284508126159   16    8    5    5
 0.04887887263080167   16    8    6    6
 0.04887887263080171   16    8    7    7
 -0.02071549468154489   16    8    8    2
 0.06432363983174887   16    8    8    8
 0.03632624742086164   16    8    9    4
 0.04262224556863349   16    8    9    9
 0.03632624742086162   16    8   10    5
 0.04262224556863343   16    8   10   10
 0.03794760645218544   16    8   11    1
 -0.03447223081803583   16    8   11    3
 0.05597479373503706   16    8   11   11
 0.01401892887928878   16    8   12    2
 0.02487229509915436   16    8   12    8
 0.03036558380083627   16    8   12   12
 0.008563881885827842   16    8   13    1
 0.02710236398335828   16    8   13    3
 -0.0114530497162268   16    8   13   11
 0.03175582712534645   16    8   13   13
 0.03588927402795931   16    8   14    6
 0.04192616314476391   16    8   14   14
 0.03588927402795933   16    8   15    7
 0.04192616314476395   16    8   15   15
 -0.02899562771341146   16    8   16    2
 0.04014777542451871   16    8   16    8
 -0.03170224067936741   16    9    4    2
 0.03240234553954702   16    9    7    1
 -0.003771133025643794   16    9    7    3
 0.01056622712350884   16    9    8    4
 -0.01042325654271314   16    9    9    2
 0.004645893064572056   16    9    9    8
 0.005752344293321267   16    9   11    7
 4.388378427753972e-05   16    9   12    4
 -0.01261036119608198   16    9   12    9
 -0.001424615716218861   16    9   13    7
 0.008481089529946511   16    9   15    1
 -0.001076936423435606   16    9   15    3
 0.02397831249809236   16    9   15   11
 0.01266930860153913   16    9   15   13
 -0.00223125583841926   16    9   16    4
 0.02577290385224118   16    9   16    9
 -0.0317022406793674   16   10    5    2
 0.03240234553954701   16   10    6    1
 -0.003771133025643793   16   10    6    3
 0.01056622712350884   16   10    8    5
 -0.01042325654271314   16   10   10    2
 0.004645893064572052   16   10   10    8
 0.005752344293321263   16   10   11    6
 4.38837842775369e-05   16   10   12    5
 -0.01261036119608197   16   10   12   10
 -0.001424615716218864   16   10   13    6
 0.00848108952994652   16   10   14    1
 -0.001076936423435607   16   10   14    3
 0.02397831249809236   16   10   14   11
 0.01266930860153912   16   10   14   13
 -0.002231255838419258   16   10   16    5
 0.02577290385224118   16   10   16   10
 -0.1493334813203432   16   11    2    1
 0.0008258155617818592   16   11    3    2
 0.1397856216622871   16   11    6    5
 0.1397856216622871   16   11    7    4
 0.04645540246034231   16   11    8    1
 -0.1379752234730337   16   11    8    3
 0.060289998228115   16   11    9    7
 0.06028999822811492   16   11   10    6
 -0.05239704861130048   16   11   11    2
 0.07795308547703032   16   11   11    8
 -0.01805199280930023   16   11   12    1
 -0.0398868207895265   16   11   12    3
 0.001316812977227797   16   11   12   11
 -0.01859873920924559   16   11   13    2
 -0.04185914465145334   16   11   13    8
 -0.1025176828356594   16   11   13   12
 0.05021649409378447   16   11   14    5
 0.1214215103964991   16   11   14   10
 0.05021649409378447   16   11   15    4
 0.1214215103964992   16   11   15    9
 0.03655547473123055   16   11   16    1
 -0.02796571267971574   16   11   16    3
 0.1258353611511218   16   11   16   11
 2.505532469716339e-05   16   12    1    1
 0.0005625587313364985   16   12    2    2
 0.001233658349877277   16   12    3    1
 0.006960550942883385   16   12    3    3
 -0.003881367254940366   16   12    4    4
 -0.00388136725494038   16   12    5    5
 -0.003545401559191821   16   12    6    6
 -0.003545401559191802   16   12    7    7
 0.001442517372243928   16   12    8    2
 0.00996947221250432   16   12    8    8
 0.004659580000779681   16   12    9    4
 -0.002203144645817866   16   12    9    9
 0.004659580000779654   16   12   10    5
 -0.002203144645817969   16   12   10   10
 0.005540817010107076   16   12   11    1
 -0.008195043733790259   16   12   11    3
 0.001405930296015229   16   12   11   11
 -8.98008047655246e-06   16   12   12    2
 0.001279674870690263   16   12   12    8
 0.009591043071211943   16   12   12   12
 -0.0001992439090181175   16   12   13    1
 0.002255570133819349   16   12   13    3
 -0.004091721752926374   16   12   13   11
 0.00875244880881455   16   12   13   13
 0.004664300253745856   16   12   14    6
 -0.002075327870460437   16   12   14   14
 0.004664300253745883   16   12   15    7
 -0.002075327870460322   16   12   15   15
 -0.006334199181548444   16   12   16    2
 0.006990848217996742   16   12   16    8
 0.007116153615528173   16   12   16   12
 0.01042909516117314   16   13    2    1
 0.0002370968457332636   16   13    3    2
 -0.005744607004338485   16   13    6    5
 -0.005744607004338501   16   13    7    4
 -0.003872417478172108   16   13    8    1
 0.01848217913653775   16   13    8    3
 -0.007812290224194716   16   13    9    7
 -0.007812290224194705   16   13   10    6
 0.007392159025751502   16   13   11    2
 -0.01298823076800756   16   13   11    8
 0.0009053486589083519   16   13   12    1
 0.004086540458592214   16   13   12    3
 -0.004450585688054043   16   13   12   11
 0.001435846935697038   16   13   13    2
 0.00482005836066284   16   13   13    8
 0.01514331842357087   16   13   13   12
 -0.00763068347626757   16   13   14    5
 -0.006574278685531518   16   13   14   10
 -0.007630683476267576   16   13   15    4
 -0.006574278685531571   16   13   15    9
 -0.008728144115916874   16   13   16    1
 0.006645786944899706   16   13   16    3
 -0.01113767157542218   16   13   16   11
 0.008079260330720078   16   13   16   13
 0.03915303023335343   16   14    5    1
 -0.006865883855941447   16   14    5    3
 -0.03839655440373593   16   14    6    2
 0.01211740151681386   16   14    8    6
 0.007147108882666233   16   14   10    1
 0.00332999596126175   16   14   10    3
 -0.0006424252612504936   16   14   11    5
 0.03465067428952145   16   14   11   10
 0.001538922345422245   16   14   12    6
 -0.002470306495087332   16   14   13    5
 0.01361319232664041   16   14   13   10
 -0.00737539494263842   16   14   14    2
 0.00476274221488041   16   14   14    8
 -0.01734221171114178   16   14   14   12
 -0.005605014709248153   16   14   16    6
 0.03338677202199514   16   14   16   14
 0.03915303023335343   16   15    4    1
 -0.006865883855941447   16   15    4    3
 -0.03839655440373595   16   15    7    2
 0.01211740151681386   16   15    8    7
 0.007147108882666233   16   15    9    1
 0.00332999596126175   16   15    9    3
 -0.0006424252612504928   16   15   11    4
 0.03465067428952147   16   15   11    9
 0.001538922345422243   16   15   12    7
 -0.002470306495087333   16   15   13    4
 0.01361319232664041   16   15   13    9
 -0.007375394942638413   16   15   15    2
 0.004762742214880411   16   15   15    8
 -0.01734221171114179   16   15   15   12
 -0.005605014709248146   16   15   16    7
 0.03338677202199514   16   15   16   15
 0.393882747367657   16   16    1    1
 0.3826706660963198   16   16    2    2
 -0.05256207436941287   16   16    3    1
 0.3785986848060341   16   16    3    3
 0.373554630809979   16   16    4    4
 0.3735546308099789   16   16    5    5
 0.3746029256532331   16   16    6    6
 0.3746029256532332   16   16    7    7
 -0.05959066447935085   16   16    8    2
 0.395181687622311   16   16    8    8
 0.05645615790269149   16   16    9    4
 0.354347973352127   16   16    9    9
 0.05645615790269144   16   16   10    5
 0.3543479733521269   16   16   10   10
 0.0446989266424224   16   16   11    1
 -0.02191702301250196   16   16   11    3
 0.4167557541724353   16   16   11   11
 0.02932249139241429   16   16   12    2
 0.05310516071554155   16   16   12    8
 0.2955769916033937   16   16   12   12
 0.02209670680145674   16   16   13    1
 0.04832086823154938   16   16   13    3
 -0.02712577041783905   16   16   13   11
 0.3033670365714243   16   16   13   13
 0.06093522375313788   16   16   14    6
 0.3431446444044907   16   16   14   14
 0.0609352237531379   16   16   15    7
 0.3431446444044907   16   16   15   15
 -0.03091040422010561   16   16   16    2
 0.04666650867488972   16   16   16    8
 -0.0004591226062574741   16   16   16   12
 0.3894309083824303   16   16   16   16
 -4.503377220653279    1    1  0  0
 -1.953413132185862e-15    2    1  0  0
 -4.467935487664801    2    2  0  0
 0.1277897393153732    3    1  0  0
 -3.960629563474179    3    3  0  0
 -3.882743086030538    4    4  0  0
 -3.882743086030538    5    5  0  0
 -3.900663389725453    6    6  0  0
 -3.900663389725453    7    7  0  0
 0.2239116497723946    8    2  0  0
 -3.990391587769599    8    8  0  0
 -0.7114339989020914    9    4  0  0
 -2.804213745967685    9    9  0  0
 -0.7114339989020908   10    5  0  0
 -2.804213745967686   10   10  0  0
 -0.4050172634351204   11    1  0  0
 -1.681290595631053e-15   11    2  0  0
 0.3059503476346042   11    3  0  0
 -3.066433568957953   11   11  0  0
 -1.403506795671802e-15   12    1  0  0
 -0.4094222499173574   12    2  0  0
 -0.5745207398030127   12    8  0  0
 -1.116499820380603e-15   12   11  0  0
 -2.481512622705445   12   12  0  0
 -0.3282458522458341   13    1  0  0
 -1.130533345354821e-15   13    2  0  0
 -0.573866361564638   13    3  0  0
 0.2092438527243964   13   11  0  0
 -2.501758964440456   13   13  0  0
 -0.7317922587894135   14    6  0  0
 -2.631758292264107   14   14  0  0
 -0.7317922587894138   15    7  0  0
 -2.631758292264105   15   15  0  0
 1.787482251706953e-15   16    1  0  0
 0.3005724845511415   16    2  0  0
 -0.4407838772380381   16    8  0  0
 1.434953299693278e-15   16   11  0  0
 -0.01747623666406609   16   12  0  0
 -2.420591179940227   16   16  0  0
 -84.21912059205653  0  0  0  0
