 &FCI NORB=  16,NELEC=10,MS2=0,
  ORBSYM=1,1,1,1,1,1,1,1,1,1,1,1,1,1,1,1
  ISYM=1,
 &END
 0.980851754974558    1    1    1    1
 0.1267662455517716    2    1    2    1
 0.756567891433786    2    2    1    1
 0.6866522620172898    2    2    2    2
 0.1267662455517716    3    1    3    1
 0.02927968932055851    3    2    3    2
 0.756567891433786    3    3    1    1
 0.6280928833761726    3    3    2    2
 0.6866522620172898    3    3    3    3
 0.02599550554443131    4    1    4    1
 0.04087794246764551    4    2    4    2
 0.04087794246764551    4    3    4    3
 0.5659648777439229    4    4    1    1
 0.5443753195725285    4    4    2    2
 0.5443753195725285    4    4    3    3
 0.5597401905499535    4    4    4    4
 -0.1511812719357707    5    1    1    1
 -0.07015080876789281    5    1    2    2
 -0.07015080876789281    5    1    3    3
 -0.02097595395041462    5    1    4    4
 0.05514034949207788    5    1    5    1
 0.02161172494306489    5    2    2    1
 0.03206243716919836    5    2    5    2
 0.02161172494306489    5    3    3    1
 0.03206243716919836    5    3    5    3
 0.05923508710451123    5    4    4    1
 0.2150951622806715    5    4    5    4
 0.6232903370878486    5    5    1    1
 0.5658993907641041    5    5    2    2
 0.5658993907641041    5    5    3    3
 0.5669795989257663    5    5    4    4
 -0.04641526206501494    5    5    5    1
 0.5881960187792197    5    5    5    5
 -0.02351954132123698    6    1    4    3
 0.0173979012468491    6    1    6    1
 0.0107965685945027    6    2    6    2
 -0.0463373411261785    6    3    4    1
 -0.1186970265753093    6    3    5    4
 0.09894416103122647    6    3    6    3
 -0.05942440058218818    6    4    3    1
 -0.04027743157841814    6    4    5    3
 0.0642897585179852    6    4    6    4
 -0.03511791290789042    6    5    4    3
 0.01712720946412962    6    5    6    1
 0.0369912691654256    6    5    6    5
 0.5066199596489545    6    6    1    1
 0.4651442073885007    6    6    2    2
 0.4977275127609359    6    6    3    3
 0.4558114924728974    6    6    4    4
 -0.01995123196004916    6    6    5    1
 0.4604469741056172    6    6    5    5
 0.4259904661312284    6    6    6    6
 -0.02351954132123704    7    1    4    2
 0.01739790124684922    7    1    7    1
 -0.04633734112617862    7    2    4    1
 -0.1186970265753095    7    2    5    4
 0.0773510238422213    7    2    6    3
 0.098944161031227    7    2    7    2
 0.01079656859450272    7    3    6    2
 0.01079656859450275    7    3    7    3
 -0.05942440058218828    7    4    2    1
 -0.04027743157841818    7    4    5    2
 0.06428975851798532    7    4    7    4
 -0.03511791290789047    7    5    4    2
 0.01712720946412966    7    5    7    1
 0.03699126916542564    7    5    7    5
 0.01629165268621762    7    6    3    2
 0.0166548845418052    7    6    7    6
 0.5066199596489555    7    7    1    1
 0.4977275127609368    7    7    2    2
 0.4651442073885016    7    7    3    3
 0.4558114924728979    7    7    4    4
 -0.01995123196004927    7    7    5    1
 0.4604469741056179    7    7    5    5
 0.3926806970476181    7    7    6    6
 0.4259904661312299    7    7    7    7
 -0.01334745026675572    8    1    4    1
 -0.02397074670442559    8    1    5    4
 0.02278156056624047    8    1    6    3
 0.02278156056624062    8    1    7    2
 0.008119214986621433    8    1    8    1
 -0.01791196444488146    8    2    4    2
 0.01157917256968229    8    2    7    1
 0.0121444187137323    8    2    7    5
 0.009798639851799091    8    2    8    2
 -0.01791196444488144    8    3    4    3
 0.01157917256968221    8    3    6    1
 0.01214441871373233    8    3    6    5
 0.009798639851799065    8    3    8    3
 -0.1106295431011451    8    4    1    1
 -0.09573771782899751    8    4    2    2
 -0.09573771782899755    8    4    3    3
 -0.07091801689522111    8    4    4    4
 0.01249196877295178    8    4    5    1
 -0.07491331643513811    8    4    5    5
 -0.05155185092453871    8    4    6    6
 -0.05155185092453907    8    4    7    7
 7.420364409682467e-15    8    4    8    1
 0.03814499501502147    8    4    8    4
 1.110793674191176e-15    8    5    2    2
 1.071472993420448e-15    8    5    3    3
 -0.009029252391760707    8    5    4    1
 1.041238521032228e-15    8    5    4    4
 -0.01928308894164675    8    5    5    4
 1.193807648904606e-15    8    5    5    5
 0.01634937056827325    8    5    6    3
 3.274069151352849e-15    8    5    6    6
 0.01634937056827326    8    5    7    2
 3.082640111395691e-15    8    5    7    7
 0.007948338247846857    8    5    8    1
 0.02171901460357021    8    5    8    5
 0.02169314802173828    8    6    3    1
 0.007801029932970608    8    6    5    3
 -0.01004227204752975    8    6    6    4
 0.0137537379379793    8    6    8    6
 0.02169314802173838    8    7    2    1
 0.007801029932970638    8    7    5    2
 -0.01004227204752991    8    7    7    4
 0.01375373793798179    8    7    8    7
 0.3518069070999589    8    8    1    1
 0.3451463832108327    8    8    2    2
 0.3451463832108326    8    8    3    3
 7.283706273740073e-15    8    8    4    1
 0.3659138309167364    8    8    4    4
 -0.005133463263613605    8    8    5    1
 -8.718430909028253e-15    8    8    5    4
 0.3660912903087693    8    8    5    5
 -8.344441679076134e-15    8    8    6    3
 0.3259468667187396    8    8    6    6
 -1.081724671414925e-14    8    8    7    2
 0.3259468667187619    8    8    7    7
 -2.204499816613135e-13    8    8    8    1
 0.002244933283159257    8    8    8    4
 2.08951324613982e-14    8    8    8    5
 0.3576294752362043    8    8    8    8
 -0.0759920427965315    9    1    1    1
 -0.02915299422764948    9    1    2    2
 -0.02915299422764947    9    1    3    3
 -0.01553900274386426    9    1    4    4
 0.03267400407093069    9    1    5    1
 -0.03108560238122834    9    1    5    5
 -0.009456613228385084    9    1    6    6
 -0.009456613228385145    9    1    7    7
 0.00361525225745459    9    1    8    4
 -0.009342066589047683    9    1    8    8
 0.02413477047221872    9    1    9    1
 0.02032098674119794    9    2    2    1
 0.01363370678726502    9    2    5    2
 -0.01638625970016867    9    2    7    4
 0.007662696166662734    9    2    8    7
 0.0133476045029555    9    2    9    2
 0.02032098674119794    9    3    3    1
 0.01363370678726502    9    3    5    3
 -0.01638625970016866    9    3    6    4
 0.007662696166662824    9    3    8    6
 0.0133476045029555    9    3    9    3
 -0.0007082852485443721    9    4    4    1
 -0.01816387830978464    9    4    5    4
 0.003057043007463809    9    4    6    3
 0.003057043007463718    9    4    7    2
 -0.00414602899849615    9    4    8    1
 -0.01794124628633639    9    4    8    5
 -7.788271913608238e-15    9    4    8    8
 0.02112838284329943    9    4    9    4
 0.1232826544731131    9    5    1    1
 0.08449943713170928    9    5    2    2
 0.08449943713170927    9    5    3    3
 0.04020585874517851    9    5    4    4
 -0.02814944465323913    9    5    5    1
 0.052701233418946    9    5    5    5
 0.03566613005587897    9    5    6    6
 0.03566613005587918    9    5    7    7
 -0.0318951943421679    9    5    8    4
 -0.01042779973383006    9    5    8    8
 -0.01146220732232695    9    5    9    1
 0.0367942698707911    9    5    9    5
 -0.001589130730167756    9    6    4    3
 0.001355013594729761    9    6    6    1
 -0.003197326069743041    9    6    6    5
 0.004387518907338415    9    6    8    3
 0.009758756939195689    9    6    9    6
 -0.001589130730167782    9    7    4    2
 0.001355013594729788    9    7    7    1
 -0.003197326069742971    9    7    7    5
 0.004387518907338479    9    7    8    2
 0.009758756939195593    9    7    9    7
 -0.02710477132227606    9    8    4    1
 -0.1033213844239793    9    8    5    4
 0.05602476790247415    9    8    6    3
 0.05602476790247463    9    8    7    2
 2.567231513056286e-15    9    8    7    7
 0.004206312941885751    9    8    8    1
 4.682450999326892e-15    9    8    8    4
 -0.02373564089998254    9    8    8    5
 -1.16281001569705e-13    9    8    8    8
 0.03944135269472004    9    8    9    4
 1.390574588493335e-15    9    8    9    5
 0.1218036804245792    9    8    9    8
 0.42303103928435    9    9    1    1
 0.394943269154873    9    9    2    2
 0.394943269154873    9    9    3    3
 0.3850771462207706    9    9    4    4
 -0.01953065585715891    9    9    5    1
 0.3929217716546869    9    9    5    5
 0.3510853455890601    9    9    6    6
 0.3510853455890598    9    9    7    7
 -2.238562202924075e-15    9    9    8    1
 -0.01336613841416559    9    9    8    4
 1.163958008915364e-15    9    9    8    5
 0.3405418946721187    9    9    8    8
 -0.01106818365969836    9    9    9    1
 0.01038951221189831    9    9    9    5
 0.3500561845958072    9    9    9    9
 -0.04305992917719238   10    1    2    1
 0.002644263481918439   10    1    5    2
 0.01059355921488992   10    1    7    4
 -0.007389105618123492   10    1    8    7
 0.001524721400431422   10    1    9    2
 0.02414837314290683   10    1   10    1
 -0.1749279434645322   10    2    1    1
 -0.1281672569565218   10    2    2    2
 -0.1172540129442861   10    2    3    3
 -0.08326263640041803   10    2    4    4
 0.03814669582526372   10    2    5    1
 -0.09601372709293947   10    2    5    5
 -0.0576154526476047   10    2    6    6
 -0.05613671868285966   10    2    7    7
 0.03109843237616543   10    2    8    4
 -0.0275908035688414   10    2    8    8
 0.02409713350627131   10    2    9    1
 -0.02929194141188107   10    2    9    5
 -0.03219982226561834   10    2    9    9
 0.06756766059188295   10    2   10    2
 -0.005456622006117852   10    3    3    2
 0.0007393669823727117   10    3    7    6
 0.007128535974242522   10    3   10    3
 -0.005091521358225433   10    4    4    2
 0.002805012410667044   10    4    7    1
 -0.001521676774561883   10    4    7    5
 0.004828418590856419   10    4    8    2
 0.004446022916270167   10    4    9    7
 0.009424443677499263   10    4   10    4
 0.02240472219284136   10    5    2    1
 0.003670254718561791   10    5    5    2
 -0.01430623850664478   10    5    7    4
 -0.001916689182519445   10    5    8    7
 0.004737284299794356   10    5    9    2
 -0.002241532033587755   10    5   10    1
 0.01560421051364297   10    5   10    5
 0.0006849377302806444   10    6    6    2
 0.0006849377302806293   10    6    7    3
 0.006269136824561612   10    6   10    6
 0.00214658600281453   10    7    4    1
 -0.007349232702797286   10    7    5    4
 -0.0003696703824379883   10    7    6    3
 0.001000205078123148   10    7    7    2
 -0.005155890905172535   10    7    8    1
 -0.01322005139553732   10    7    8    5
 1.048856306798439e-14   10    7    8    8
 0.01377063398738919   10    7    9    4
 0.02707492902965829   10    7    9    8
 0.03501667759697608   10    7   10    7
 0.009301841979576253   10    8    4    2
 -0.005314894075093475   10    8    7    1
 -0.008963212684090801   10    8    7    5
 -0.002676130895378916   10    8    8    2
 1.563809396583517e-15   10    8    8    7
 0.004649675371332218   10    8    9    7
 -0.000866258899741603   10    8   10    4
 0.00571804454450273   10    8   10    8
 0.02211243017423076   10    9    2    1
 0.003370329183436534   10    9    5    2
 -0.00718168765983557   10    9    7    4
 0.007612142743439766   10    9    8    7
 0.009934056435451687   10    9    9    2
 -0.002320774253256836   10    9   10    1
 0.009280248562051186   10    9   10    5
 0.01658088911336188   10    9   10    9
 0.5036858669248707   10   10    1    1
 0.4760611374407329   10   10    2    2
 0.4454660079042438   10   10    3    3
 0.4055609470628033   10   10    4    4
 -0.03159090196183293   10   10    5    1
 0.417199278523756   10   10    5    5
 0.3664911033138298   10   10    6    6
 0.3942078641591785   10   10    7    7
 -0.04950050340166792   10   10    8    4
 0.2949755463947679   10   10    8    8
 -0.01078614103624225   10   10    9    1
 0.04631717197143252   10   10    9    5
 2.332542597147536e-15   10   10    9    8
 0.333743600784503   10   10    9    9
 -0.04688309499893061   10   10   10    2
 0.4012627266375655   10   10   10   10
 -0.04305992917719238   11    1    3    1
 0.002644263481918439   11    1    5    3
 0.01059355921488987   11    1    6    4
 -0.007389105618123434   11    1    8    6
 0.001524721400431421   11    1    9    3
 0.02414837314290683   11    1   11    1
 -0.005456622006117852   11    2    3    2
 0.0007393669823727114   11    2    7    6
 0.007128535974242521   11    2   10    3
 0.007128535974242521   11    2   11    2
 -0.1749279434645322   11    3    1    1
 -0.1172540129442861   11    3    2    2
 -0.1281672569565218   11    3    3    3
 -0.08326263640041806   11    3    4    4
 0.03814669582526371   11    3    5    1
 -0.09601372709293945   11    3    5    5
 -0.05613671868285923   11    3    6    6
 -0.05761545264760504   11    3    7    7
 0.03109843237616598   11    3    8    4
 -0.02759080356885035   11    3    8    8
 0.02409713350627131   11    3    9    1
 -0.02929194141188105   11    3    9    5
 -0.03219982226561841   11    3    9    9
 0.05331058864339795   11    3   10    2
 -0.05254017774982957   11    3   10   10
 0.06756766059188293   11    3   11    3
 -0.005091521358225433   11    4    4    3
 0.002805012410667016   11    4    6    1
 -0.001521676774561911   11    4    6    5
 0.004828418590856399   11    4    8    3
 0.004446022916270173   11    4    9    6
 0.009424443677499261   11    4   11    4
 0.02240472219284136   11    5    3    1
 0.003670254718561792   11    5    5    3
 -0.0143062385066448   11    5    6    4
 -0.001916689182519506   11    5    8    6
 0.004737284299794354   11    5    9    3
 -0.002241532033587754   11    5   11    1
 0.01560421051364297   11    5   11    5
 0.002146586002814394   11    6    4    1
 -0.007349232702797612   11    6    5    4
 0.001000205078123473   11    6    6    3
 -0.0003696703824378306   11    6    7    2
 -0.005155890905172248   11    6    8    1
 -0.01322005139553724   11    6    8    5
 1.112952878520779e-14   11    6    8    8
 0.01377063398738917   11    6    9    4
 0.02707492902965873   11    6    9    8
 0.02247840394785275   11    6   10    7
 0.03501667759697607   11    6   11    6
 0.0006849377302806181   11    7    6    2
 0.0006849377302806021   11    7    7    3
 0.006269136824561604   11    7   10    6
 0.006269136824561598   11    7   11    7
 0.009301841979576243   11    8    4    3
 -0.00531489407509346   11    8    6    1
 -0.008963212684090874   11    8    6    5
 -0.002676130895378667   11    8    8    3
 0.004649675371332508   11    8    9    6
 -0.0008662588997416503   11    8   11    4
 0.005718044544503441   11    8   11    8
 0.02211243017423076   11    9    3    1
 0.003370329183436524   11    9    5    3
 -0.007181687659835567   11    9    6    4
 0.007612142743439995   11    9    8    6
 0.009934056435451701   11    9    9    3
 -0.002320774253256843   11    9   11    1
 0.009280248562051188   11    9   11    5
 0.01658088911336188   11    9   11    9
 0.01529756476824458   11   10    3    2
 0.01385838042267422   11   10    7    6
 0.002828541375449505   11   10   10    3
 0.002828541375449505   11   10   11    2
 0.01928692278757724   11   10   11   10
 0.5036858669248706   11   11    1    1
 0.4454660079042438   11   11    2    2
 0.4760611374407329   11   11    3    3
 0.4055609470628033   11   11    4    4
 -0.0315909019618329   11   11    5    1
 0.4171992785237562   11   11    5    5
 0.3942078641591783   11   11    6    6
 0.36649110331383   11   11    7    7
 -0.04950050340166856   11   11    8    4
 0.2949755463947952   11   11    8    8
 -0.01078614103624227   11   11    9    1
 0.04631717197143231   11   11    9    5
 0.333743600784503   11   11    9    9
 -0.05254017774982962   11   11   10    2
 0.3626888810624111   11   11   10   10
 -0.04688309499893058   11   11   11    3
 0.4012627266375655   11   11   11   11
 -0.08360802677494293   12    1    1    1
 -0.05663159187312001   12    1    2    2
 -0.05663159187312   12    1    3    3
 -0.04027725263004941   12    1    4    4
 0.01852096790078781   12    1    5    1
 -0.04575278438022409   12    1    5    5
 -0.02680805897771382   12    1    6    6
 -0.026808058977714   12    1    7    7
 0.01476530114696236   12    1    8    4
 -0.01287910858977325   12    1    8    8
 0.01313062170253038   12    1    9    1
 -0.01296724239932555   12    1    9    5
 -1.010954988748347e-15   12    1    9    8
 -0.01351305412455188   12    1    9    9
 0.02998950944049833   12    1   10    2
 -0.02213397427603464   12    1   10   10
 0.02998950944049832   12    1   11    3
 -0.02213397427603465   12    1   11   11
 0.01651672562710023   12    1   12    1
 -0.007922870140187879   12    2    2    1
 -0.00216178257560667   12    2    5    2
 0.003792213326661096   12    2    7    4
 -0.00583118044421713   12    2    8    7
 0.005169063086730006   12    2    9    2
 0.01267430035952041   12    2   10    1
 0.01148599874741805   12    2   10    5
 0.008416035159463344   12    2   10    9
 0.02019539609831793   12    2   12    2
 -0.007922870140187879   12    3    3    1
 -0.00216178257560667   12    3    5    3
 0.003792213326661046   12    3    6    4
 -0.005831180444216984   12    3    8    6
 0.005169063086729995   12    3    9    3
 0.01267430035952041   12    3   11    1
 0.01148599874741805   12    3   11    5
 0.008416035159463322   12    3   11    9
 0.02019539609831794   12    3   12    3
 -0.02631851699621177   12    4    4    1
 -0.09114227717612958   12    4    5    4
 0.04956567645557688   12    4    6    3
 0.04956567645557707   12    4    7    2
 0.01454526729275235   12    4    8    1
 0.02570110300441784   12    4    8    5
 -1.066380103216913e-14   12    4    8    8
 -0.008925971518697938   12    4    9    4
 0.01467025361684151   12    4    9    8
 -0.02157141847116984   12    4   10    7
 -0.02157141847116969   12    4   11    6
 0.06552913715562096   12    4   12    4
 -0.08494943268420369   12    5    1    1
 -0.08270234473871628   12    5    2    2
 -0.08270234473871628   12    5    3    3
 -0.107777771567857   12    5    4    4
 0.007226878054787322   12    5    5    1
 -0.1121370566662262   12    5    5    5
 -0.05236458337186835   12    5    6    6
 -0.05236458337186877   12    5    7    7
 0.03231871959902206   12    5    8    4
 -0.02915990119138615   12    5    8    8
 0.009040129747538254   12    5    9    1
 -0.01750391496158428   12    5    9    5
 -0.02564758982255404   12    5    9    9
 0.03920188062826731   12    5   10    2
 -0.033253520594528   12    5   10   10
 0.03920188062826731   12    5   11    3
 -0.03325352059452804   12    5   11   11
 0.01911888457002492   12    5   12    1
 0.06394191408580807   12    5   12    5
 0.005034570853692621   12    6    4    3
 -0.00158264606309646   12    6    6    1
 0.002494891601013968   12    6    6    5
 -0.004988513045643178   12    6    8    3
 -0.005243207257444921   12    6    9    6
 -0.01241415953993073   12    6   11    4
 0.0005314012159057697   12    6   11    8
 0.01764755647469466   12    6   12    6
 0.005034570853692719   12    7    4    2
 -0.001582646063096542   12    7    7    1
 0.002494891601013833   12    7    7    5
 -0.004988513045643116   12    7    8    2
 -0.005243207257444885   12    7    9    7
 -0.01241415953993074   12    7   10    4
 0.0005314012159056886   12    7   10    8
 0.01764755647469466   12    7   12    7
 0.02119963166349826   12    8    4    1
 0.07427708305799961   12    8    5    4
 -0.04187529304604029   12    8    6    3
 1.662488630350442e-15   12    8    6    6
 -0.04187529304604039   12    8    7    2
 -0.007272061493058649   12    8    8    1
 -2.677758143295879e-14   12    8    8    4
 0.0003716072817544095   12    8    8    5
 4.384133811406869e-13   12    8    8    8
 -0.01299472290004902   12    8    9    4
 -0.05464862800490838   12    8    9    8
 2.584026830772485e-15   12    8    9    9
 -1.168075439337221e-15   12    8   10    2
 -0.003006507973142242   12    8   10    7
 -1.231314109374021e-15   12    8   11    3
 -0.003006507973142539   12    8   11    6
 -0.02945994828680917   12    8   12    4
 -2.242979699692999e-15   12    8   12    5
 0.03403158152708175   12    8   12    8
 0.02907315319907562   12    9    1    1
 0.02209516232596877   12    9    2    2
 0.02209516232596872   12    9    3    3
 -0.009488756058315076   12    9    4    4
 -0.003163860230029437   12    9    5    1
 -0.007911970124696324   12    9    5    5
 0.005232385700022091   12    9    6    6
 0.005232385700022104   12    9    7    7
 -0.01015815282700454   12    9    8    4
 -0.02411993863975148   12    9    8    8
 0.006822875177658528   12    9    9    1
 0.01526018079395866   12    9    9    5
 -1.829000190421104e-15   12    9    9    8
 -0.003276090521630336   12    9    9    9
 0.00648118067106911   12    9   10    2
 0.02276148433754682   12    9   10   10
 0.006481180671069139   12    9   11    3
 0.02276148433754682   12    9   11   11
 0.004547478410595894   12    9   12    1
 0.01400041281289498   12    9   12    5
 0.02479990254985425   12    9   12    9
 0.05764291585899278   12   10    2    1
 0.03148461416616175   12   10    5    2
 -0.05206547908504125   12   10    7    4
 0.008075722877932486   12   10    8    7
 0.02133477991763798   12   10    9    2
 -0.005149386332474774   12   10   10    1
 0.02280098875415804   12   10   10    5
 0.02040862037631048   12   10   10    9
 0.01047339368845598   12   10   12    2
 0.06492778188059406   12   10   12   10
 0.05764291585899277   12   11    3    1
 0.03148461416616175   12   11    5    3
 -0.05206547908504122   12   11    6    4
 0.008075722877932125   12   11    8    6
 0.02133477991763798   12   11    9    3
 -0.005149386332474771   12   11   11    1
 0.02280098875415803   12   11   11    5
 0.02040862037631051   12   11   11    9
 0.01047339368845598   12   11   12    3
 0.06492778188059403   12   11   12   11
 0.5176719862712545   12   12    1    1
 0.4926169246527675   12   12    2    2
 0.4926169246527675   12   12    3    3
 0.47295460545512   12   12    4    4
 -0.0219234274533946   12   12    5    1
 0.4821261360885779   12   12    5    5
 0.4108233286276678   12   12    6    6
 0.4108233286276686   12   12    7    7
 1.456014955769907e-15   12   12    8    1
 -0.061817647584674   12   12    8    4
 0.3234944210633947   12   12    8    8
 -0.007934755838180346   12   12    9    1
 0.04657222256657747   12   12    9    5
 5.279434410978165e-15   12   12    9    8
 0.3555636704118034   12   12    9    9
 -0.05889886203002009   12   12   10    2
 0.3941359820527968   12   12   10   10
 -0.05889886203002004   12   12   11    3
 0.3941359820527969   12   12   11   11
 -0.02611375570840724   12   12   12    1
 -0.06981452900923722   12   12   12    5
 -3.640636343271094e-15   12   12   12    8
 0.01157531576759271   12   12   12    9
 0.4361182504663783   12   12   12   12
 -0.02298560221720883   13    1    4    3
 0.01946450047821214   13    1    6    1
 0.01139598328634659   13    1    6    5
 0.01324119884771224   13    1    8    3
 0.002868381058977719   13    1    9    6
 0.008164074095674427   13    1   11    4
 -0.005584361939932662   13    1   11    8
 -0.008402305951215635   13    1   12    6
 0.02703488767030279   13    1   13    1
 0.009017478040217649   13    2    6    2
 0.009017478040217689   13    2    7    3
 -0.004654475432461534   13    2   10    6
 -0.004654475432461554   13    2   11    7
 0.01240357654664809   13    2   13    2
 -0.04382957482088982   13    3    4    1
 -0.0968057788126844   13    3    5    4
 0.08874038297786087   13    3    6    3
 0.0707054268974259   13    3    7    2
 0.02542901689103408   13    3    8    1
 0.02553938082727514   13    3    8    5
 -1.368904353297364e-15   13    3    8    8
 -0.009487124516195593   13    3    9    4
 0.02776789888126267   13    3    9    8
 -0.02050710075056187   13    3   10    7
 -0.02981605161548465   13    3   11    6
 0.06240000473597502   13    3   12    4
 -0.0356722480192334   13    3   12    8
 0.1088301404145533   13    3   13    3
 -0.03787820514228472   13    4    3    1
 -0.01807571750305017   13    4    5    3
 0.02606716996522364   13    4    6    4
 -0.01583455387757015   13    4    8    6
 -0.008727095070918562   13    4    9    3
 0.01547922996360009   13    4   11    1
 0.005212212365378592   13    4   11    5
 -0.003218052986997713   13    4   11    9
 0.01708089138493138   13    4   12    3
 -0.01485359193407154   13    4   12   11
 0.02996882959608378   13    4   13    4
 -0.01644691355303745   13    5    4    3
 0.005959074766102939   13    5    6    1
 0.01154518573089999   13    5    6    5
 0.008961848357034204   13    5    8    3
 0.005970375798424144   13    5    9    6
 0.009346205959556084   13    5   11    4
 -0.002301268222297549   13    5   11    8
 -0.01254182329889243   13    5   12    6
 0.007443890591469079   13    5   13    1
 0.01651133895814724   13    5   13    5
 0.2042636296603967   13    6    1    1
 0.1547733759462647   13    6    2    2
 0.1735489024082209   13    6    3    3
 0.1211228374100558   13    6    4    4
 -0.03114522210844934   13    6    5    1
 0.1303967086847   13    6    5    5
 0.08541603982714135   13    6    6    6
 0.08282948869186069   13    6    7    7
 1.299147628726971e-15   13    6    8    1
 -0.04719248546516878   13    6    8    4
 0.03255420117051443   13    6    8    8
 -0.016392365324958   13    6    9    1
 0.03992102187532946   13    6    9    5
 0.04502806189593653   13    6    9    9
 -0.05852007498118704   13    6   10    2
 0.07568539278911604   13    6   10   10
 -0.07119737284691714   13    6   11    3
 0.0744765263410945   13    6   11   11
 -0.03094195821258738   13    6   12    1
 -0.05161006839765805   13    6   12    5
 0.002725514683773435   13    6   12    9
 0.09301699507942952   13    6   12   12
 0.092923886791171   13    6   13    6
 0.009387763230978194   13    7    3    2
 0.001293275567640495   13    7    7    6
 -0.00633864893286504   13    7   10    3
 -0.006338648932865041   13    7   11    2
 -0.0006044332240107902   13    7   11   10
 0.009131341564450736   13    7   13    7
 0.03256213599569986   13    8    3    1
 0.01798445976907293   13    8    5    3
 -0.03136918579222787   13    8    6    4
 0.001348399733321652   13    8    8    6
 0.006174693439086465   13    8    9    3
 -0.008609340047840995   13    8   11    1
 0.006189430061651598   13    8   11    5
 2.135512291641179e-15   13    8   11    8
 -0.0003096281474272499   13    8   11    9
 -0.004914495872146318   13    8   12    3
 0.02513306124641374   13    8   12   11
 -0.01369892623401834   13    8   13    4
 0.02048748559702669   13    8   13    8
 -0.01088783631638523   13    9    4    3
 0.00482262628892115   13    9    6    1
 0.01317650816323834   13    9    6    5
 0.002336276070793839   13    9    8    3
 -0.005659004851275154   13    9    9    6
 -0.001837791265006784   13    9   11    4
 -0.006282898083114137   13    9   11    8
 0.003121122685360088   13    9   12    6
 0.001786511617906952   13    9   13    1
 0.002291976056618998   13    9   13    5
 0.00917170137037992   13    9   13    9
 -0.007593736186055757   13   10    6    2
 -0.007593736186055778   13   10    7    3
 -0.001118234652532375   13   10   10    6
 -0.001118234652532344   13   10   11    7
 -0.006826724579828765   13   10   13    2
 0.008056326974752785   13   10   13   10
 0.03754514281468751   13   11    4    1
 0.09625408342841404   13   11    5    4
 -0.08085712038725543   13   11    6    3
 -0.06566964801514415   13   11    7    2
 -0.01807928561618264   13   11    8    1
 -0.01063834574055966   13   11    8    5
 7.397317202629433e-15   13   11    8    8
 -0.004978623247908893   13   11    9    4
 -0.05274346708771893   13   11    9    8
 0.0006562700064063729   13   11   10    7
 -0.001580199298658751   13   11   11    6
 -0.04114125177358095   13   11   12    4
 0.03899889874131753   13   11   12    8
 -0.07669848032272827   13   11   13    3
 0.07887711613377724   13   11   13   11
 0.03004672333758914   13   12    4    3
 -0.01683923163692179   13   12    6    1
 -0.027363173133655   13   12    6    5
 -0.01217056690022998   13   12    8    3
 0.001933561005721737   13   12    9    6
 -0.002837952462602576   13   12   11    4
 0.009394573306823858   13   12   11    8
 0.001144278179151774   13   12   12    6
 -0.01611298346448343   13   12   13    1
 -0.01087279154944413   13   12   13    5
 -0.01071433259603411   13   12   13    9
 0.02774025358169156   13   12   13   12
 0.6430516148830431   13   13    1    1
 0.5538912303538444   13   13    2    2
 0.5928717308584048   13   13    3    3
 0.505517027434116   13   13    4    4
 -0.05416204695330426   13   13    5    1
 0.5222192513681168   13   13    5    5
 0.4569089601582652   13   13    6    6
 0.4285136077084407   13   13    7    7
 -2.311783643977967e-15   13   13    8    1
 -0.07874056384248693   13   13    8    4
 4.283106360381759e-15   13   13    8    5
 0.3372276769807295   13   13    8    8
 -0.03000541365144013   13   13    9    1
 0.06500987536319655   13   13    9    5
 2.255810299527283e-15   13   13    9    8
 0.3679366528548604   13   13    9    9
 -0.1043014537789091   13   13   10    2
 0.4070701764684592   13   13   10   10
 -0.1146137963219588   13   13   11    3
 0.4332211031631553   13   13   11   11
 -0.05183734431503292   13   13   12    1
 -0.08432879947270083   13   13   12    5
 -3.113904030506997e-15   13   13   12    8
 0.002603088462870795   13   13   12    9
 0.4537259004100556   13   13   12   12
 0.1465899522646847   13   13   13    6
 0.5518095297033425   13   13   13   13
 -0.02298560221720876   14    1    4    2
 0.01946450047821216   14    1    7    1
 0.01139598328634655   14    1    7    5
 0.01324119884771225   14    1    8    2
 0.00286838105897772   14    1    9    7
 0.008164074095674427   14    1   10    4
 -0.005584361939932781   14    1   10    8
 -0.008402305951215674   14    1   12    7
 0.02703488767030266   14    1   14    1
 -0.0438295748208896   14    2    4    1
 -0.09680577881268397   14    2    5    4
 0.07070542689742537   14    2    6    3
 0.08874038297786094   14    2    7    2
 0.02542901689103363   14    2    8    1
 0.02553938082727434   14    2    8    5
 1.895788562197606e-14   14    2    8    8
 -0.0094871245161957   14    2    9    4
 0.02776789888126403   14    2    9    8
 -0.02981605161548494   14    2   10    7
 -0.0205071007505616   14    2   11    6
 0.06240000473597485   14    2   12    4
 -0.03567224801923334   14    2   12    8
 0.08402298732125688   14    2   13    3
 -0.0630450311630705   14    2   13   11
 0.1088301404145526   14    2   14    2
 0.009017478040217615   14    3    6    2
 0.009017478040217653   14    3    7    3
 -0.004654475432461535   14    3   10    6
 -0.004654475432461555   14    3   11    7
 0.01240357654664806   14    3   13    2
 -0.006826724579828745   14    3   13   10
 0.01240357654664803   14    3   14    3
 -0.03787820514228452   14    4    2    1
 -0.01807571750305004   14    4    5    2
 0.02606716996522353   14    4    7    4
 -0.0158345538775702   14    4    8    7
 -0.00872709507091851   14    4    9    2
 0.01547922996360005   14    4   10    1
 0.00521221236537864   14    4   10    5
 -0.003218052986997684   14    4   10    9
 0.01708089138493136   14    4   12    2
 -0.01485359193407138   14    4   12   10
 0.02996882959608357   14    4   14    4
 -0.01644691355303734   14    5    4    2
 0.005959074766102907   14    5    7    1
 0.01154518573089993   14    5    7    5
 0.008961848357034247   14    5    8    2
 0.005970375798424164   14    5    9    7
 0.009346205959556096   14    5   10    4
 -0.002301268222297604   14    5   10    8
 -0.01254182329889247   14    5   12    7
 0.00744389059146903   14    5   14    1
 0.01651133895814716   14    5   14    5
 0.009387763230978077   14    6    3    2
 0.001293275567640396   14    6    7    6
 -0.006338648932865028   14    6   10    3
 -0.006338648932865027   14    6   11    2
 -0.0006044332240108762   14    6   11   10
 0.009131341564450715   14    6   13    7
 0.00913134156445069   14    6   14    6
 0.2042636296603971   14    7    1    1
 0.1735489024082212   14    7    2    2
 0.1547733759462648   14    7    3    3
 0.1211228374100561   14    7    4    4
 -0.0311452221084494   14    7    5    1
 0.1303967086847002   14    7    5    5
 0.08282948869186035   14    7    6    6
 0.08541603982714087   14    7    7    7
 -0.04719248546517087   14    7    8    4
 0.03255420117053981   14    7    8    8
 -0.0163923653249581   14    7    9    1
 0.03992102187532941   14    7    9    5
 -1.247815274992495e-15   14    7    9    8
 0.0450280618959371   14    7    9    9
 -0.07119737284691723   14    7   10    2
 0.07447652634109457   14    7   10   10
 -0.0585200749811871   14    7   11    3
 0.07568539278911619   14    7   11   11
 -0.03094195821258754   14    7   12    1
 -0.0516100683976581   14    7   12    5
 4.640313448427034e-15   14    7   12    8
 0.002725514683773847   14    7   12    9
 0.09301699507942965   14    7   12   12
 0.07466120366226979   14    7   13    6
 0.1334963163072764   14    7   13   13
 0.09292388679117297   14    7   14    7
 0.03256213599569974   14    8    2    1
 0.01798445976907303   14    8    5    2
 -0.03136918579222799   14    8    7    4
 -2.052263733627806e-15   14    8    8    2
 0.001348399733316827   14    8    8    7
 0.006174693439086438   14    8    9    2
 -0.008609340047840853   14    8   10    1
 0.006189430061651461   14    8   10    5
 -1.50751828321706e-15   14    8   10    8
 -0.0003096281474269001   14    8   10    9
 -0.004914495872146356   14    8   12    2
 0.02513306124641388   14    8   12   10
 -0.01369892623401789   14    8   14    4
 0.02048748559703256   14    8   14    8
 -0.01088783631638521   14    9    4    2
 0.004822626288921148   14    9    7    1
 0.01317650816323835   14    9    7    5
 0.002336276070793693   14    9    8    2
 -0.005659004851275154   14    9    9    7
 -0.00183779126500681   14    9   10    4
 -0.00628289808311375   14    9   10    8
 0.003121122685360071   14    9   12    7
 0.001786511617906925   14    9   14    1
 0.002291976056618906   14    9   14    5
 0.009171701370379986   14    9   14    9
 0.03754514281468741   14   10    4    1
 0.09625408342841403   14   10    5    4
 -0.06566964801514397   14   10    6    3
 -0.08085712038725576   14   10    7    2
 -0.01807928561618254   14   10    8    1
 1.095652597212067e-15   14   10    8    4
 -0.01063834574055769   14   10    8    5
 -1.489418680710555e-14   14   10    8    8
 -0.004978623247908895   14   10    9    4
 -0.0527434670877204   14   10    9    8
 -0.001580199298658539   14   10   10    7
 0.0006562700064060276   14   10   11    6
 -0.04114125177358095   14   10   12    4
 0.03899889874132059   14   10   12    8
 -0.06304503116307063   14   10   13    3
 0.06276446218427154   14   10   13   11
 -0.07669848032272783   14   10   14    2
 0.0788771161337771   14   10   14   10
 -0.00759373618605576   14   11    6    2
 -0.00759373618605578   14   11    7    3
 -0.001118234652532393   14   11   10    6
 -0.001118234652532367   14   11   11    7
 -0.006826724579828753   14   11   13    2
 0.008056326974752793   14   11   13   10
 -0.006826724579828728   14   11   14    3
 0.008056326974752798   14   11   14   11
 0.03004672333758914   14   12    4    2
 -0.01683923163692182   14   12    7    1
 -0.02736317313365504   14   12    7    5
 -0.01217056690023037   14   12    8    2
 0.001933561005721694   14   12    9    7
 -0.002837952462602554   14   12   10    4
 0.009394573306824125   14   12   10    8
 0.001144278179151827   14   12   12    7
 -0.01611298346448333   14   12   14    1
 -0.01087279154944403   14   12   14    5
 -0.01071433259603415   14   12   14    9
 0.02774025358169147   14   12   14   12
 0.01949025025228027   14   13    3    2
 0.01419767622491263   14   13    7    6
 -0.00515617127152483   14   13   10    3
 -0.005156171271524831   14   13   11    2
 0.01307546334734816   14   13   11   10
 0.006546817978704463   14   13   13    7
 0.006546817978704352   14   13   14    6
 0.01939976690836814   14   13   14   13
 0.6430516148830414   14   14    1    1
 0.5928717308584036   14   14    2    2
 0.5538912303538432   14   14    3    3
 0.505517027434115   14   14    4    4
 -0.05416204695330425   14   14    5    1
 0.5222192513681159   14   14    5    5
 0.4285136077084387   14   14    6    6
 0.4569089601582662   14   14    7    7
 -2.320994553953177e-15   14   14    8    1
 -0.07874056384248687   14   14    8    4
 3.840914369847705e-15   14   14    8    5
 0.3372276769807573   14   14    8    8
 -0.03000541365143997   14   14    9    1
 0.06500987536319687   14   14    9    5
 3.382186813131734e-15   14   14    9    8
 0.3679366528548585   14   14    9    9
 -0.1146137963219585   14   14   10    2
 0.4332211031631551   14   14   10   10
 -0.1043014537789087   14   14   11    3
 0.4070701764684589   14   14   11   11
 -0.05183734431503248   14   14   12    1
 -0.08432879947270029   14   14   12    5
 -4.386495145759267e-15   14   14   12    8
 0.002603088462870095   14   14   12    9
 0.4537259004100548   14   14   12   12
 0.1334963163072764   14   14   13    6
 0.5130099958866051   14   14   13   13
 0.1465899522646829   14   14   14    7
 0.5518095297033433   14   14   14   14
 -0.000647678800642966   15    1    4    1
 0.00173025896513107   15    1    5    4
 -0.001384893673089049   15    1    6    3
 -0.001384893673089079   15    1    7    2
 0.0007796861142537808   15    1    8    1
 -6.749929360761437e-15   15    1    8    4
 0.001753961165891879   15    1    8    5
 1.350464303414545e-13   15    1    8    8
 -0.001451491061002841   15    1    9    4
 -0.004089120902745772   15    1    9    8
 3.164797699659341e-15   15    1    9    9
 -0.005928544870123989   15    1   10    7
 -0.005928544870123924   15    1   11    6
 0.004758718091661713   15    1   12    4
 -1.153925257645688e-15   15    1   12    5
 -0.0003486041932827278   15    1   12    8
 -2.152149596984746e-15   15    1   12   12
 0.003768356291063919   15    1   13    3
 -2.225130675476904e-15   15    1   13    6
 0.001247175910440133   15    1   13   11
 4.689567745301098e-15   15    1   13   13
 0.003768356291063937   15    1   14    2
 -2.454084169872618e-15   15    1   14    7
 0.001247175910440338   15    1   14   10
 4.619544898403075e-15   15    1   14   14
 0.003117921791762424   15    1   15    1
 -1.000168998423787e-15   15    2    1    1
 -0.004441577508290708   15    2    4    2
 0.0007357331796098651   15    2    7    1
 -0.0003411830747523514   15    2    7    5
 0.003364197709133004   15    2    8    2
 -1.380327178843547e-15   15    2    8    7
 0.002079510566769268   15    2    9    7
 0.009329727437180274   15    2   10    4
 -0.002229104781847576   15    2   10    8
 -0.01272881613646652   15    2   12    7
 0.005344327271173686   15    2   14    1
 0.009964332026532838   15    2   14    5
 -2.324829605252074e-15   15    2   14    8
 8.504267887807081e-05   15    2   14    9
 -0.003792695343719848   15    2   14   12
 0.01069406983949306   15    2   15    2
 -0.004441577508290723   15    3    4    3
 0.000735733179609878   15    3    6    1
 -0.0003411830747524334   15    3    6    5
 0.003364197709132907   15    3    8    3
 -1.493272998730485e-15   15    3    8    6
 0.002079510566769297   15    3    9    6
 0.009329727437180284   15    3   11    4
 -0.002229104781847217   15    3   11    8
 -0.0127288161364665   15    3   12    6
 0.005344327271173686   15    3   13    1
 0.009964332026532871   15    3   13    5
 -2.531009300628012e-15   15    3   13    8
 8.504267887817269e-05   15    3   13    9
 -0.003792695343720006   15    3   13   12
 0.01069406983949322   15    3   15    3
 -0.09340142571083469   15    4    1    1
 -0.07985541823165239   15    4    2    2
 -0.07985541823165236   15    4    3    3
 -0.09138371440143563   15    4    4    4
 0.01414177799041148   15    4    5    1
 -1.160236294873643e-15   15    4    5    4
 -0.09840530268455203   15    4    5    5
 -0.04244323217485694   15    4    6    6
 -0.04244323217485743   15    4    7    7
 -1.154654650292523e-14   15    4    8    1
 0.02899738283664205   15    4    8    4
 3.729172750917996e-15   15    4    8    5
 -0.02831886465476193   15    4    8    8
 0.01184119313415472   15    4    9    1
 -2.748144215796677e-15   15    4    9    4
 -0.01925313841860327   15    4    9    5
 3.092755649516211e-14   15    4    9    8
 -0.02531812240186704   15    4    9    9
 0.04134318519928665   15    4   10    2
 -0.03136923026947141   15    4   10   10
 0.04134318519928674   15    4   11    3
 -0.03136923026947178   15    4   11   11
 0.01987242969254004   15    4   12    1
 0.05750623478927191   15    4   12    5
 1.303724915598996e-14   15    4   12    8
 0.01178811768065411   15    4   12    9
 -0.0619315408449977   15    4   12   12
 1.758492039355428e-15   15    4   13    3
 -0.05146850212014367   15    4   13    6
 -1.637226112051072e-15   15    4   13   11
 -0.08014149599339761   15    4   13   13
 2.020356527084663e-15   15    4   14    2
 -0.05146850212014405   15    4   14    7
 -1.910007038950127e-15   15    4   14   10
 -0.08014149599339633   15    4   14   14
 1.104377261338371e-14   15    4   15    1
 0.0554662992396719   15    4   15    4
 -1.912751424843152e-15   15    5    2    2
 -1.847335212465515e-15   15    5    3    3
 -0.0167864113855874   15    5    4    1
 -1.11626659985539e-15   15    5    4    4
 -0.06957285130734019   15    5    5    4
 -1.71810292692062e-15   15    5    5    5
 0.03284104690226738   15    5    6    3
 -2.029886696084716e-15   15    5    6    6
 0.03284104690226752   15    5    7    2
 -3.159568184735974e-15   15    5    7    7
 0.009496374506258747   15    5    8    1
 2.302042344409559e-15   15    5    8    4
 0.01998112397488634   15    5    8    5
 -3.458778671962259e-14   15    5    8    8
 -0.007404506727928292   15    5    9    4
 0.01224004581134317   15    5    9    8
 -0.02219614008988703   15    5   10    7
 -1.354051414379109e-15   15    5   10   10
 -0.02219614008988701   15    5   11    6
 -1.473252341531485e-15   15    5   11   11
 -1.052264273163267e-15   15    5   12    1
 0.05645408834960714   15    5   12    4
 -0.02483641104348665   15    5   12    8
 1.162836752524607e-15   15    5   12    9
 0.04881130240286132   15    5   13    3
 -0.02963453363003628   15    5   13   11
 -4.807419584634826e-15   15    5   13   13
 0.04881130240286146   15    5   14    2
 -0.02963453363003676   15    5   14   10
 -5.918200504147755e-15   15    5   14   14
 0.004093506773249161   15    5   15    1
 -2.958141225303528e-15   15    5   15    4
 0.05340122353694737   15    5   15    5
 -0.01767183495102363   15    6    3    1
 -0.01174412801381563   15    6    5    3
 0.02307628734452248   15    6    6    4
 -1.996304368898853e-15   15    6    8    3
 0.003089126338159043   15    6    8    6
 -0.008390423621213344   15    6    9    3
 -0.005700869757466805   15    6   11    1
 -0.02000211749288251   15    6   11    5
 1.800743042254668e-15   15    6   11    8
 -0.00967786452164531   15    6   11    9
 -0.01825156580270408   15    6   12    3
 -0.03262607857346313   15    6   12   11
 -0.009212237341599424   15    6   13    4
 -0.008300436216488686   15    6   13    8
 2.10259446044778e-15   15    6   15    3
 0.03237752598753318   15    6   15    6
 -0.01767183495102351   15    7    2    1
 -0.01174412801381556   15    7    5    2
 0.02307628734452238   15    7    7    4
 -1.73844161762589e-15   15    7    8    2
 0.003089126338156595   15    7    8    7
 -0.008390423621213224   15    7    9    2
 -0.00570086975746681   15    7   10    1
 -0.0200021174928825   15    7   10    5
 1.458718054840802e-15   15    7   10    8
 -0.009677864521644984   15    7   10    9
 -0.01825156580270396   15    7   12    2
 -0.03262607857346308   15    7   12   10
 -0.009212237341599675   15    7   14    4
 -0.008300436216483215   15    7   14    8
 1.743349713617589e-15   15    7   15    2
 0.03237752598753528   15    7   15    7
 0.05651833726827531   15    8    1    1
 0.05019809186373751   15    8    2    2
 0.05019809186373427   15    8    3    3
 -1.525395431982715e-14   15    8    4    1
 0.05305493287628116   15    8    4    4
 -0.006603238950097612   15    8    5    1
 1.357168632361089e-14   15    8    5    4
 0.05588104003127032   15    8    5    5
 -1.116152870938143e-15   15    8    6    3
 0.03321489814960499   15    8    6    6
 3.187303867198497e-15   15    8    7    2
 0.0332148981495955   15    8    7    7
 2.715781956247152e-13   15    8    8    1
 -0.01689401400383084   15    8    8    4
 2.632659614502325e-14   15    8    8    5
 0.008986446669107612   15    8    8    8
 -0.005364031777396191   15    8    9    1
 5.445421539053309e-14   15    8    9    4
 0.01099280095195957   15    8    9    5
 -6.119827009301987e-13   15    8    9    8
 0.01449735727733886   15    8    9    9
 -0.01963440504332822   15    8   10    2
 2.988546862487565e-15   15    8   10    7
 0.02632377940754945   15    8   10   10
 -0.01963440504332983   15    8   11    3
 5.296100793019158e-15   15    8   11    6
 0.02632377940754899   15    8   11   11
 -0.009746821476979804   15    8   12    1
 -1.202364074419283e-14   15    8   12    4
 -0.02533722132813078   15    8   12    5
 -1.828058743016407e-13   15    8   12    8
 -0.003806154952352528   15    8   12    9
 0.03898946131862564   15    8   12   12
 -2.788773035293586e-14   15    8   13    3
 0.02436244556841724   15    8   13    6
 5.511201721540055e-15   15    8   13   11
 0.04976900885485455   15    8   13   13
 -3.244746953712776e-14   15    8   14    2
 0.02436244556844848   15    8   14    7
 1.447048028592131e-14   15    8   14   10
 0.04976900885481791   15    8   14   14
 -2.45560298532328e-13   15    8   15    1
 -0.02206702605131692   15    8   15    4
 -7.718866434290546e-14   15    8   15    5
 0.01529821226409833   15    8   15    8
 -0.005176708588575317   15    9    4    1
 -0.02124573287361305   15    9    5    4
 0.0109733490084601   15    9    6    3
 -2.169878192919942e-15   15    9    6    6
 0.01097334900845918   15    9    7    2
 0.002718657861438138   15    9    8    1
 -7.474509938442269e-15   15    9    8    4
 0.005563415536935998   15    9    8    5
 4.807857968410991e-14   15    9    8    8
 -0.001066535548077477   15    9    9    4
 0.0007334947821658497   15    9    9    8
 -1.478793797047377e-15   15    9    9    9
 -0.00520099470617854   15    9   10    7
 -1.657880676758145e-15   15    9   10   10
 -0.005200994706179384   15    9   11    6
 0.01519011242573914   15    9   12    4
 -0.007781880778293023   15    9   12    8
 2.015437881309424e-15   15    9   12    9
 -4.567692527156486e-15   15    9   12   12
 0.01461154700827872   15    9   13    3
 3.305718824607223e-15   15    9   13    6
 -0.01127326397819982   15    9   13   11
 -7.190711983802988e-15   15    9   13   13
 0.01461154700827809   15    9   14    2
 -0.01127326397819979   15    9   14   10
 -2.349509568696457e-15   15    9   14   14
 0.0007151826521613084   15    9   15    1
 8.551988097142835e-15   15    9   15    4
 0.01331079112942394   15    9   15    5
 -6.962136289386265e-14   15    9   15    8
 0.008385881020098827   15    9   15    9
 0.02312832367167863   15   10    4    2
 -0.01302751379403474   15   10    7    1
 -0.02505781234234742   15   10    7    5
 -0.00849962923644022   15   10    8    2
 -6.081205178879317e-15   15   10    8    7
 0.001037069733819221   15   10    9    7
 0.004625859143643394   15   10   10    4
 0.005269722467446994   15   10   10    8
 -0.009075189508838203   15   10   12    7
 -0.007615475599050242   15   10   14    1
 -0.003741677022002359   15   10   14    5
 6.71323396688355e-15   15   10   14    8
 -0.00871034739770717   15   10   14    9
 0.02235365004456881   15   10   14   12
 0.004705555375467354   15   10   15    2
 7.129548310042789e-15   15   10   15    7
 0.02580033712847953   15   10   15   10
 0.02312832367167858   15   11    4    3
 -0.01302751379403467   15   11    6    1
 -0.02505781234234739   15   11    6    5
 -0.008499629236440175   15   11    8    3
 -6.183578264599872e-15   15   11    8    6
 0.001037069733819136   15   11    9    6
 0.004625859143643453   15   11   11    4
 0.005269722467446343   15   11   11    8
 -0.00907518950883841   15   11   12    6
 -0.007615475599050197   15   11   13    1
 -0.003741677022002427   15   11   13    5
 7.45187915961934e-15   15   11   13    8
 -0.008710347397707055   15   11   13    9
 0.02235365004456853   15   11   13   12
 0.004705555375467468   15   11   15    3
 7.416793118761173e-15   15   11   15    6
 0.02580033712847988   15   11   15   11
 2.010740376548715e-15   15   12    1    1
 0.03979050939238626   15   12    4    1
 3.945993621440552e-15   15   12    4    4
 0.1323014217243484   15   12    5    4
 -0.08110184655879224   15   12    6    3
 1.517697408693031e-15   15   12    6    6
 -0.08110184655879257   15   12    7    2
 2.266213892593878e-15   15   12    7    7
 -0.01760856236953862   15   12    8    1
 -2.537398818892966e-14   15   12    8    4
 -0.01772390486301352   15   12    8    5
 3.018697001854561e-13   15   12    8    8
 -1.061285031552412e-15   15   12    9    1
 -0.004283807670643594   15   12    9    4
 -1.36428791140631e-15   15   12    9    5
 -0.05978487546636548   15   12    9    8
 -1.720147263639135e-15   15   12    9    9
 1.088256014995953e-15   15   12   10    2
 -0.009003905361457541   15   12   10    7
 -1.602285092375924e-15   15   12   10   10
 1.05387296738848e-15   15   12   11    3
 -0.009003905361457927   15   12   11    6
 -1.568133908272546e-15   15   12   11   11
 -0.05623730192891853   15   12   12    4
 0.04537773530779501   15   12   12    8
 1.682684546923776e-15   15   12   12    9
 3.753674441916174e-15   15   12   12   12
 -0.06607328820739122   15   12   13    3
 0.07153936451697825   15   12   13   11
 -3.085030586689721e-15   15   12   13   13
 -0.06607328820739075   15   12   14    2
 -1.614256195295009e-15   15   12   14    7
 0.07153936451697739   15   12   14   10
 0.003276226915414176   15   12   15    1
 2.314078429814034e-14   15   12   15    4
 -0.04187172689260874   15   12   15    5
 -2.818256879056036e-13   15   12   15    8
 -0.01365715492154721   15   12   15    9
 0.09555331370159935   15   12   15   12
 0.03255898301614153   15   13    3    1
 0.0253896317021715   15   13    5    3
 -0.03860315786645335   15   13    6    4
 3.105853641329449e-15   15   13    8    3
 0.005776313870022387   15   13    8    6
 0.01097426880927426   15   13    9    3
 -0.004394942451758278   15   13   11    1
 0.008830658015091149   15   13   11    5
 -6.210773084330141e-15   15   13   11    8
 0.00540125794651729   15   13   11    9
 -0.001927273048838699   15   13   12    3
 0.03829506864897459   15   13   12   11
 -0.01548751236667514   15   13   13    4
 0.01974610984718027   15   13   13    8
 -3.454464549736989e-15   15   13   15    3
 -0.01622073847270846   15   13   15    6
 6.581240582507448e-15   15   13   15   11
 0.03012712698878158   15   13   15   13
 0.03255898301614162   15   14    2    1
 0.02538963170217147   15   14    5    2
 -0.03860315786645348   15   14    7    4
 2.59003515286417e-15   15   14    8    2
 0.005776313870027943   15   14    8    7
 0.0109742688092742   15   14    9    2
 1.181615597409574e-15   15   14    9    7
 -0.004394942451758353   15   14   10    1
 0.008830658015091412   15   14   10    5
 -6.091489855091505e-15   15   14   10    8
 0.005401257946516811   15   14   10    9
 -0.001927273048838659   15   14   12    2
 0.03829506864897457   15   14   12   10
 -0.01548751236667502   15   14   14    4
 0.01974610984717035   15   14   14    8
 -2.602292462146339e-15   15   14   15    2
 -0.01622073847271368   15   14   15    7
 6.329862622097887e-15   15   14   15   10
 0.03012712698879157   15   14   15   14
 0.4819324549862005   15   15    1    1
 0.4623198074005553   15   15    2    2
 0.4623198074005585   15   15    3    3
 1.800201054134691e-14   15   15    4    1
 0.4556950630425232   15   15    4    4
 -0.01864646324652228   15   15    5    1
 -1.249070599286059e-14   15   15    5    4
 0.4641051031303078   15   15    5    5
 0.3992766294905932   15   15    6    6
 -4.440487107725839e-15   15   15    7    2
 0.399276629490603   15   15    7    7
 -3.135744478150217e-13   15   15    8    1
 -0.05397910373583439   15   15    8    4
 -4.687162271480819e-14   15   15    8    5
 0.3199845624073562   15   15    8    8
 -0.009542872779766313   15   15    9    1
 -6.126570683454217e-14   15   15    9    4
 0.03876507085268425   15   15    9    5
 6.751476373895538e-13   15   15    9    8
 0.3446393621169416   15   15    9    9
 -0.05177102310371836   15   15   10    2
 -3.846258643344776e-15   15   15   10    7
 0.3771824280632729   15   15   10   10
 -0.05177102310371649   15   15   11    3
 -6.287246737282396e-15   15   15   11    6
 0.3771824280632731   15   15   11   11
 -0.0232388200758218   15   15   12    1
 1.082411683676766e-14   15   15   12    4
 -0.06440751658376748   15   15   12    5
 2.087951141929499e-13   15   15   12    8
 0.003721866275599183   15   15   12    9
 0.4171745791310245   15   15   12   12
 3.114893178797957e-14   15   15   13    3
 0.0790743895078475   15   15   13    6
 -5.13355802263536e-15   15   15   13   11
 0.4339942043834664   15   15   13   13
 3.59737323568356e-14   15   15   14    2
 0.07907438950781585   15   15   14    7
 -1.504404803990615e-14   15   15   14   10
 0.4339942043835043   15   15   14   14
 2.842122894812912e-13   15   15   15    1
 -0.05414655912931694   15   15   15    4
 1.053945463833826e-13   15   15   15    5
 0.03622888020080992   15   15   15    8
 -6.18368073991804e-13   15   15   15    9
 -2.383619043447634e-13   15   15   15   12
 0.4078900622610034   15   15   15   15
 -0.0430939556939174   16    1    4    1
 -0.08046577902106798   16    1    5    4
 0.07784315740869592   16    1    6    3
 0.07784315740869627   16    1    7    2
 0.02615186190202475   16    1    8    1
 -5.070046743076734e-15   16    1    8    4
 0.01901169441997247   16    1    8    5
 1.110450391293934e-13   16    1    8    8
 -0.007178483532994227   16    1    9    4
 0.02889549604456086   16    1    9    8
 1.050573175970974e-15   16    1    9    9
 -0.02219867000929558   16    1   10    7
 -0.02219867000929527   16    1   11    6
 0.04937186588991778   16    1   12    4
 -0.03196217107527192   16    1   12    8
 0.09507511193719813   16    1   13    3
 -0.0723041821991955   16    1   13   11
 1.334751700768156e-15   16    1   13   13
 0.09507511193719796   16    1   14    2
 -0.07230418219919545   16    1   14   10
 1.631385993977017e-15   16    1   14   14
 -0.001064054879916169   16    1   15    1
 5.572380962807406e-15   16    1   15    4
 0.03957795043927134   16    1   15    5
 -1.208135825139883e-13   16    1   15    8
 0.01336826664243832   16    1   15    9
 -0.05927830930850792   16    1   15   12
 1.324704235194929e-13   16    1   15   15
 0.1195832434860152   16    1   16    1
 -0.02329571927755523   16    2    4    2
 0.02290266562881623   16    2    7    1
 0.00962588014311215   16    2    7    5
 0.01430940724812377   16    2    8    2
 0.003152091237566556   16    2    9    7
 0.006948478708177793   16    2   10    4
 -0.005438782263818075   16    2   10    8
 -0.005922916298071934   16    2   12    7
 0.03137782234799465   16    2   14    1
 0.004004300096899031   16    2   14    5
 -1.475248939826646e-15   16    2   14    8
 0.001270923721416407   16    2   14    9
 -0.0150028764756011   16    2   14   12
 0.00255918973142859   16    2   15    2
 -0.007560574008555594   16    2   15   10
 1.620559775216218e-15   16    2   15   14
 0.0392397829589016   16    2   16    2
 -0.02329571927755524   16    3    4    3
 0.02290266562881613   16    3    6    1
 0.009625880143112104   16    3    6    5
 0.01430940724812365   16    3    8    3
 0.003152091237566497   16    3    9    6
 0.006948478708177829   16    3   11    4
 -0.005438782263818258   16    3   11    8
 -0.005922916298071883   16    3   12    6
 0.03137782234799474   16    3   13    1
 0.00400430009689908   16    3   13    5
 -1.367759579727002e-15   16    3   13    8
 0.001270923721416574   16    3   13    9
 -0.01500287647560118   16    3   13   12
 0.002559189731428746   16    3   15    3
 -0.00756057400855537   16    3   15   11
 1.54847974910872e-15   16    3   15   13
 0.03923978295890179   16    3   16    3
 -0.04453073168358564   16    4    1    1
 -0.02869573924670846   16    4    2    2
 -0.02869573924670846   16    4    3    3
 0.01847931014062683   16    4    4    4
 0.007342294694542991   16    4    5    1
 0.02097820115427973   16    4    5    5
 -0.004830366372410176   16    4    6    6
 -0.00483036637241013   16    4    7    7
 -5.123860530840681e-15   16    4    8    1
 0.004144512741231936   16    4    8    4
 1.736776043372915e-15   16    4    8    5
 0.006459082033855597   16    4    8    8
 -0.0007956801476843347   16    4    9    1
 -0.00857566387865083   16    4    9    5
 4.441090697486327e-15   16    4    9    8
 0.0008319467998530676   16    4    9    9
 0.008314619516903068   16    4   10    2
 -0.01077856877656709   16    4   10   10
 0.008314619516903063   16    4   11    3
 -0.01077856877656718   16    4   11   11
 0.004779335523255492   16    4   12    1
 -0.0193236891515224   16    4   12    5
 1.028201836783005e-14   16    4   12    8
 -0.01104862318002452   16    4   12    9
 0.007005717685426169   16    4   12   12
 -0.01014248801938103   16    4   13    6
 -0.01251988531410519   16    4   13   13
 -0.01014248801938132   16    4   14    7
 -0.01251988531410455   16    4   14   14
 5.767710525825467e-15   16    4   15    1
 -0.01468207943446037   16    4   15    4
 -1.035144751722739e-15   16    4   15    5
 0.006165739165634269   16    4   15    8
 -3.200279887226293e-15   16    4   15    9
 -1.217792137190383e-14   16    4   15   12
 0.01147977319333092   16    4   15   15
 3.806800956507484e-15   16    4   16    1
 0.02699340429203885   16    4   16    4
 0.02095384684589717   16    5    4    1
 0.08392268114877023   16    5    5    4
 -0.04521400833747935   16    5    6    3
 -1.563358069531623e-15   16    5    6    6
 -0.04521400833747952   16    5    7    2
 -1.625062005981598e-15   16    5    7    7
 -0.01012219237618835   16    5    8    1
 2.789698868026091e-15   16    5    8    4
 -0.01239626690361981   16    5    8    5
 -2.71769639311834e-14   16    5    8    8
 -0.00176392660197236   16    5    9    4
 -0.03039114751388623   16    5    9    8
 0.007895133809763859   16    5   10    7
 0.007895133809763652   16    5   11    6
 -0.04701276125435865   16    5   12    4
 0.02976165262471508   16    5   12    8
 -0.04939315752918095   16    5   13    3
 0.04459061085362762   16    5   13   11
 -1.617412511288447e-15   16    5   13   13
 -0.04939315752918072   16    5   14    2
 1.016106611483493e-15   16    5   14    7
 0.04459061085362735   16    5   14   10
 -2.130758375227007e-15   16    5   14   14
 0.002609888376568515   16    5   15    1
 -2.939643320537267e-15   16    5   15    4
 -0.04332665774780949   16    5   15    5
 2.789078269607445e-14   16    5   15    8
 -0.01452998937536639   16    5   15    9
 0.05617684546212544   16    5   15   12
 -2.726638359540345e-14   16    5   15   15
 -0.05664075242046354   16    5   16    1
 -1.142296731022814e-15   16    5   16    4
 0.05683119473827723   16    5   16    5
 0.04380675213006718   16    6    3    1
 0.00407272127501268   16    6    5    3
 -0.01572474204381553   16    6    6    4
 0.009082004897717395   16    6    8    6
 0.005906922230616293   16    6    9    3
 -0.01770285192706986   16    6   11    1
 0.00475766254119088   16    6   11    5
 1.091745760530638e-15   16    6   11    8
 0.006379436011393166   16    6   11    9
 -0.005845366387078628   16    6   12    3
 0.01344365842201644   16    6   12   11
 -0.01534729760134361   16    6   13    4
 0.01050649436904046   16    6   13    8
 -0.000828163852904679   16    6   15    6
 -1.098317551058854e-15   16    6   15   11
 0.006468622664753714   16    6   15   13
 0.02016497771380439   16    6   16    6
 0.04380675213006739   16    7    2    1
 0.004072721275012751   16    7    5    2
 -0.01572474204381527   16    7    7    4
 0.009082004897709458   16    7    8    7
 0.005906922230616274   16    7    9    2
 -0.01770285192706992   16    7   10    1
 0.004757662541190893   16    7   10    5
 0.006379436011393453   16    7   10    9
 -0.00584536638707856   16    7   12    2
 0.01344365842201656   16    7   12   10
 -0.01534729760134396   16    7   14    4
 0.01050649436904997   16    7   14    8
 -0.0008281638528963874   16    7   15    7
 0.006468622664743676   16    7   15   14
 0.02016497771380845   16    7   16    7
 0.07468948559315819   16    8    1    1
 0.0592929554676047   16    8    2    2
 0.05929295546760385   16    8    3    3
 -4.540953490655571e-15   16    8    4    1
 0.03136480746209019   16    8    4    4
 -0.009408714370294328   16    8    5    1
 0.03244432162017783   16    8    5    5
 2.677568301366866e-15   16    8    6    3
 0.03162833054779078   16    8    6    6
 2.948703234002878e-15   16    8    7    2
 0.03162833054778291   16    8    7    7
 1.45583023755618e-13   16    8    8    1
 -0.01445810816167012   16    8    8    4
 -1.439622632743014e-14   16    8    8    5
 0.0007502735093327506   16    8    8    8
 -0.00203550077942507   16    8    9    1
 1.681249363394251e-14   16    8    9    4
 0.01311952340532334   16    8    9    5
 -9.567803167841925e-14   16    8    9    8
 0.01319271006608277   16    8    9    9
 -0.01587548650330304   16    8   10    2
 -2.430002090638209e-15   16    8   10    7
 0.03126137105149194   16    8   10   10
 -0.01587548650330281   16    8   11    3
 -3.518508083268493e-15   16    8   11    6
 0.03126137105148982   16    8   11   11
 -0.008088886162247327   16    8   12    1
 -0.002833251458938583   16    8   12    5
 -2.02081954057014e-13   16    8   12    8
 0.009085578823898603   16    8   12    9
 0.02785029845939645   16    8   12   12
 -1.166265130981538e-14   16    8   13    3
 0.02210483206864478   16    8   13    6
 5.952907899844787e-15   16    8   13   11
 0.04298280472508895   16    8   13   13
 -1.259760217730679e-14   16    8   14    2
 0.02210483206866026   16    8   14    7
 4.390397429700373e-15   16    8   14   10
 0.04298280472507403   16    8   14   14
 -1.465069542979177e-13   16    8   15    1
 -0.00253467405677046   16    8   15    4
 -3.167183939859392e-15   16    8   15    5
 0.005934325305610298   16    8   15    8
 6.076772986163278e-14   16    8   15    9
 2.134168881569807e-13   16    8   15   12
 0.02252884836762983   16    8   15   15
 -8.215443020206467e-14   16    8   16    1
 -0.01215804597794597   16    8   16    4
 -2.826138648427161e-14   16    8   16    5
 0.01434314458678517   16    8   16    8
 0.005110204946427988   16    9    4    1
 0.01661792852024974   16    9    5    4
 -0.01168871825323645   16    9    6    3
 -0.01168871825323664   16    9    7    2
 1.016625744245675e-15   16    9    7    7
 -0.002668818535891286   16    9    8    1
 -4.193857055242299e-15   16    9    8    4
 -0.002311197491355042   16    9    8    5
 2.265523230808146e-13   16    9    8    8
 3.600068329172196e-05   16    9    9    4
 -0.01277252604437594   16    9    9    8
 0.005273860110838626   16    9   10    7
 0.005273860110838323   16    9   11    6
 -0.01251756674077662   16    9   12    4
 0.01043832174801342   16    9   12    8
 -1.077672109384521e-15   16    9   12    9
 -1.604732109909227e-15   16    9   12   12
 -0.01765902536367969   16    9   13    3
 0.01631207584120822   16    9   13   11
 -1.085507890124014e-15   16    9   13   13
 -0.01765902536368038   16    9   14    2
 0.01631207584120904   16    9   14   10
 0.00114949089482463   16    9   15    1
 4.973198786559154e-15   16    9   15    4
 -0.01437689087721895   16    9   15    5
 -2.635900646775289e-13   16    9   15    8
 -0.003771751243575128   16    9   15    9
 0.01371837414574012   16    9   15   12
 3.048871918820417e-13   16    9   15   15
 -0.02557031574740851   16    9   16    1
 3.094122557375548e-15   16    9   16    4
 0.01982594116359629   16    9   16    5
 -1.285453773732289e-13   16    9   16    8
 0.01282977213793431   16    9   16    9
 0.01278467244872581   16   10    4    2
 -0.01296328082393552   16   10    7    1
 -0.006518862268176482   16   10    7    5
 -0.007025670008446795   16   10    8    2
 0.0001252650656895608   16   10    9    7
 -0.002203734333863449   16   10   10    4
 0.003428338154389054   16   10   10    8
 0.001047217052803024   16   10   12    7
 -0.01769593043244765   16   10   14    1
 0.000276701370207251   16   10   14    5
 1.071865605763463e-15   16   10   14    8
 -0.0004802938768629022   16   10   14    9
 0.01013880202306581   16   10   14   12
 4.514556441422298e-05   16   10   15    2
 1.011787763207239e-15   16   10   15    7
 0.006877095623991415   16   10   15   10
 -0.02178438800068635   16   10   16    2
 0.01428385953774131   16   10   16   10
 0.01278467244872579   16   11    4    3
 -0.01296328082393544   16   11    6    1
 -0.006518862268176482   16   11    6    5
 -0.007025670008446758   16   11    8    3
 0.0001252650656896118   16   11    9    6
 -0.002203734333863404   16   11   11    4
 0.003428338154388367   16   11   11    8
 0.001047217052802824   16   11   12    6
 -0.01769593043244769   16   11   13    1
 0.0002767013702072632   16   11   13    5
 -0.0004802938768628366   16   11   13    9
 0.01013880202306579   16   11   13   12
 4.514556441420817e-05   16   11   15    3
 0.006877095623992108   16   11   15   11
 -0.02178438800068631   16   11   16    3
 0.01428385953774162   16   11   16   11
 -0.0006284582734161814   16   12    4    1
 1.272772085200923e-15   16   12    4    4
 -0.03025133963597763   16   12    5    4
 0.005212798696721806   16   12    6    3
 1.122186765541651e-15   16   12    6    6
 0.005212798696721797   16   12    7    2
 1.448785115307939e-15   16   12    7    7
 -0.0008899059411665879   16   12    8    1
 0.005129166313729233   16   12    8    5
 -8.374207467609598e-14   16   12    8    8
 8.763092790196382e-05   16   12    9    4
 0.01028586369576603   16   12    9    8
 -0.001729536635659564   16   12   10    7
 -0.001729536635659413   16   12   11    6
 0.01964591672831013   16   12   12    4
 -0.01013803443021667   16   12   12    8
 1.439712044963129e-15   16   12   12    9
 0.005034125750535001   16   12   13    3
 -0.004347588643677336   16   12   13   11
 1.511326119377029e-15   16   12   13   13
 0.00503412575053504   16   12   14    2
 -1.550715434928483e-15   16   12   14    7
 -0.004347588643677177   16   12   14   10
 2.148469290418068e-15   16   12   14   14
 -0.0006564548553402325   16   12   15    1
 -2.828610245261964e-15   16   12   15    4
 0.02121391162285686   16   12   15    5
 1.229221261009243e-13   16   12   15    8
 0.004959492208537113   16   12   15    9
 -0.01804937983816993   16   12   15   12
 -1.638602448172932e-13   16   12   15   15
 -0.000747224776147642   16   12   16    1
 -0.01910591502656891   16   12   16    5
 6.745713833268943e-14   16   12   16    8
 -0.005218126180934557   16   12   16    9
 0.01616757904223043   16   12   16   12
 0.07269835127785237   16   13    3    1
 0.0100600294221666   16   13    5    3
 -0.03308652358717257   16   13    6    4
 -2.076528238751017e-15   16   13    8    3
 0.01292138506014842   16   13    8    6
 0.008945059250695428   16   13    9    3
 -0.02777865136304285   16   13   11    1
 0.01335429573189161   16   13   11    5
 0.01208143326284356   16   13   11    9
 -0.006433022377684629   16   13   12    3
 0.031343233370919   16   13   12   11
 -0.02194087728147171   16   13   13    4
 0.01885748006495602   16   13   13    8
 2.508444852366117e-15   16   13   15    3
 -0.01049345901182121   16   13   15    6
 0.01755838297443497   16   13   15   13
 1.127264344543052e-15   16   13   16    3
 0.02993263656119296   16   13   16    6
 0.05077451740839974   16   13   16   13
 0.07269835127785226   16   14    2    1
 0.01006002942216653   16   14    5    2
 -0.03308652358717291   16   14    7    4
 -1.629473676770339e-15   16   14    8    2
 0.0129213850601566   16   14    8    7
 0.008945059250695457   16   14    9    2
 -0.02777865136304286   16   14   10    1
 0.01335429573189164   16   14   10    5
 0.01208143326284316   16   14   10    9
 -0.006433022377684751   16   14   12    2
 0.03134323337091893   16   14   12   10
 -0.02194087728147127   16   14   14    4
 0.01885748006494536   16   14   14    8
 2.167499192584812e-15   16   14   15    2
 -0.01049345901183013   16   14   15    7
 0.01755838297444656   16   14   15   14
 1.065860257456364e-15   16   14   16    2
 0.029932636561189   16   14   16    7
 0.05077451740840493   16   14   16   14
 -0.07873075221780498   16   15    1    1
 -0.05901578267590959   16   15    2    2
 -0.05901578267590882   16   15    3    3
 5.638973240056022e-15   16   15    4    1
 -0.06229383992089634   16   15    4    4
 0.01736240477526314   16   15    5    1
 -0.07278740696931267   16   15    5    5
 -4.108848637173021e-15   16   15    6    3
 -0.03264413516231483   16   15    6    6
 -4.385645289353297e-15   16   15    7    2
 -0.03264413516230633   16   15    7    7
 -1.665692500690076e-13   16   15    8    1
 0.02032100877850405   16   15    8    4
 7.253405791309214e-15   16   15    8    5
 -0.01566491855822282   16   15    8    8
 0.01165368604139908   16   15    9    1
 -1.955477181486549e-14   16   15    9    4
 -0.01825792421408864   16   15    9    5
 9.23133061032874e-14   16   15    9    8
 -0.02100510156377377   16   15    9    9
 0.02602211244076304   16   15   10    2
 2.948926775054442e-15   16   15   10    7
 -0.02849493657806538   16   15   10   10
 0.02602211244076293   16   15   11    3
 4.283063644763003e-15   16   15   11    6
 -0.0284949365780633   16   15   11   11
 0.01090928042377477   16   15   12    1
 0.03575583975551738   16   15   12    5
 2.13666924510353e-13   16   15   12    8
 0.004750067524452204   16   15   12    9
 -0.04720327217286286   16   15   12   12
 1.269226538266646e-14   16   15   13    3
 -0.03220918725555007   16   15   13    6
 -6.655091067563576e-15   16   15   13   11
 -0.05634346673910931   16   15   13   13
 1.37548410746355e-14   16   15   14    2
 -0.03220918725556556   16   15   14    7
 -5.088524648247784e-15   16   15   14   10
 -0.0563434667390947   16   15   14   14
 1.666778205776592e-13   16   15   15    1
 0.03409803048672416   16   15   15    4
 1.397413630615911e-14   16   15   15    5
 -0.01565483231712805   16   15   15    8
 -5.289344412707495e-14   16   15   15    9
 -2.239405572426066e-13   16   15   15   12
 -0.04383782099439161   16   15   15   15
 9.191781130378925e-14   16   15   16    1
 -0.01363742159404055   16   15   16    4
 3.626943146958646e-14   16   15   16    5
 -0.001605391672832946   16   15   16    8
 3.827041898097294e-14   16   15   16    9
 -1.827342987645499e-13   16   15   16   12
 0.02883069346815831   16   15   16   15
 0.8779600666676387   16   16    1    1
 0.7173150609416447   16   16    2    2
 0.717315060941645   16   16    3    3
 2.97197334766343e-15   16   16    4    1
 0.5920188255946075   16   16    4    4
 -0.1166670670923083   16   16    5    1
 1.301484688607366e-15   16   16    5    4
 0.6369366021637104   16   16    5    5
 -1.35435795689189e-15   16   16    6    3
 0.5042872745268089   16   16    6    6
 -1.661121969503032e-15   16   16    7    2
 0.5042872745268133   16   16    7    7
 -8.179620858461206e-14   16   16    8    1
 -0.1115323635925362   16   16    8    4
 -7.987228746898063e-15   16   16    8    5
 0.363970021843138   16   16    8    8
 -0.06415942831226304   16   16    9    1
 -9.860182077275838e-15   16   16    9    4
 0.1083685924099025   16   16    9    5
 5.128261211017349e-14   16   16    9    8
 0.4153755601362181   16   16    9    9
 -0.1687841830836495   16   16   10    2
 0.4864174710237849   16   16   10   10
 -0.1687841830836496   16   16   11    3
 0.4864174710237856   16   16   11   11
 -0.07885507079727633   16   16   12    1
 -0.1175575066216257   16   16   12    5
 7.922840398406263e-14   16   16   12    8
 0.008240977833354977   16   16   12    9
 0.525850638994691   16   16   12   12
 5.636767292694561e-15   16   16   13    3
 0.2044197914762559   16   16   13    6
 -3.440338905574695e-15   16   16   13   11
 0.6432568290049627   16   16   13   13
 5.645322095323227e-15   16   16   14    2
 0.2044197914762483   16   16   14    7
 -1.62561526183598e-15   16   16   14   10
 0.6432568290049707   16   16   14   14
 8.119691487797563e-14   16   16   15    1
 -0.1185351498476457   16   16   15    4
 1.858657139891812e-14   16   16   15    5
 0.06627489188825812   16   16   15    8
 -3.629614976394713e-14   16   16   15    9
 -8.589955521500543e-14   16   16   15   12
 0.4970681282319837   16   16   15   15
 4.291772571648982e-14   16   16   16    1
 -0.01718104345759588   16   16   16    4
 2.205172469241078e-14   16   16   16    5
 0.06007480845627651   16   16   16    8
 2.080259203425907e-14   16   16   16    9
 -8.594406334659483e-14   16   16   16   12
 -0.09500664373998843   16   16   16   15
 0.8603519896216024   16   16   16   16
 -7.774838162562093    1    1  0  0
 -6.272399899390337    2    2  0  0
 -6.272399899390337    3    3  0  0
 -5.32902886966956    4    4  0  0
 0.6226102139638281    5    1  0  0
 -5.540909824094436    5    5  0  0
 -4.181299639235632    6    6  0  0
 1.465366687529844e-15    7    1  0  0
 -4.181299639235635    7    7  0  0
 6.755786863595857e-15    8    1  0  0
 -8.323556203283308e-15    8    2  0  0
 0.756499418397007    8    4  0  0
 1.513747502095392e-14    8    5  0  0
 -2.80762805108832    8    8  0  0
 0.2976372099430591    9    1  0  0
 1.609296801401375e-15    9    4  0  0
 -0.6758981183335564    9    5  0  0
 5.071214621463595e-15    9    8  0  0
 -3.169561867312052    9    9  0  0
 1.021145687839943   10    2  0  0
 -3.431375514020879e-15   10    8  0  0
 -3.656504080136539   10   10  0  0
 1.021145687839943   11    3  0  0
 -3.656504080136539   11   11  0  0
 0.4472568519660751   12    1  0  0
 0.7514550980511968   12    5  0  0
 -2.246908453193595e-14   12    8  0  0
 -0.1146866419402984   12    9  0  0
 -3.732396736549859   12   12  0  0
 -1.413376191026868   13    6  0  0
 -4.236326945446111   13   13  0  0
 -1.41337619102687   14    7  0  0
 -4.236326945446097   14   14  0  0
 4.283411498909331e-15   15    1  0  0
 8.858491665828945e-15   15    2  0  0
 0.7153146222682004   15    4  0  0
 -1.114082900984237e-14   15    5  0  0
 -0.4752143994603784   15    8  0  0
 -3.200542470605449e-14   15    9  0  0
 3.189543328615547e-15   15   10  0  0
 1.768388612447479e-14   15   12  0  0
 -3.078413507349098   15   15  0  0
 -1.104860428753422e-15   16    1  0  0
 0.1376457765563021   16    4  0  0
 -9.553292774152478e-15   16    5  0  0
 -0.467650128984157   16    8  0  0
 -1.321100944763712e-14   16    9  0  0
 2.393660391761688e-15   16   10  0  0
 1.01334631053267e-14   16   12  0  0
 0.6097327163188702   16   15  0  0
 -3.622644934105396   16   16  0  0
 -72.24420472831227  0  0  0  0
