 &FCI NORB=  16,NELEC=10,MS2=0,
  ORBSYM=1,1,1,1,1,1,1,1,1,1,1,1,1,1,1,1
  ISYM=1,
 &END
 0.7579604519785772    1    1    1    1
 0.06831251009882273    2    1    2    1
 0.5116069881392964    2    2    1    1
 0.5267644199547915    2    2    2    2
 -0.1246322076087815    3    1    1    1
 -0.00499144187434692    3    1    2    2
 0.06022814040768763    3    1    3    1
 0.09607001783068723    3    2    2    1
 0.1992155081753388    3    2    3    2
 0.5405684917862347    3    3    1    1
 0.5317812916281908    3    3    2    2
 -0.02476395242937363    3    3    3    1
 0.5549274505833264    3    3    3    3
 0.08617834173194375    4    1    4    1
 0.04934068777606965    4    2    4    2
 0.01536436300765906    4    3    4    1
 0.02554515799289473    4    3    4    3
 0.5813693033845029    4    4    1    1
 0.484181421959944    4    4    2    2
 -0.04688522603686809    4    4    3    1
 0.4851265061474032    4    4    3    3
 0.5310847035417918    4    4    4    4
 0.08617834173194375    5    1    5    1
 0.04934068777606965    5    2    5    2
 0.01536436300765906    5    3    5    1
 0.02554515799289473    5    3    5    3
 0.02034103418656639    5    4    5    4
 0.5813693033845029    5    5    1    1
 0.484181421959944    5    5    2    2
 -0.04688522603686809    5    5    3    1
 0.4851265061474032    5    5    3    3
 0.4904026351686591    5    5    4    4
 0.5310847035417918    5    5    5    5
 -0.03986916167294348    6    1    5    2
 0.03775147789713202    6    1    6    1
 -0.06509180352813845    6    2    5    1
 -0.03464205452672543    6    2    5    3
 0.07323948929738107    6    2    6    2
 -0.03468525739380515    6    3    5    2
 0.02146678301623805    6    3    6    1
 0.03262320524430772    6    3    6    3
 0.01505105569164557    6    4    6    4
 -0.09776477366666167    6    5    2    1
 -0.1395435844111654    6    5    3    2
 0.158734296729586    6    5    6    5
 0.5289303848545337    6    6    1    1
 0.4802908451273916    6    6    2    2
 -0.02617746162562547    6    6    3    1
 0.4782614403439693    6    6    3    3
 0.4654154804318357    6    6    4    4
 0.5018018443734321    6    6    5    5
 0.4881590081752403    6    6    6    6
 -0.03986916167294353    7    1    4    2
 0.0377514778971321    7    1    7    1
 -0.06509180352813849    7    2    4    1
 -0.03464205452672545    7    2    4    3
 0.07323948929738114    7    2    7    2
 -0.03468525739380516    7    3    4    2
 0.02146678301623806    7    3    7    1
 0.03262320524430773    7    3    7    3
 -0.09776477366666177    7    4    2    1
 -0.1395435844111655    7    4    3    2
 0.128632185346295    7    4    6    5
 0.1587342967295863    7    4    7    4
 0.01505105569164558    7    5    6    4
 0.01505105569164559    7    5    7    5
 0.01819318197079821    7    6    5    4
 0.01854032407936981    7    6    7    6
 0.5289303848545344    7    7    1    1
 0.480290845127392    7    7    2    2
 -0.02617746162562554    7    7    3    1
 0.4782614403439697    7    7    3    3
 0.5018018443734326    7    7    4    4
 0.4654154804318361    7    7    5    5
 0.4510783600165011    7    7    6    6
 0.4881590081752412    7    7    7    7
 -0.05075716151071443    8    1    2    1
 -0.04345930678436632    8    1    3    2
 0.07050807968239931    8    1    6    5
 0.07050807968239943    8    1    7    4
 0.05470408593688035    8    1    8    1
 -0.09841872378991452    8    2    1    1
 -0.0331255659349863    8    2    2    2
 0.02535109384649267    8    2    3    1
 -0.0273082206669789    8    2    3    3
 -0.06776203713531262    8    2    4    4
 -0.06776203713531262    8    2    5    5
 -0.0535219567801061    8    2    6    6
 -0.05352195678010624    8    2    7    7
 0.03781184596844456    8    2    8    2
 0.03256382514692616    8    3    2    1
 0.06678060055652003    8    3    3    2
 -0.04578111402412521    8    3    6    5
 -0.04578111402412522    8    3    7    4
 -0.01866542634229848    8    3    8    1
 0.04188655901060609    8    3    8    3
 -0.0217688582216052    8    4    4    2
 0.02428403250527953    8    4    7    1
 0.006572071531253059    8    4    7    3
 0.01943125571189286    8    4    8    4
 -0.02176885822160519    8    5    5    2
 0.0242840325052795    8    5    6    1
 0.006572071531253065    8    5    6    3
 0.01943125571189288    8    5    8    5
 0.03836014469117235    8    6    5    1
 0.003519201426419658    8    6    5    3
 -0.02566703458146061    8    6    6    2
 0.02337973791222597    8    6    8    6
 0.03836014469117242    8    7    4    1
 0.003519201426419678    8    7    4    3
 -0.02566703458146072    8    7    7    2
 0.02337973791222628    8    7    8    7
 0.4439472898318252    8    8    1    1
 0.4008873404414831    8    8    2    2
 -0.02800195425612946    8    8    3    1
 0.4125778388883052    8    8    3    3
 0.3954961799557361    8    8    4    4
 0.3954961799557359    8    8    5    5
 0.3858673507325585    8    8    6    6
 0.385867350732559    8    8    7    7
 -1.024223404878486e-15    8    8    8    1
 -0.01682136301442965    8    8    8    2
 0.3764107157886925    8    8    8    8
 -0.06795171846674426    9    1    1    1
 -0.01983706446768321    9    1    2    2
 0.03087800795269995    9    1    3    1
 -0.03605144503162021    9    1    3    3
 -0.02404976129897892    9    1    4    4
 -0.02404976129897892    9    1    5    5
 -0.02154900318949664    9    1    6    6
 -0.02154900318949675    9    1    7    7
 0.006972032650311055    9    1    8    2
 -0.02654226399789394    9    1    8    8
 0.02940387048761102    9    1    9    1
 0.005838134372818516    9    2    2    1
 0.006067481439922044    9    2    3    2
 -0.008261541199899766    9    2    6    5
 -0.008261541199899781    9    2    7    4
 -0.00703973858605329    9    2    8    1
 -0.01087687041583831    9    2    8    3
 0.01419728775353648    9    2    9    2
 0.1171281559994131    9    3    1    1
 0.06268964686517815    9    3    2    2
 -0.03049435247185116    9    3    3    1
 0.07215554088838165    9    3    3    3
 0.07595158592799252    9    3    4    4
 0.07595158592799253    9    3    5    5
 0.0644089984940181    9    3    6    6
 0.06440899849401829    9    3    7    7
 -0.03060094565103841    9    3    8    2
 0.02866022831396757    9    3    8    8
 -0.01887801941562446    9    3    9    1
 0.04515384727823372    9    3    9    3
 0.01935871364347185    9    4    4    1
 0.007393710288068966    9    4    4    3
 -0.01593083006076465    9    4    7    2
 0.00986218612346329    9    4    8    7
 0.01519154627352937    9    4    9    4
 0.01935871364347185    9    5    5    1
 0.007393710288068962    9    5    5    3
 -0.01593083006076464    9    5    6    2
 0.009862186123463292    9    5    8    6
 0.01519154627352936    9    5    9    5
 -0.003144809186914985    9    6    5    2
 0.001769132630327259    9    6    6    1
 0.001763465039559895    9    6    6    3
 0.003544734416749925    9    6    8    5
 0.006263737748246308    9    6    9    6
 -0.003144809186915003    9    7    4    2
 0.001769132630327267    9    7    7    1
 0.001763465039559936    9    7    7    3
 0.003544734416749929    9    7    8    4
 0.006263737748246292    9    7    9    7
 -0.02269063478622258    9    8    2    1
 -0.0630207075268497    9    8    3    2
 0.03670687574019595    9    8    6    5
 0.03670687574019584    9    8    7    4
 -0.003989521204621461    9    8    8    1
 -0.0368824907038201    9    8    8    3
 4.49982445825086e-15    9    8    8    8
 0.01799397011706087    9    8    9    2
 0.06846231891330562    9    8    9    8
 0.4411952799821701    9    9    1    1
 0.3883972425326362    9    9    2    2
 -0.03121451243814826    9    9    3    1
 0.4012228089221584    9    9    3    3
 0.393626106681606    9    9    4    4
 0.3936261066816061    9    9    5    5
 0.3784278109309412    9    9    6    6
 0.3784278109309415    9    9    7    7
 -0.0221463472697594    9    9    8    2
 0.3569756022835718    9    9    8    8
 -0.01958806817248905    9    9    9    1
 0.03643712078587345    9    9    9    3
 0.3563823782880907    9    9    9    9
 0.02547191143599643   10    1    4    1
 0.001467677932888922   10    1    4    3
 -0.01832514120253334   10    1    7    2
 0.01428377526387876   10    1    8    7
 -0.002851304550335213   10    1    9    4
 0.01983889017653656   10    1   10    1
 0.01961597230868374   10    2    4    2
 -0.01656307297171714   10    2    7    1
 -0.01132316782324102   10    2    7    3
 -0.01121723903342707   10    2    8    4
 -0.003280433506432109   10    2    9    7
 0.01737435415917084   10    2   10    2
 -0.003361036516170546   10    3    4    1
 0.007986670479306566   10    3    4    3
 -0.005644226956679527   10    3    7    2
 0.0003204312952067246   10    3    8    7
 0.001684910032057117   10    3    9    4
 0.002835066438198354   10    3   10    1
 0.01074762973066275   10    3   10    3
 0.1308181642350622   10    4    1    1
 0.09872676546122643   10    4    2    2
 -0.02137553713511746   10    4    3    1
 0.1041601972787386   10    4    3    3
 0.09869264201217411   10    4    4    4
 0.09300075419529776   10    4    5    5
 0.08807028553751246   10    4    6    6
 0.09494091313848682   10    4    7    7
 -0.02572843201588312   10    4    8    2
 0.06150328820754011   10    4    8    8
 -0.02487786959453637   10    4    9    1
 0.03811381967722808   10    4    9    3
 0.04792708259435948   10    4    9    9
 0.07323605775362564   10    4   10    4
 0.002845943908438175   10    5    5    4
 0.003435313800487012   10    5    7    6
 0.008340201375787192   10    5   10    5
 0.004680606700163052   10    6    6    4
 0.004680606700163067   10    6    7    5
 0.007146757685555866   10    6   10    6
 -0.04363651269371675   10    7    2    1
 -0.05307493570950692   10    7    3    2
 0.05537323689193142   10    7    6    5
 0.06473445029225772   10    7    7    4
 0.04027011307092365   10    7    8    1
 -0.01324383536173473   10    7    8    3
 1.152765872989749e-15   10    7    8    8
 -0.01218738513103796   10    7    9    2
 -0.009546474344456671   10    7    9    8
 0.05945867358656332   10    7   10    7
 -0.01479461496424113   10    8    4    2
 0.0152152078260571   10    8    7    1
 0.006998903932239354   10    8    7    3
 0.008714863688705688   10    8    8    4
 -0.003401618471354064   10    8    9    7
 -0.007963269797567802   10    8   10    2
 0.0104260012343353   10    8   10    8
 -0.02185532750212952   10    9    4    1
 0.002635463953080066   10    9    4    3
 0.008301367478152952   10    9    7    2
 -0.01236161533996323   10    9    8    7
 -0.01117156821993406   10    9    9    4
 -0.0002903750149681812   10    9   10    1
 0.005904642482448308   10    9   10    3
 0.01838022906585708   10    9   10    9
 0.4898537178542777   10   10    1    1
 0.4250599819331101   10   10    2    2
 -0.03239323351283281   10   10    3    1
 0.4261693560405467   10   10    3    3
 0.4589418540593616   10   10    4    4
 0.4286817350047677   10   10    5    5
 0.4111484132180486   10   10    6    6
 0.4391456225886754   10   10    7    7
 -0.05139616906070391   10   10    8    2
 0.3531173225651191   10   10    8    8
 -0.01828356200039294   10   10    9    1
 0.0619862342826758   10   10    9    3
 0.3587520196220972   10   10    9    9
 0.07231603711427412   10   10   10    4
 0.4230563085608448   10   10   10   10
 0.02547191143599643   11    1    5    1
 0.001467677932888922   11    1    5    3
 -0.0183251412025333   11    1    6    2
 0.01428377526387872   11    1    8    6
 -0.00285130455033521   11    1    9    5
 0.01983889017653656   11    1   11    1
 0.01961597230868374   11    2    5    2
 -0.0165630729717171   11    2    6    1
 -0.011323167823241   11    2    6    3
 -0.01121723903342705   11    2    8    5
 -0.003280433506432119   11    2    9    6
 0.01737435415917084   11    2   11    2
 -0.003361036516170545   11    3    5    1
 0.007986670479306563   11    3    5    3
 -0.005644226956679505   11    3    6    2
 0.0003204312952067212   11    3    8    6
 0.001684910032057118   11    3    9    5
 0.002835066438198352   11    3   11    1
 0.01074762973066275   11    3   11    3
 0.002845943908438175   11    4    5    4
 0.003435313800487012   11    4    7    6
 0.008340201375787192   11    4   10    5
 0.008340201375787192   11    4   11    4
 0.1308181642350622   11    5    1    1
 0.0987267654612264   11    5    2    2
 -0.02137553713511745   11    5    3    1
 0.1041601972787385   11    5    3    3
 0.09300075419529776   11    5    4    4
 0.09869264201217411   11    5    5    5
 0.0949409131384865   11    5    6    6
 0.08807028553751271   11    5    7    7
 -0.02572843201588308   11    5    8    2
 0.06150328820754019   11    5    8    8
 -0.02487786959453636   11    5    9    1
 0.03811381967722805   11    5    9    3
 0.04792708259435947   11    5    9    9
 0.05655565500205122   11    5   10    4
 0.07268052397057191   11    5   10   10
 0.07323605775362567   11    5   11    5
 -0.04363651269371659   11    6    2    1
 -0.05307493570950666   11    6    3    2
 0.0647344502922573   11    6    6    5
 0.05537323689193129   11    6    7    4
 0.04027011307092346   11    6    8    1
 -0.01324383536173458   11    6    8    3
 1.339830327120549e-15   11    6    8    8
 -0.01218738513103793   11    6    9    2
 -0.009546474344456747   11    6    9    8
 0.04516515821545143   11    6   10    7
 0.05945867358656311   11    6   11    6
 0.004680606700163075   11    7    6    4
 0.00468060670016309   11    7    7    5
 0.007146757685555871   11    7   10    6
 0.007146757685555878   11    7   11    7
 -0.01479461496424112   11    8    5    2
 0.01521520782605706   11    8    6    1
 0.006998903932239352   11    8    6    3
 0.008714863688705629   11    8    8    5
 -0.003401618471354031   11    8    9    6
 -0.007963269797567788   11    8   11    2
 0.01042600123433531   11    8   11    8
 -0.02185532750212952   11    9    5    1
 0.002635463953080068   11    9    5    3
 0.00830136747815296   11    9    6    2
 -0.0123616153399633   11    9    8    6
 -0.01117156821993407   11    9    9    5
 -0.0002903750149681769   11    9   11    1
 0.00590464248244831   11    9   11    3
 0.01838022906585708   11    9   11    9
 0.01513005952729696   11   10    5    4
 0.01399860468531318   11   10    7    6
 -0.0001822434281488587   11   10   10    5
 -0.0001822434281488596   11   10   11    4
 0.01649688520924891   11   10   11   10
 0.4898537178542777   11   11    1    1
 0.4250599819331101   11   11    2    2
 -0.0323932335128328   11   11    3    1
 0.4261693560405467   11   11    3    3
 0.4286817350047677   11   11    4    4
 0.4589418540593617   11   11    5    5
 0.4391456225886751   11   11    6    6
 0.4111484132180489   11   11    7    7
 -0.05139616906070394   11   11    8    2
 0.3531173225651199   11   11    8    8
 -0.01828356200039298   11   11    9    1
 0.06198623428267581   11   11    9    3
 0.3587520196220973   11   11    9    9
 0.07268052397057188   11   11   10    4
 0.3900625381423473   11   11   10   10
 0.07231603711427424   11   11   11    5
 0.4230563085608449   11   11   11   11
 -0.08004779260812259   12    1    1    1
 -0.05632475812460533   12    1    2    2
 0.01708784526664717   12    1    3    1
 -0.0631880954613537   12    1    3    3
 -0.05160272064397863   12    1    4    4
 -0.05160272064397863   12    1    5    5
 -0.05030556209134838   12    1    6    6
 -0.05030556209134854   12    1    7    7
 0.0142997869400058   12    1    8    2
 -0.03541717482299755   12    1    8    8
 0.02105892104274721   12    1    9    1
 -0.02489922033953869   12    1    9    3
 -0.02631440110446681   12    1    9    9
 -0.03960088111395034   12    1   10    4
 -0.03961019372357363   12    1   10   10
 -0.03960088111395035   12    1   11    5
 -0.03961019372357364   12    1   11   11
 0.02731518472125106   12    1   12    1
 -0.04455304438540226   12    2    2    1
 -0.07704228300952427   12    2    3    2
 0.06064819118793394   12    2    6    5
 0.06064819118793405   12    2    7    4
 0.03149420099765099   12    2    8    1
 -0.01645069120874115   12    2    8    3
 -0.01636245505575403   12    2    9    2
 -0.003943569855517792   12    2    9    8
 0.04738136120235091   12    2   10    7
 0.04738136120235081   12    2   11    6
 0.0557952790578822   12    2   12    2
 -0.04586835699778091   12    3    1    1
 -0.08273227919679603   12    3    2    2
 -0.0113881927545241   12    3    3    1
 -0.083911464118191   12    3    3    3
 -0.05373937662455881   12    3    4    4
 -0.05373937662455881   12    3    5    5
 -0.05624926552232685   12    3    6    6
 -0.05624926552232699   12    3    7    7
 0.006896035818664139   12    3    8    2
 -0.02584197384885293   12    3    8    8
 6.433593457935997e-05   12    3    9    1
 -0.02474506438484482   12    3    9    3
 -0.0253607287544035   12    3    9    9
 -0.03422252180647751   12    3   10    4
 -0.0436713790469008   12    3   10   10
 -0.0342225218064775   12    3   11    5
 -0.04367137904690076   12    3   11   11
 0.01936204428212547   12    3   12    1
 0.0441306722207614   12    3   12    3
 0.004594158367933813   12    4    4    1
 -0.001567162795157478   12    4    4    3
 0.001104457329387476   12    4    7    2
 -0.001834775233384414   12    4    8    7
 0.009262479011608432   12    4    9    4
 -0.01436932538719141   12    4   10    1
 -0.0108785593722851   12    4   10    3
 -0.01175304142746937   12    4   10    9
 0.02407187034886232   12    4   12    4
 0.004594158367933812   12    5    5    1
 -0.001567162795157476   12    5    5    3
 0.001104457329387441   12    5    6    2
 -0.001834775233384373   12    5    8    6
 0.009262479011608425   12    5    9    5
 -0.01436932538719141   12    5   11    1
 -0.0108785593722851   12    5   11    3
 -0.01175304142746938   12    5   11    9
 0.02407187034886232   12    5   12    5
 0.01046377598354186   12    6    5    2
 -0.00898541586213965   12    6    6    1
 -0.004729378583198916   12    6    6    3
 -0.007251270810181201   12    6    8    5
 -0.002932819281521929   12    6    9    6
 0.01628175685078322   12    6   11    2
 -0.005638416950511668   12    6   11    8
 0.01781586015224797   12    6   12    6
 0.01046377598354194   12    7    4    2
 -0.008985415862139733   12    7    7    1
 -0.004729378583198995   12    7    7    3
 -0.007251270810181254   12    7    8    4
 -0.002932819281521907   12    7    9    7
 0.01628175685078324   12    7   10    2
 -0.005638416950511696   12    7   10    8
 0.01781586015224796   12    7   12    7
 0.0265989718368305   12    8    2    1
 0.04180946974100851   12    8    3    2
 -0.03829581604286657   12    8    6    5
 -0.03829581604286656   12    8    7    4
 -0.01712290621110089   12    8    8    1
 0.02596606691840554   12    8    8    3
 -1.404502603350313e-15   12    8    8    8
 -0.008851241010298008   12    8    9    2
 -0.02806822968592118   12    8    9    8
 -0.01491991087251588   12    8   10    7
 -0.01491991087251587   12    8   11    6
 -0.01173708070873004   12    8   12    2
 0.02392097660725783   12    8   12    8
 0.05816069660733159   12    9    1    1
 -0.00831301236759263   12    9    2    2
 -0.02427335679060968   12    9    3    1
 -0.01110899452576021   12    9    3    3
 0.03293356438481806   12    9    4    4
 0.03293356438481811   12    9    5    5
 0.0149944062226575   12    9    6    6
 0.0149944062226575   12    9    7    7
 -0.02558766547195408   12    9    8    2
 -0.004578313558228866   12    9    8    8
 0.002679815600874389   12    9    9    1
 0.01535939446012931   12    9    9    3
 0.01157926426760427   12    9    9    9
 -0.006380076981429712   12    9   10    4
 0.02704433879341324   12    9   10   10
 -0.00638007698142967   12    9   11    5
 0.02704433879341333   12    9   11   11
 0.005415764782208491   12    9   12    1
 0.01114933322297713   12    9   12    3
 0.03858847050285581   12    9   12    9
 -0.0569691415020567   12   10    4    1
 -0.02432711311506749   12   10    4    3
 0.05619503721481613   12   10    7    2
 -0.02207673102137847   12   10    8    7
 -0.02053163810741642   12   10    9    4
 -0.007962589683795309   12   10   10    1
 0.001499767864272276   12   10   10    3
 0.01828957882703227   12   10   10    9
 -0.01263570740563272   12   10   12    4
 0.05960384619288799   12   10   12   10
 -0.0569691415020567   12   11    5    1
 -0.02432711311506749   12   11    5    3
 0.05619503721481611   12   11    6    2
 -0.02207673102137842   12   11    8    6
 -0.02053163810741641   12   11    9    5
 -0.007962589683795309   12   11   11    1
 0.001499767864272281   12   11   11    3
 0.01828957882703226   12   11   11    9
 -0.01263570740563272   12   11   12    5
 0.05960384619288797   12   11   12   11
 0.4615788953894909   12   12    1    1
 0.4349803466500692   12   12    2    2
 -0.01695004227994299   12   12    3    1
 0.4379450438396388   12   12    3    3
 0.4310064561887048   12   12    4    4
 0.4310064561887048   12   12    5    5
 0.4176323937717583   12   12    6    6
 0.4176323937717586   12   12    7    7
 -0.0355792258314954   12   12    8    2
 0.3556964371305413   12   12    8    8
 -0.01038744365456379   12   12    9    1
 0.0516407183810564   12   12    9    3
 0.3604790447322852   12   12    9    9
 0.06154541592480365   12   12   10    4
 0.3919526248433499   12   12   10   10
 0.06154541592480355   12   12   11    5
 0.3919526248433498   12   12   11   11
 -0.03287774266359286   12   12   12    1
 -0.04985753069394028   12   12   12    3
 0.01493971346535035   12   12   12    9
 0.3934054772494188   12   12   12   12
 -0.01993516586772234   13    1    5    2
 0.02229167686194012   13    1    6    1
 0.005878605169182029   13    1    6    3
 0.01670563906236585   13    1    8    5
 0.0004812344155935942   13    1    9    6
 -0.01492243665870251   13    1   11    2
 0.0116327000967881   13    1   11    8
 -0.01280545777649944   13    1   12    6
 0.01936809922570403   13    1   13    1
 -0.0209865680676009   13    2    5    1
 -0.006085692060756345   13    2    5    3
 0.01860628257425376   13    2    6    2
 -0.01446829958325004   13    2    8    6
 -0.003562769867656273   13    2    9    5
 -0.01603756957658139   13    2   11    1
 -0.009742468546116   13    2   11    3
 0.0007135130577721408   13    2   11    9
 0.0157471206517013   13    2   12    5
 0.009100825803871273   13    2   12   11
 0.02023207582761061   13    2   13    2
 -0.004062652393300304   13    3    5    2
 0.0002967564389274333   13    3    6    1
 0.004367616359014719   13    3    6    3
 0.001290935325424296   13    3    8    5
 0.005792279366247904   13    3    9    6
 -0.00952424767079387   13    3   11    2
 -0.001503518935640858   13    3   11    8
 -0.01088924635958335   13    3   12    6
 0.00290160330726537   13    3   13    1
 0.01119487685082999   13    3   13    3
 0.005566111190773972   13    4    6    4
 0.005566111190773987   13    4    7    5
 0.00705455200556537   13    4   10    6
 0.007054552005565378   13    4   11    7
 0.007232229510662155   13    4   13    4
 -0.04670230362356402   13    5    2    1
 -0.05222987123900511   13    5    3    2
 0.07012448286230301   13    5    6    5
 0.05899226048075517   13    5    7    4
 0.04492708607487532   13    5    8    1
 -0.01379485753948276   13    5    8    3
 -0.01244494895526654   13    5    9    2
 -0.009301398830411273   13    5    9    8
 0.04607753813297674   13    5   10    7
 0.06018664214410736   13    5   11    6
 0.04680684762629331   13    5   12    2
 -0.01554335773029757   13    5   12    8
 0.06212359346539795   13    5   13    5
 0.1556202007150559   13    6    1    1
 0.1075818754511913   13    6    2    2
 -0.02640052472059506   13    6    3    1
 0.1108298574385502   13    6    3    3
 0.1110647731984035   13    6    4    4
 0.1212448231594986   13    6    5    5
 0.1090769328979485   13    6    6    6
 0.1007443866399149   13    6    7    7
 -0.03589371476860081   13    6    8    2
 0.0652335393060819   13    6    8    8
 -0.02129601552338193   13    6    9    1
 0.04636048489767362   13    6    9    3
 0.05797092026388466   13    6    9    9
 0.05957896712931405   13    6   10    4
 0.08792270851901059   13    6   10   10
 0.07491148496448846   13    6   11    5
 0.09199815492292272   13    6   11   11
 -0.03928356990613135   13    6   12    1
 -0.03749460508750717   13    6   12    3
 0.00654243966568129   13    6   12    9
 0.07562685261716395   13    6   12   12
 0.08514439579180887   13    6   13    6
 0.005090024980547549   13    7    5    4
 0.004166273129016943   13    7    7    6
 0.007666258917587185   13    7   10    5
 0.007666258917587185   13    7   11    4
 0.002037723201956099   13    7   11   10
 0.008770345721430291   13    7   13    7
 0.03103723659783695   13    8    5    1
 0.008256607503394032   13    8    5    3
 -0.02795936192956308   13    8    6    2
 0.01083066785265216   13    8    8    6
 0.0008382133957735502   13    8    9    5
 0.01324862476252146   13    8   11    1
 -0.002176717704036157   13    8   11    3
 -0.001973641953178353   13    8   11    9
 -0.00234251472178849   13    8   12    5
 -0.02175212326456053   13    8   12   11
 -0.007549848042477679   13    8   13    2
 0.01953714944523792   13    8   13    8
 -0.007636525788420822   13    9    5    2
 0.001967745848919625   13    9    6    1
 0.01122185823412478   13    9    6    3
 -0.00372672524499111   13    9    8    5
 -0.002469952331038811   13    9    9    6
 -0.0003001744724971347   13    9   11    2
 0.002767194646355081   13    9   11    8
 0.001859004144480761   13    9   12    6
 -0.002533852894840789   13    9   13    1
 -0.0004938515160498346   13    9   13    3
 0.009716898852399456   13    9   13    9
 0.01063496759434899   13   10    6    4
 0.010634967594349   13   10    7    5
 0.00300255997730334   13   10   10    6
 0.003002559977303362   13   10   11    7
 0.003677374918445434   13   10   13    4
 0.01043666028085224   13   10   13   10
 -0.07961228574559974   13   11    2    1
 -0.1148416528397285   13   11    3    2
 0.1295560408220047   13   11    6    5
 0.1082861056333069   13   11    7    4
 0.05883194700362816   13   11    8    1
 -0.04204296774145061   13   11    8    3
 -0.004925220395437421   13   11    9    2
 0.03207595487589884   13   11    9    8
 0.04793626104039655   13   11   10    7
 0.05394138099500301   13   11   11    6
 0.05060413522019363   13   11   12    2
 -0.03609957034884187   13   11   12    8
 0.05838685601558033   13   11   13    5
 0.1193999075380677   13   11   13   11
 0.03382808965062271   13   12    5    2
 -0.02683598210214945   13   12    6    1
 -0.02528713103058087   13   12    6    3
 -0.01288662582217302   13   12    8    5
 0.0003800393996167425   13   12    9    6
 0.01032223067350479   13   12   11    2
 -0.01156358147638303   13   12   11    8
 0.002509574312743555   13   12   12    6
 -0.01155117593479174   13   12   13    1
 0.0008759680758843641   13   12   13    3
 -0.008486820751557347   13   12   13    9
 0.03029706678502829   13   12   13   12
 0.4769258047666438   13   13    1    1
 0.4272133091189094   13   13    2    2
 -0.0280675875128769   13   13    3    1
 0.4298242647859749   13   13    3    3
 0.4201490400305436   13   13    4    4
 0.4468931201813291   13   13    5    5
 0.4364184968230695   13   13    6    6
 0.4083846653307465   13   13    7    7
 -0.04353950100069143   13   13    8    2
 0.3582388608673741   13   13    8    8
 -0.02442983377006746   13   13    9    1
 0.05599275842061897   13   13    9    3
 0.3531522491771062   13   13    9    9
 0.07714892142550382   13   13   10    4
 0.3813207802515516   13   13   10   10
 0.08136890457464643   13   13   11    5
 0.4086023283756118   13   13   11   11
 -0.04476771082224373   13   13   12    1
 -0.04401059530294272   13   13   12    3
 0.009936833180891823   13   13   12    9
 0.3830486367687599   13   13   12   12
 0.09089923228028836   13   13   13    6
 0.4093991598796624   13   13   13   13
 -0.01993516586772226   14    1    4    2
 0.02229167686194009   14    1    7    1
 0.005878605169181991   14    1    7    3
 0.01670563906236581   14    1    8    4
 0.0004812344155935733   14    1    9    7
 -0.01492243665870248   14    1   10    2
 0.01163270009678805   14    1   10    8
 -0.01280545777649945   14    1   12    7
 0.01936809922570393   14    1   14    1
 -0.02098656806760076   14    2    4    1
 -0.006085692060756267   14    2    4    3
 0.01860628257425364   14    2    7    2
 -0.01446829958325003   14    2    8    7
 -0.003562769867656233   14    2    9    4
 -0.01603756957658135   14    2   10    1
 -0.009742468546115983   14    2   10    3
 0.0007135130577721419   14    2   10    9
 0.0157471206517013   14    2   12    4
 0.009100825803871159   14    2   12   10
 0.02023207582761052   14    2   14    2
 -0.004062652393300227   14    3    4    2
 0.0002967564389273949   14    3    7    1
 0.004367616359014672   14    3    7    3
 0.001290935325424294   14    3    8    4
 0.005792279366247885   14    3    9    7
 -0.009524247670793842   14    3   10    2
 -0.001503518935640874   14    3   10    8
 -0.01088924635958334   14    3   12    7
 0.002901603307265355   14    3   14    1
 0.01119487685082997   14    3   14    3
 -0.0467023036235638   14    4    2    1
 -0.0522298712390048   14    4    3    2
 0.05899226048075482   14    4    6    5
 0.07012448286230279   14    4    7    4
 0.04492708607487519   14    4    8    1
 -0.01379485753948268   14    4    8    3
 -0.01244494895526653   14    4    9    2
 -0.0093013988304114   14    4    9    8
 0.06018664214410734   14    4   10    7
 0.04607753813297659   14    4   11    6
 0.0468068476262932   14    4   12    2
 -0.01554335773029754   14    4   12    8
 0.04765913444407359   14    4   13    5
 0.05103210617868925   14    4   13   11
 0.06212359346539763   14    4   14    4
 0.005566111190773939   14    5    6    4
 0.005566111190773954   14    5    7    5
 0.00705455200556536   14    5   10    6
 0.007054552005565368   14    5   11    7
 0.007232229510662143   14    5   13    4
 0.003677374918445411   14    5   13   10
 0.00723222951066213   14    5   14    5
 0.005090024980547479   14    6    5    4
 0.004166273129016873   14    6    7    6
 0.007666258917587173   14    6   10    5
 0.007666258917587173   14    6   11    4
 0.002037723201956038   14    6   11   10
 0.008770345721430274   14    6   13    7
 0.00877034572143026   14    6   14    6
 0.1556202007150557   14    7    1    1
 0.1075818754511912   14    7    2    2
 -0.02640052472059506   14    7    3    1
 0.1108298574385501   14    7    3    3
 0.1212448231594984   14    7    4    4
 0.1110647731984034   14    7    5    5
 0.1007443866399145   14    7    6    6
 0.1090769328979487   14    7    7    7
 -0.03589371476860082   14    7    8    2
 0.06523353930608226   14    7    8    8
 -0.02129601552338194   14    7    9    1
 0.04636048489767358   14    7    9    3
 0.05797092026388446   14    7    9    9
 0.07491148496448843   14    7   10    4
 0.09199815492292254   14    7   10   10
 0.05957896712931408   14    7   11    5
 0.0879227085190106   14    7   11   11
 -0.03928356990613133   14    7   12    1
 -0.03749460508750719   14    7   12    3
 0.006542439665681177   14    7   12    9
 0.07562685261716381   14    7   12   12
 0.06760370434894837   14    7   13    6
 0.08678142226163139   14    7   13   13
 0.08514439579180881   14    7   14    7
 0.03103723659783687   14    8    4    1
 0.00825660750339402   14    8    4    3
 -0.02795936192956304   14    8    7    2
 0.01083066785265212   14    8    8    7
 0.0008382133957735282   14    8    9    4
 0.01324862476252144   14    8   10    1
 -0.002176717704036166   14    8   10    3
 -0.001973641953178445   14    8   10    9
 -0.002342514721788487   14    8   12    4
 -0.02175212326456051   14    8   12   10
 -0.007549848042477617   14    8   14    2
 0.01953714944523799   14    8   14    8
 -0.007636525788420806   14    9    4    2
 0.001967745848919612   14    9    7    1
 0.01122185823412477   14    9    7    3
 -0.003726725244991145   14    9    8    4
 -0.002469952331038791   14    9    9    7
 -0.0003001744724971375   14    9   10    2
 0.002767194646355151   14    9   10    8
 0.001859004144480741   14    9   12    7
 -0.002533852894840783   14    9   14    1
 -0.0004938515160498542   14    9   14    3
 0.009716898852399434   14    9   14    9
 -0.07961228574559967   14   10    2    1
 -0.1148416528397285   14   10    3    2
 0.1082861056333067   14   10    6    5
 0.1295560408220047   14   10    7    4
 0.05883194700362824   14   10    8    1
 -0.04204296774145053   14   10    8    3
 1.06371148803041e-15   14   10    8    8
 -0.0049252203954374   14   10    9    2
 0.03207595487589908   14   10    9    8
 0.05394138099500318   14   10   10    7
 0.04793626104039635   14   10   11    6
 0.05060413522019355   14   10   12    2
 -0.03609957034884224   14   10   12    8
 0.05103210617868936   14   10   13    5
 0.09852658697636295   14   10   13   11
 0.05838685601557989   14   10   14    4
 0.1193999075380675   14   10   14   10
 0.01063496759434898   14   11    6    4
 0.01063496759434898   14   11    7    5
 0.003002559977303326   14   11   10    6
 0.003002559977303349   14   11   11    7
 0.003677374918445421   14   11   13    4
 0.01043666028085223   14   11   13   10
 0.003677374918445398   14   11   14    5
 0.01043666028085223   14   11   14   11
 0.03382808965062269   14   12    4    2
 -0.02683598210214947   14   12    7    1
 -0.02528713103058087   14   12    7    3
 -0.01288662582217302   14   12    8    4
 0.000380039399616731   14   12    9    7
 0.01032223067350475   14   12   10    2
 -0.01156358147638297   14   12   10    8
 0.002509574312743592   14   12   12    7
 -0.01155117593479165   14   12   14    1
 0.0008759680758844508   14   12   14    3
 -0.008486820751557345   14   12   14    9
 0.03029706678502824   14   12   14   12
 0.01337204007539274   14   13    5    4
 0.01401691574616158   14   13    7    6
 0.002109991574571285   14   13   10    5
 0.002109991574571286   14   13   11    4
 0.01364077406203015   14   13   11   10
 0.002058905009328467   14   13   13    7
 0.002058905009328406   14   13   14    6
 0.01432680757939508   14   13   14   13
 0.4769258047666433   14   14    1    1
 0.427213309118909   14   14    2    2
 -0.02806758751287681   14   14    3    1
 0.4298242647859744   14   14    3    3
 0.4468931201813285   14   14    4    4
 0.4201490400305431   14   14    5    5
 0.4083846653307459   14   14    6    6
 0.4364184968230694   14   14    7    7
 -0.04353950100069135   14   14    8    2
 0.3582388608673718   14   14    8    8
 -0.02442983377006752   14   14    9    1
 0.05599275842061897   14   14    9    3
 0.3531522491771062   14   14    9    9
 0.08136890457464607   14   14   10    4
 0.4086023283756114   14   14   10   10
 0.07714892142550356   14   14   11    5
 0.381320780251551   14   14   11   11
 -0.04476771082224357   14   14   12    1
 -0.04401059530294255   14   14   12    3
 0.009936833180892005   14   14   12    9
 0.3830486367687594   14   14   12   12
 0.0867814222616312   14   14   13    6
 0.3807455447208717   14   14   13   13
 0.09089923228028772   14   14   14    7
 0.4093991598796619   14   14   14   14
 0.03501116653471849   15    1    2    1
 0.01980221577470095   15    1    3    2
 -0.04805658700959414   15    1    6    5
 -0.04805658700959421   15    1    7    4
 -0.04609641116808295   15    1    8    1
 0.02031105106339672   15    1    8    3
 -0.0006477022886677676   15    1    9    2
 0.003910048421787492   15    1    9    8
 -0.02615602598728448   15    1   10    7
 -0.02615602598728438   15    1   11    6
 -0.01462294228319593   15    1   12    2
 0.0160649372511691   15    1   12    8
 -0.03059891161008491   15    1   13    5
 -0.04322766960054255   15    1   13   11
 -0.03059891161008481   15    1   14    4
 -0.04322766960054252   15    1   14   10
 0.04732325945157391   15    1   15    1
 -0.02141707941719492   15    2    1    1
 -0.08068732958228525   15    2    2    2
 -0.01855806349048096   15    2    3    1
 -0.0858417386335124   15    2    3    3
 -0.03752566101083094   15    2    4    4
 -0.03752566101083093   15    2    5    5
 -0.04492954228376122   15    2    6    6
 -0.04492954228376134   15    2    7    7
 -0.003724994534283209   15    2    8    2
 -0.0201573819322485   15    2    8    8
 -0.0004655782948824949   15    2    9    1
 -0.02094617143036916   15    2    9    3
 -0.02096133654988954   15    2    9    9
 -0.02842134972067759   15    2   10    4
 -0.03336538588530489   15    2   10   10
 -0.02842134972067757   15    2   11    5
 -0.03336538588530486   15    2   11   11
 0.01704539155922871   15    2   12    1
 0.046915460699318   15    2   12    3
 0.01880678856219033   15    2   12    9
 -0.04497305906113467   15    2   12   12
 -0.028958090211856   15    2   13    6
 -0.03516833141399549   15    2   13   13
 -0.028958090211856   15    2   14    7
 -0.0351683314139954   15    2   14   14
 0.05444912101979358   15    2   15    2
 -0.06765752318158261   15    3    2    1
 -0.1173972754423984   15    3    3    2
 0.09312234924294717   15    3    6    5
 0.09312234924294734   15    3    7    4
 0.05316945813424041   15    3    8    1
 -0.03602786645179307   15    3    8    3
 -0.02088515772068732   15    3    9    2
 -0.00320976611091235   15    3    9    8
 0.06322743412220808   15    3   10    7
 0.06322743412220785   15    3   11    6
 0.07629893160544324   15    3   12    2
 -0.01879371598883414   15    3   12    8
 0.06373519003465243   15    3   13    5
 0.08039529370052199   15    3   13   11
 0.06373519003465224   15    3   14    4
 0.08039529370052188   15    3   14   10
 -0.0360232180909803   15    3   15    1
 0.1205441157814703   15    3   15    3
 0.00490016165542422   15    4    4    2
 -0.01113667031789532   15    4    7    1
 0.003813152817824967   15    4    7    3
 -0.009159489725640502   15    4    8    4
 0.003325105867632658   15    4    9    7
 -0.003030455837716379   15    4   10    2
 -0.005699203802836231   15    4   10    8
 -0.00570389754152612   15    4   12    7
 -0.006458953982880123   15    4   14    1
 0.009425011378739153   15    4   14    3
 0.002707396387380854   15    4   14    9
 0.005159486493185353   15    4   14   12
 0.01381246819910929   15    4   15    4
 0.00490016165542422   15    5    5    2
 -0.01113667031789531   15    5    6    1
 0.003813152817824949   15    5    6    3
 -0.009159489725640501   15    5    8    5
 0.003325105867632654   15    5    9    6
 -0.003030455837716378   15    5   11    2
 -0.005699203802836249   15    5   11    8
 -0.005703897541526125   15    5   12    6
 -0.00645895398288015   15    5   13    1
 0.009425011378739162   15    5   13    3
 0.00270739638738086   15    5   13    9
 0.00515948649318533   15    5   13   12
 0.01381246819910929   15    5   15    5
 -0.02358952077843197   15    6    5    1
 0.003487544007557708   15    6    5    3
 0.0109381494568106   15    6    6    2
 -0.009489090628163617   15    6    8    6
 -0.002338325310134998   15    6    9    5
 -0.003763574073568578   15    6   11    1
 0.01166227617887426   15    6   11    3
 0.01006692386318904   15    6   11    9
 -0.01144095306170202   15    6   12    5
 0.01537882162363935   15    6   12   11
 -0.004513538725945616   15    6   13    2
 -0.01113529224899849   15    6   13    8
 0.0184477409416644   15    6   15    6
 -0.02358952077843197   15    7    4    1
 0.003487544007557743   15    7    4    3
 0.01093814945681055   15    7    7    2
 -0.00948909062816364   15    7    8    7
 -0.002338325310134988   15    7    9    4
 -0.003763574073568592   15    7   10    1
 0.01166227617887427   15    7   10    3
 0.01006692386318905   15    7   10    9
 -0.01144095306170202   15    7   12    4
 0.01537882162363932   15    7   12   10
 -0.00451353872594563   15    7   14    2
 -0.01113529224899847   15    7   14    8
 0.01844774094166441   15    7   15    7
 -0.1600308964512764   15    8    1    1
 -0.07578399736614039   15    8    2    2
 0.04254188580237549   15    8    3    1
 -0.08490397595642708   15    8    3    3
 -0.1034817942303596   15    8    4    4
 -0.1034817942303596   15    8    5    5
 -0.08510157207884161   15    8    6    6
 -0.085101572078842   15    8    7    7
 0.04022231224209636   15    8    8    2
 -0.04293541203021141   15    8    8    8
 0.02216478447178358   15    8    9    1
 -0.04954991741895123   15    8    9    3
 1.560912308416514e-15   15    8    9    8
 -0.04935487354942829   15    8    9    9
 -0.04287227467283656   15    8   10    4
 -0.08026153114234555   15    8   10   10
 -0.0428722746728365   15    8   11    5
 -0.08026153114234556   15    8   11   11
 0.02692179508001804   15    8   12    1
 0.01967405312670287   15    8   12    3
 1.044096802170548e-15   15    8   12    8
 -0.02785966031198472   15    8   12    9
 -0.06438275208281224   15    8   12   12
 -0.05412725628640251   15    8   13    6
 -0.07170111475284134   15    8   13   13
 -0.0541272562864024   15    8   14    7
 -0.07170111475284115   15    8   14   14
 0.0114979040588172   15    8   15    2
 0.06574149383536643   15    8   15    8
 -0.05492700650407197   15    9    2    1
 -0.09637876884714471   15    9    3    2
 0.07895955498182418   15    9    6    5
 0.07895955498182426   15    9    7    4
 0.03920425060567043   15    9    8    1
 -0.04828755291266043   15    9    8    3
 -1.940032945140173e-15   15    9    8    8
 0.002450768314362466   15    9    9    2
 0.03419245403171661   15    9    9    8
 0.03697195893958347   15    9   10    7
 0.03697195893958326   15    9   11    6
 0.04071160954739958   15    9   12    2
 -0.03518520876057111   15    9   12    8
 0.03801479526202453   15    9   13    5
 0.07480288050759505   15    9   13   11
 0.03801479526202445   15    9   14    4
 0.07480288050759518   15    9   14   10
 -0.03502304439188269   15    9   15    1
 0.0724496468452798   15    9   15    3
 0.07598577467430251   15    9   15    9
 -0.0121159042866958   15   10    4    2
 0.002918794940271013   15   10    7    1
 0.0168782835938208   15   10    7    3
 -0.002972881874933697   15   10    8    4
 0.002268157312905143   15   10    9    7
 -0.001571869182026773   15   10   10    2
 -0.0009257234605856734   15   10   10    8
 0.001798674814966609   15   10   12    7
 -0.004671641816502395   15   10   14    1
 0.00337014863495812   15   10   14    3
 0.009165804900928359   15   10   14    9
 -0.01237701495455754   15   10   14   12
 0.006557669547357072   15   10   15    4
 0.01493418794528232   15   10   15   10
 -0.01211590428669579   15   11    5    2
 0.002918794940271022   15   11    6    1
 0.01687828359382079   15   11    6    3
 -0.002972881874933711   15   11    8    5
 0.002268157312905126   15   11    9    6
 -0.001571869182026771   15   11   11    2
 -0.0009257234605856803   15   11   11    8
 0.001798674814966644   15   11   12    6
 -0.00467164181650239   15   11   13    1
 0.003370148634958156   15   11   13    3
 0.009165804900928377   15   11   13    9
 -0.01237701495455754   15   11   13   12
 0.00655766954735707   15   11   15    5
 0.01493418794528231   15   11   15   11
 0.0516801350091094   15   12    2    1
 0.1162237803303233   15   12    3    2
 -0.0775091640380963   15   12    6    5
 -0.07750916403809634   15   12    7    4
 -0.01918226792048677   15   12    8    1
 0.03878725841008559   15   12    8    3
 1.597013787939446e-15   15   12    8    8
 0.004326805709181067   15   12    9    2
 -0.04460619409142637   15   12    9    8
 -0.02415476279157536   15   12   10    7
 -0.0241547627915752   15   12   11    6
 -0.04173268953578281   15   12   12    2
 0.02450698463713898   15   12   12    8
 -0.02390417839803101   15   12   13    5
 -0.06787807523511352   15   12   13   11
 -0.02390417839803084   15   12   14    4
 -0.06787807523511355   15   12   14   10
 0.00617362977690102   15   12   15    1
 -0.06538143309751093   15   12   15    3
 -0.05887448379526022   15   12   15    9
 0.07547125068290068   15   12   15   12
 0.001232449543284076   15   13    5    1
 0.01780895735471086   15   13    5    3
 -0.01778986147143156   15   13    6    2
 -0.005828687736521244   15   13    8    6
 0.005572267636977797   15   13    9    5
 -0.00718816996801607   15   13   11    1
 0.003999761709230796   15   13   11    3
 0.004862601371702891   15   13   11    9
 0.005303546049506669   15   13   12    5
 -0.01744938492780974   15   13   12   11
 0.003411952900833912   15   13   13    2
 0.003063633992921476   15   13   13    8
 0.003539693170694484   15   13   15    6
 0.0208189491090499   15   13   15   13
 0.001232449543284131   15   14    4    1
 0.01780895735471085   15   14    4    3
 -0.01778986147143158   15   14    7    2
 -0.005828687736521234   15   14    8    7
 0.005572267636977802   15   14    9    4
 -0.007188169968016065   15   14   10    1
 0.003999761709230766   15   14   10    3
 0.004862601371702862   15   14   10    9
 0.005303546049506698   15   14   12    4
 -0.01744938492780979   15   14   12   10
 0.003411952900833959   15   14   14    2
 0.003063633992921535   15   14   14    8
 0.003539693170694495   15   14   15    7
 0.02081894910904987   15   14   15   14
 0.5750941780101059   15   15    1    1
 0.5131464065605655   15   15    2    2
 -0.04947244589853387   15   15    3    1
 0.5407985267147662   15   15    3    3
 0.4941655307014691   15   15    4    4
 0.4941655307014692   15   15    5    5
 0.4787330234092675   15   15    6    6
 0.478733023409268   15   15    7    7
 -0.04515542453784475   15   15    8    2
 0.4133936864995474   15   15    8    8
 -0.04822716891226355   15   15    9    1
 0.09119479640164467   15   15    9    3
 0.4065339747666201   15   15    9    9
 0.1167753414043795   15   15   10    4
 0.4392168144206728   15   15   10   10
 0.1167753414043795   15   15   11    5
 0.4392168144206727   15   15   11   11
 -0.07075854998287563   15   15   12    1
 -0.07991187105904454   15   15   12    3
 -0.001437416995010074   15   15   12    9
 0.4372372233039739   15   15   12   12
 0.1275136069663092   15   15   13    6
 0.4412578019734221   15   15   13   13
 0.1275136069663091   15   15   14    7
 0.4412578019734216   15   15   14   14
 -0.07646720584797623   15   15   15    2
 -0.1049965878660996   15   15   15    8
 0.561499847791112   15   15   15   15
 0.04114262325983655   16    1    2    1
 0.03530441362478546   16    1    3    2
 -0.05394050428410086   16    1    6    5
 -0.05394050428410094   16    1    7    4
 -0.0485406167389223   16    1    8    1
 0.02083234044898948   16    1    8    3
 0.004414123972873342   16    1    9    2
 0.01010051225807158   16    1    9    8
 -0.04343958001623025   16    1   10    7
 -0.04343958001623018   16    1   11    6
 -0.03436190311403353   16    1   12    2
 0.0185121552077213   16    1   12    8
 -0.04621508694223889   16    1   13    5
 -0.04875805954674498   16    1   13   11
 -0.04621508694223876   16    1   14    4
 -0.04875805954674491   16    1   14   10
 0.04368495574735409   16    1   15    1
 -0.05600961128977778   16    1   15    3
 -0.04167914737885771   16    1   15    9
 0.01305887347399827   16    1   15   12
 0.05296802641147309   16    1   16    1
 0.07591693650515752   16    2    1    1
 0.05350540334642055   16    2    2    2
 -0.01508192346771963   16    2    3    1
 0.05937815375391888   16    2    3    3
 0.05101915312097497   16    2    4    4
 0.05101915312097496   16    2    5    5
 0.04604974663474725   16    2    6    6
 0.0460497466347474   16    2    7    7
 -0.01342704048699907   16    2    8    2
 0.03586009129089003   16    2    8    8
 -0.0148627916414541   16    2    9    1
 0.02297770769163255   16    2    9    3
 0.02854573042721266   16    2    9    9
 0.03767500683902094   16    2   10    4
 0.03905422413173842   16    2   10   10
 0.03767500683902097   16    2   11    5
 0.03905422413173844   16    2   11   11
 -0.02374853162685195   16    2   12    1
 -0.02195472505666983   16    2   12    3
 -0.003169490489218949   16    2   12    9
 0.03403899976011408   16    2   12   12
 0.04050795041322159   16    2   13    6
 0.04102076483086805   16    2   13   13
 0.04050795041322156   16    2   14    7
 0.04102076483086782   16    2   14   14
 -0.01881915957943013   16    2   15    2
 -0.02490803979526801   16    2   15    8
 0.06857055931814746   16    2   15   15
 0.02567084956391858   16    2   16    2
 -0.00954814862172672   16    3    2    1
 0.003006923043300839   16    3    3    2
 0.01446431539852781   16    3    6    5
 0.0144643153985278   16    3    7    4
 0.01647418039048147   16    3    8    1
 -0.005549837722198555   16    3    8    3
 2.108651318511918e-15   16    3    8    8
 0.003179024286259941   16    3    9    2
 -0.003202532261542813   16    3    9    8
 0.0007567506733656389   16    3   10    7
 0.0007567506733656915   16    3   11    6
 -0.005508584558190126   16    3   12    2
 -0.003926305297386206   16    3   12    8
 0.002941964349973688   16    3   13    5
 0.01328271257893908   16    3   13   11
 0.002941964349973658   16    3   14    4
 0.0132827125789391   16    3   14   10
 -0.0207670605702807   16    3   15    1
 0.002344440264311203   16    3   15    3
 0.007951684204154829   16    3   15    9
 0.004427031661096032   16    3   15   12
 -0.0125920347342538   16    3   16    1
 0.01454771821665045   16    3   16    3
 0.005356585234679497   16    4    4    2
 -0.009207111792984553   16    4    7    1
 0.003212130797404423   16    4    7    3
 -0.008467425040177109   16    4    8    4
 0.001078787368706697   16    4    9    7
 0.01296262489681133   16    4   10    2
 -0.00858850958304129   16    4   10    8
 0.01482263017638571   16    4   12    7
 -0.01502076331262522   16    4   14    1
 -0.004977660920569918   16    4   14    3
 0.00314967344669166   16    4   14    9
 0.0004382052888988724   16    4   14   12
 0.001172424758228911   16    4   15    4
 0.007823977835391228   16    4   15   10
 0.01786039383713321   16    4   16    4
 0.005356585234679493   16    5    5    2
 -0.009207111792984517   16    5    6    1
 0.003212130797404442   16    5    6    3
 -0.008467425040177059   16    5    8    5
 0.001078787368706664   16    5    9    6
 0.01296262489681133   16    5   11    2
 -0.008588509583041384   16    5   11    8
 0.01482263017638573   16    5   12    6
 -0.01502076331262524   16    5   13    1
 -0.004977660920569942   16    5   13    3
 0.003149673446691738   16    5   13    9
 0.000438205288898866   16    5   13   12
 0.001172424758228912   16    5   15    5
 0.007823977835391217   16    5   15   11
 0.01786039383713328   16    5   16    5
 -0.005152976150645954   16    6    5    1
 0.006930170672323375   16    6    5    3
 -0.002572054971867476   16    6    6    2
 -0.006515445803007898   16    6    8    6
 0.006477155681736388   16    6    9    5
 -0.01612404049764195   16    6   11    1
 -0.005914983942314891   16    6   11    3
 -0.003838014142174658   16    6   11    9
 0.01902510075635832   16    6   12    5
 -0.009789203315511686   16    6   12   11
 0.01574836913328957   16    6   13    2
 -0.00544110001794504   16    6   13    8
 -0.004364667604294912   16    6   15    6
 0.01229931351887631   16    6   15   13
 0.02258232358610343   16    6   16    6
 -0.005152976150646067   16    7    4    1
 0.006930170672323335   16    7    4    3
 -0.002572054971867345   16    7    7    2
 -0.00651544580300779   16    7    8    7
 0.006477155681736337   16    7    9    4
 -0.01612404049764197   16    7   10    1
 -0.005914983942314869   16    7   10    3
 -0.003838014142174558   16    7   10    9
 0.01902510075635826   16    7   12    4
 -0.009789203315511554   16    7   12   10
 0.01574836913328958   16    7   14    2
 -0.005441100017945252   16    7   14    8
 -0.004364667604294832   16    7   15    7
 0.01229931351887626   16    7   15   14
 0.0225823235861036   16    7   16    7
 -0.1301341500675664   16    8    1    1
 -0.0627696825320893   16    8    2    2
 0.03514191269002009   16    8    3    1
 -0.07053779756147714   16    8    3    3
 -0.08146544199773252   16    8    4    4
 -0.08146544199773245   16    8    5    5
 -0.07017044459214425   16    8    6    6
 -0.0701704445921445   16    8    7    7
 0.02954308776879429   16    8    8    2
 -1.685024089245242e-15   16    8    8    3
 -0.04225343469925141   16    8    8    8
 0.02434827672073468   16    8    9    1
 -0.03608184318555249   16    8    9    3
 -0.04025341280797445   16    8    9    9
 -0.04283608076198903   16    8   10    4
 1.848256115030467e-15   16    8   10    7
 -0.06276067647267462   16    8   10   10
 -0.04283608076198876   16    8   11    5
 2.14447304891685e-15   16    8   11    6
 -0.06276067647267385   16    8   11   11
 0.02787949883184201   16    8   12    1
 -1.565013755885482e-15   16    8   12    2
 0.01395031719531455   16    8   12    3
 6.129249666040229e-15   16    8   12    8
 -0.01282117695524637   16    8   12    9
 -0.04825859164658431   16    8   12   12
 1.228599720717031e-15   16    8   13    5
 -0.04757453101315431   16    8   13    6
 1.943565151911235e-15   16    8   13   11
 -0.06270868043220998   16    8   13   13
 -0.04757453101315452   16    8   14    7
 1.498089601328858e-15   16    8   14   10
 -0.06270868043220974   16    8   14   14
 -1.372257024704561e-15   16    8   15    1
 0.006791116135288664   16    8   15    2
 0.04812125959953578   16    8   15    8
 3.74240437337951e-15   16    8   15   12
 -0.0873866856414631   16    8   15   15
 -0.02461302862047796   16    8   16    2
 -1.055148874399222e-15   16    8   16    3
 0.04331628157452791   16    8   16    8
 -0.01959081602247994   16    9    2    1
 -0.01785217120487508   16    9    3    2
 0.02800148278818459   16    9    6    5
 0.02800148278818472   16    9    7    4
 0.02196494531617263   16    9    8    1
 -0.01598012811027724   16    9    8    3
 -4.604012021468006e-15   16    9    8    8
 0.002663943957223698   16    9    9    2
 0.01006043331765202   16    9    9    8
 0.01055085305933046   16    9   10    7
 0.01055085305933021   16    9   11    6
 0.005955671770604801   16    9   12    2
 -0.01183633691835861   16    9   12    8
 0.01292544963748109   16    9   13    5
 0.02628577982809636   16    9   13   11
 0.01292544963748107   16    9   14    4
 0.02628577982809659   16    9   14   10
 -0.0233143974148904   16    9   15    1
 0.01750933915873999   16    9   15    3
 1.082012626077143e-15   16    9   15    8
 0.02358578154520671   16    9   15    9
 -0.009842970203887264   16    9   15   12
 -0.01956873296651485   16    9   16    1
 0.009492967347356286   16    9   16    3
 -9.248071934627163e-15   16    9   16    8
 0.01683632148768489   16    9   16    9
 0.03029136429774234   16   10    4    2
 -0.02821945412069144   16   10    7    1
 -0.01749895537315154   16   10    7    3
 -0.01753608350884271   16   10    8    4
 -0.0009615904331395654   16   10    9    7
 0.008915120383151511   16   10   10    2
 -0.0104282201764135   16   10   10    8
 0.001612215825275026   16   10   12    7
 -0.01412909596490764   16   10   14    1
 0.002842149843392626   16   10   14    3
 -0.00141604226980847   16   10   14    9
 0.02631871559345968   16   10   14   12
 0.01018245903413716   16   10   15    4
 -0.005485157055152741   16   10   15   10
 0.001686988805837101   16   10   16    4
 0.02837650145208279   16   10   16   10
 0.03029136429774233   16   11    5    2
 -0.02821945412069142   16   11    6    1
 -0.01749895537315154   16   11    6    3
 -0.01753608350884278   16   11    8    5
 -0.0009615904331394669   16   11    9    6
 0.008915120383151546   16   11   11    2
 -0.01042822017641354   16   11   11    8
 0.001612215825275031   16   11   12    6
 -0.01412909596490772   16   11   13    1
 0.002842149843392574   16   11   13    3
 -0.001416042269808556   16   11   13    9
 0.02631871559345964   16   11   13   12
 0.01018245903413711   16   11   15    5
 -0.00548515705515273   16   11   15   11
 0.001686988805837047   16   11   16    5
 0.02837650145208271   16   11   16   11
 -0.0532066946410822   16   12    2    1
 -0.07589647856262267   16   12    3    2
 0.07930566077779079   16   12    6    5
 0.07930566077779089   16   12    7    4
 0.03931522352344467   16   12    8    1
 -0.02433850163066383   16   12    8    3
 -2.514252403432776e-15   16   12    8    8
 -0.005713019026247251   16   12    9    2
 0.01764541696467493   16   12    9    8
 0.02729652329778389   16   12   10    7
 0.02729652329778371   16   12   11    6
 0.03051085387905832   16   12   12    2
 -0.01818333612708324   16   12   12    8
 -1.763001325034425e-15   16   12   12    9
 0.03042213675981606   16   12   13    5
 0.06952793351836813   16   12   13   11
 1.692307488539368e-15   16   12   13   13
 0.03042213675981591   16   12   14    4
 0.06952793351836804   16   12   14   10
 1.322620878755565e-15   16   12   14   14
 -0.02839695339644861   16   12   15    1
 0.05184822899812074   16   12   15    3
 0.04298103375831504   16   12   15    9
 -0.04448862790289788   16   12   15   12
 -0.02779195241972238   16   12   16    1
 0.01177504299485332   16   12   16    3
 4.711962365167473e-15   16   12   16    8
 0.01693740245172788   16   12   16    9
 0.05046719796857566   16   12   16   12
 -0.05212429175873873   16   13    5    1
 -0.01691888593241811   16   13    5    3
 0.0478398087978712   16   13    6    2
 -0.02244334989605922   16   13    8    6
 -0.0122087281698255   16   13    9    5
 -0.01282754632632935   16   13   11    1
 0.0041133965537202   16   13   11    3
 0.01448753116045986   16   13   11    9
 -0.007125150883500351   16   13   12    5
 0.0473077700773554   16   13   12   11
 0.00877738989095616   16   13   13    2
 -0.0211185041177838   16   13   13    8
 0.01747950882080269   16   13   15    6
 -0.008972018240594633   16   13   15   13
 -0.005140464059595382   16   13   16    6
 -1.14760774589702e-15   16   13   16   11
 0.04411574233547001   16   13   16   13
 -0.05212429175873871   16   14    4    1
 -0.01691888593241813   16   14    4    3
 0.04783980879787123   16   14    7    2
 -0.02244334989605948   16   14    8    7
 -0.01220872816982551   16   14    9    4
 -0.01282754632632933   16   14   10    1
 0.00411339655372021   16   14   10    3
 0.01448753116045967   16   14   10    9
 -0.007125150883500334   16   14   12    4
 0.04730777007735541   16   14   12   10
 0.008777389890956003   16   14   14    2
 -0.02111850411778322   16   14   14    8
 0.01747950882080266   16   14   15    7
 -0.008972018240594589   16   14   15   14
 -0.005140464059595595   16   14   16    7
 0.04411574233547068   16   14   16   14
 0.1012450927443292   16   15    1    1
 0.01939210858387157   16   15    2    2
 -0.04283595646771772   16   15    3    1
 0.03319386817470144   16   15    3    3
 0.04428420110635817   16   15    4    4
 0.04428420110635826   16   15    5    5
 0.0318819953426089   16   15    6    6
 0.03188199534260881   16   15    7    7
 -0.01893592703403449   16   15    8    2
 0.03773374183979274   16   15    8    8
 -0.02883732348225901   16   15    9    1
 0.02374497213543841   16   15    9    3
 1.649933837434505e-15   16   15    9    8
 0.03086846213585827   16   15    9    9
 0.03079734959799392   16   15   10    4
 0.03072183648109745   16   15   10   10
 0.03079734959799402   16   15   11    5
 0.03072183648109742   16   15   11   11
 -0.02168264784880871   16   15   12    1
 0.003408095460867005   16   15   12    3
 2.777501966742788e-15   16   15   12    8
 0.01006151260447537   16   15   12    9
 0.01677971219309774   16   15   12   12
 0.03341212002028202   16   15   13    6
 0.03170370347427701   16   15   13   13
 0.03341212002028215   16   15   14    7
 0.03170370347427657   16   15   14   14
 0.01017454165446491   16   15   15    2
 -0.03354681644981135   16   15   15    8
 0.05578772663696091   16   15   15   15
 0.02049186379738215   16   15   16    2
 1.049065242370023e-15   16   15   16    3
 -0.03217884076697349   16   15   16    8
 3.007443749050263e-15   16   15   16   12
 0.04184250148475894   16   15   16   15
 0.5080932282853955   16   16    1    1
 0.4169489902947758   16   16    2    2
 -0.04641633078449377   16   16    3    1
 0.4242391793034037   16   16    3    3
 0.4417570693149603   16   16    4    4
 0.4417570693149603   16   16    5    5
 0.4218302912901504   16   16    6    6
 0.4218302912901505   16   16    7    7
 -1.626388635192809e-15   16   16    8    1
 -0.05056319975794552   16   16    8    2
 -4.853306274459694e-15   16   16    8    3
 0.3623651996580737   16   16    8    8
 -0.02841747565452892   16   16    9    1
 0.06024024921498681   16   16    9    3
 -3.520984605546625e-15   16   16    9    8
 0.3623540690575367   16   16    9    9
 0.06789620888345053   16   16   10    4
 2.544664813401613e-15   16   16   10    7
 0.3976042718673259   16   16   10   10
 0.06789620888345087   16   16   11    5
 2.946679575747448e-15   16   16   11    6
 0.3976042718673266   16   16   11   11
 -0.03982979013426566   16   16   12    1
 -3.274614252410089e-15   16   16   12    2
 -0.03034238142214361   16   16   12    3
 1.63243419885157e-14   16   16   12    8
 0.02789965846085301   16   16   12    9
 0.3849712158004982   16   16   12   12
 1.438996643083629e-15   16   16   13    5
 0.08126915031214448   16   16   13    6
 1.851096435287288e-15   16   16   13   11
 0.3903113061751245   16   16   13   13
 0.0812691503121446   16   16   14    7
 1.362371056130644e-15   16   16   14   10
 0.3903113061751238   16   16   14   14
 -1.974307020482334e-15   16   16   15    1
 -0.01940484127782039   16   16   15    2
 1.514071192605631e-15   16   16   15    3
 -0.0829783972204855   16   16   15    8
 7.216944238103917e-15   16   16   15   12
 0.4388423601329675   16   16   15   15
 0.03494386934084479   16   16   16    2
 -4.203708072218847e-15   16   16   16    3
 -0.06496495588615533   16   16   16    8
 -1.412153598666765e-14   16   16   16    9
 1.660140278054488e-14   16   16   16   12
 0.04087201961618014   16   16   16   15
 0.4057411460353418   16   16   16   16
 -6.331151707696831    1    1  0  0
 -4.994861816481116    2    2  0  0
 0.473718691780328    3    1  0  0
 -4.947105074935182    3    3  0  0
 -5.012009995581193    4    4  0  0
 -5.012009995581193    5    5  0  0
 -4.494743066341261    6    6  0  0
 -4.494743066341266    7    7  0  0
 -4.65169857942894e-15    8    1  0  0
 0.5281126538405958    8    2  0  0
 1.322525278423622e-15    8    3  0  0
 -3.264873767763109e-15    8    4  0  0
 -3.398819354500731    8    8  0  0
 0.2899871983670122    9    1  0  0
 -0.6838636877865059    9    3  0  0
 -3.074500764487016    9    9  0  0
 -0.8961840226774713   10    4  0  0
 -3.460459358899187   10   10  0  0
 -0.896184022677471   11    5  0  0
 -3.460459358899188   11   11  0  0
 0.4787311401547737   12    1  0  0
 0.4929835702332552   12    3  0  0
 9.805941247860432e-15   12    8  0  0
 -0.2107352773418641   12    9  0  0
 -3.279539798949772   12   12  0  0
 -1.091726890077115   13    6  0  0
 -3.296464804161182   13   13  0  0
 -1.091726890077114   14    7  0  0
 -3.296464804161175   14   14  0  0
 1.230380727409198e-15   15    1  0  0
 0.3727259163148056   15    2  0  0
 -1.81893291082501e-15   15    3  0  0
 0.9511966648636879   15    8  0  0
 -1.98666802717114e-15   15    9  0  0
 -1.743859237648656e-15   15   12  0  0
 -3.976679988196011   15   15  0  0
 -5.014878757250971e-15   16    1  0  0
 -0.4733079824091711   16    2  0  0
 -3.132962418144864e-15   16    4  0  0
 0.7682926832847703   16    8  0  0
 2.840497395556755e-15   16    9  0  0
 1.005732546013717e-15   16   10  0  0
 7.402953774253188e-15   16   12  0  0
 -0.4552438574825473   16   15  0  0
 -2.891149100916319   16   16  0  0
 -78.50192768220461  0  0  0  0
