 &FCI NORB=  16,NELEC=10,MS2=0,
  ORBSYM=1,1,1,1,1,1,1,1,1,1,1,1,1,1,1,1
  ISYM=1,
 &END
 0.9413132853684358    1    1    1    1
 0.111301685984151    2    1    2    1
 0.7050211428577337    2    2    1    1
 0.6335803384777562    2    2    2    2
 0.111301685984151    3    1    3    1
 0.02601728963383179    3    2    3    2
 0.7050211428577337    3    3    1    1
 0.5815457592100927    3    3    2    2
 0.6335803384777562    3    3    3    3
 0.03086867107424958    4    1    4    1
 0.04306806510905443    4    2    4    2
 0.04306806510905443    4    3    4    3
 0.5497660572785954    4    4    1    1
 0.5250787319530997    4    4    2    2
 0.5250787319530996    4    4    3    3
 0.5518446609023172    4    4    4    4
 -0.1476697735710511    5    1    1    1
 -0.06194677130444369    5    1    2    2
 -0.06194677130444369    5    1    3    3
 -0.01675736242050016    5    1    4    4
 0.05482417154069393    5    1    5    1
 0.02155648765532863    5    2    2    1
 0.03155883954605924    5    2    5    2
 0.02155648765532863    5    3    3    1
 0.03155883954605923    5    3    5    3
 0.06625763241217214    5    4    4    1
 0.2167061362777861    5    4    5    4
 0.5982983186825441    5    5    1    1
 0.5383941354578745    5    5    2    2
 0.5383941354578745    5    5    3    3
 0.5562735999813833    5    5    4    4
 -0.04027185818701645    5    5    5    1
 0.5737451827657348    5    5    5    5
 -0.02731377352314769    6    1    4    3
 0.02233327380105062    6    1    6    1
 0.01264694458728854    6    2    6    2
 -0.05632876382745521    6    3    4    1
 -0.1308993721886441    6    3    5    4
 0.120390403977042    6    3    6    3
 -0.06042710519664535    6    4    3    1
 -0.04140847580751125    6    4    5    3
 0.06772956089258458    6    4    6    4
 -0.03682448236885773    6    5    4    3
 0.01902198859162868    6    5    6    1
 0.03779463567512737    6    5    6    5
 0.5270214665218452    6    6    1    1
 0.4736946129255133    6    6    2    2
 0.5087614941823482    6    6    3    3
 0.4686945139860331    6    6    4    4
 -0.02335344924278323    6    6    5    1
 0.4714750083106417    6    6    5    5
 0.4506325812211768    6    6    6    6
 -0.02731377352314782    7    1    4    2
 0.02233327380105085    7    1    7    1
 -0.05632876382745546    7    2    4    1
 -0.1308993721886446    7    2    5    4
 0.09509651480246535    7    2    6    3
 0.120390403977043    7    2    7    2
 0.01264694458728859    7    3    6    2
 0.01264694458728863    7    3    7    3
 -0.06042710519664553    7    4    2    1
 -0.04140847580751131    7    4    5    2
 0.06772956089258485    7    4    7    4
 -0.0368244823688578    7    5    4    2
 0.01902198859162876    7    5    7    1
 0.03779463567512745    7    5    7    5
 0.0175334406284175    7    6    3    2
 0.0171921076065239    7    6    7    6
 0.5270214665218474    7    7    1    1
 0.5087614941823501    7    7    2    2
 0.4736946129255149    7    7    3    3
 0.4686945139860343    7    7    4    4
 -0.02335344924278358    7    7    5    1
 0.471475008310643    7    7    5    5
 0.4162483660081296    7    7    6    6
 0.4506325812211786    7    7    7    7
 -0.01695547304410747    8    1    4    1
 -0.02838438408713165    8    1    5    4
 0.02997699813185258    8    1    6    3
 0.0299769981318528    8    1    7    2
 0.01103056829141014    8    1    8    1
 -0.0184873209680712    8    2    4    2
 0.01388586846469154    8    2    7    1
 0.01207798769857344    8    2    7    5
 0.01075083373402971    8    2    8    2
 -0.01848732096807118    8    3    4    3
 0.01388586846469147    8    3    6    1
 0.01207798769857339    8    3    6    5
 0.01075083373402925    8    3    8    3
 -0.1049316604983291    8    4    1    1
 -0.08753509233177825    8    4    2    2
 -0.08753509233177821    8    4    3    3
 -0.06473118857391322    8    4    4    4
 0.0122045343968274    8    4    5    1
 -0.06610193659511786    8    4    5    5
 -0.05626956827576103    8    4    6    6
 -0.05626956827576143    8    4    7    7
 3.191931337419638e-15    8    4    8    1
 0.03616057310415609    8    4    8    4
 -0.006787906042571717    8    5    4    1
 -0.007957399884216019    8    5    5    4
 0.01174088431432766    8    5    6    3
 1.420274115326623e-15    8    5    6    6
 0.01174088431432757    8    5    7    2
 1.348572176858148e-15    8    5    7    7
 0.00746976421190033    8    5    8    1
 -4.298363944167027e-15    8    5    8    4
 0.02154861492260053    8    5    8    5
 0.02491446626887686    8    6    3    1
 0.008669430936217975    8    6    5    3
 -0.01470473801748146    8    6    6    4
 0.01450968144671144    8    6    8    6
 0.02491446626887709    8    7    2    1
 0.008669430936218012    8    7    5    2
 -0.01470473801748156    8    7    7    4
 0.01450968144670763    8    7    8    7
 0.3507273276419334    8    8    1    1
 0.3416861472796419    8    8    2    2
 0.3416861472796417    8    8    3    3
 2.061184054231451e-15    8    8    4    1
 0.3638896872048872    8    8    4    4
 -0.004373835879555941    8    8    5    1
 -2.436181333393986e-15    8    8    5    4
 0.3650821176044559    8    8    5    5
 4.988479743863371e-15    8    8    6    3
 0.3298920352918077    8    8    6    6
 5.903455895628807e-15    8    8    7    2
 0.3298920352918092    8    8    7    7
 -7.031255925476898e-14    8    8    8    1
 0.003079146339181328    8    8    8    4
 -1.671746184029588e-14    8    8    8    5
 0.3546834475089548    8    8    8    8
 -0.08528339956609886    9    1    1    1
 -0.03159940615356161    9    1    2    2
 -0.0315994061535616    9    1    3    3
 -0.0196596603778041    9    1    4    4
 0.03483648417052846    9    1    5    1
 -0.0358106151798191    9    1    5    5
 -0.01561546126114041    9    1    6    6
 -0.01561546126114061    9    1    7    7
 0.004835697825117859    9    1    8    4
 -0.01079373233058598    9    1    8    8
 0.02876609200614219    9    1    9    1
 0.02111590471849723    9    2    2    1
 0.01307634716664681    9    2    5    2
 -0.01730078977441531    9    2    7    4
 0.008685413490939514    9    2    8    7
 0.01578808310321331    9    2    9    2
 0.02111590471849723    9    3    3    1
 0.01307634716664681    9    3    5    3
 -0.01730078977441526    9    3    6    4
 0.008685413490939407    9    3    8    6
 0.01578808310321331    9    3    9    3
 -0.001465093978627699    9    4    4    1
 -0.01926233033873524    9    4    5    4
 0.00398941726479472    9    4    6    3
 0.003989417264794673    9    4    7    2
 -0.003646115625436621    9    4    8    1
 -0.01738292773519959    9    4    8    5
 2.68950547271544e-15    9    4    8    8
 0.0177664252496116    9    4    9    4
 0.1189042286897545    9    5    1    1
 0.07595846184281452    9    5    2    2
 0.07595846184281452    9    5    3    3
 0.0359295801532404    9    5    4    4
 -0.02893980989896362    9    5    5    1
 0.04622031862380865    9    5    5    5
 0.03994003329377448    9    5    6    6
 0.03994003329377489    9    5    7    7
 -0.03049608933797175    9    5    8    4
 -0.01090034349884346    9    5    8    8
 -0.01366754783912213    9    5    9    1
 0.03606839841678866    9    5    9    5
 -0.002226539050220432    9    6    4    3
 0.001956006621090989    9    6    6    1
 -0.001161289781737002    9    6    6    5
 0.004664097836377862    9    6    8    3
 0.007832604078869182    9    6    9    6
 -0.002226539050220481    9    7    4    2
 0.001956006621091029    9    7    7    1
 -0.001161289781736899    9    7    7    5
 0.004664097836377835    9    7    8    2
 0.007832604078869097    9    7    9    7
 -0.02819009594493704    9    8    4    1
 -0.09826758869627562    9    8    5    4
 0.05791716838814248    9    8    6    3
 0.05791716838814272    9    8    7    2
 0.00584177305769701    9    8    8    1
 -1.978801957835524e-15    9    8    8    4
 -0.02835087630241355    9    8    8    5
 3.79338329750646e-14    9    8    8    8
 0.03417876245148803    9    8    9    4
 0.1075598027884243    9    8    9    8
 0.4351682237799036    9    9    1    1
 0.3979973400087673    9    9    2    2
 0.3979973400087672    9    9    3    3
 0.3835290629352859    9    9    4    4
 -0.02295344907797264    9    9    5    1
 0.3921367691369744    9    9    5    5
 0.3602207203901099    9    9    6    6
 0.3602207203901103    9    9    7    7
 -0.01732658580628186    9    9    8    4
 1.270689579523435e-15    9    9    8    5
 0.3331798126472749    9    9    8    8
 -0.01319438701076962    9    9    9    1
 0.01641254424631464    9    9    9    5
 0.3499404051953464    9    9    9    9
 -0.03999079862582972   10    1    2    1
 0.001059045055373542   10    1    5    2
 0.01376926131213088   10    1    7    4
 -0.009187877060342032   10    1    8    7
 0.001688270163970457   10    1    9    2
 0.0240535720523958   10    1   10    1
 -0.1703364695486666   10    2    1    1
 -0.1216058938272973   10    2    2    2
 -0.1124506453418761   10    2    3    3
 -0.08979156736223316   10    2    4    4
 0.03530386030838915   10    2    5    1
 -0.09979659956336528   10    2    5    5
 -0.07085155478368707   10    2    6    6
 -0.07204177297026534   10    2    7    7
 0.03173129249762283   10    2    8    4
 -0.03088555880165511   10    2    8    8
 0.02718936947140822   10    2    9    1
 -0.02833182557632921   10    2    9    5
 -0.03602070557106353   10    2    9    9
 0.07171730293338544   10    2   10    2
 -0.004577624242710595   10    3    3    2
 -0.0005951090932886898   10    3    7    6
 0.007644383709977725   10    3   10    3
 -0.009038716266514171   10    4    4    2
 0.006074908828168881   10    4    7    1
 0.002911806684847773   10    4    7    5
 0.006692929958518781   10    4    8    2
 0.003180262227110184   10    4    9    7
 0.01078079270449882   10    4   10    4
 0.01732029184576871   10    5    2    1
 0.0006667292799771501   10    5    5    2
 -0.008659755622074038   10    5    7    4
 -0.001950644010481879   10    5    8    7
 0.004558312751442068   10    5    9    2
 -0.001471634409696232   10    5   10    1
 0.01390248000614904   10    5   10    5
 -0.000938120695237331   10    6    6    2
 -0.0009381206952373656   10    6    7    3
 0.00611699160326401   10    6   10    6
 0.01066754582758945   10    7    4    1
 0.01278066520175513   10    7    5    4
 -0.01529625300547304   10    7    6    3
 -0.01717249439594808   10    7    7    2
 -0.01012465915627728   10    7    8    1
 -0.01474129987205997   10    7    8    5
 -1.067492084839593e-14   10    7    8    8
 0.01040036149527654   10    7    9    4
 0.0165775874820934   10    7    9    8
 0.03687863461719083   10    7   10    7
 0.01126726188301031   10    8    4    2
 -0.0073539444486509   10    8    7    1
 -0.01004506634510661   10    8    7    5
 -0.00339134321792706   10    8    8    2
 1.715958484068495e-15   10    8    8    7
 0.00378473687820642   10    8    9    7
 -0.002630623793536305   10    8   10    4
 0.006552173835442165   10    8   10    8
 0.02531323516371265   10    9    2    1
 0.004912304764970951   10    9    5    2
 -0.01106005688139728   10    9    7    4
 0.008543438570931429   10    9    8    7
 0.01313082556148552   10    9    9    2
 -0.002841430081201287   10    9   10    1
 0.009959694994216738   10    9   10    5
 0.01982643132787126   10    9   10    9
 0.5088694702255532   10   10    1    1
 0.4746292989669502   10   10    2    2
 0.4436773001430111   10   10    3    3
 0.4117705504286606   10   10    4    4
 -0.03342978671817654   10   10    5    1
 0.4204075353795865   10   10    5    5
 0.382884607866871   10   10    6    6
 0.41017835986621   10   10    7    7
 -0.05188473601348171   10   10    8    4
 0.2981978964122229   10   10    8    8
 -0.01564729210803288   10   10    9    1
 0.04801110750708001   10   10    9    5
 0.3435177082690804   10   10    9    9
 -0.05617845853866647   10   10   10    2
 0.4081991695163226   10   10   10   10
 -0.03999079862582972   11    1    3    1
 0.00105904505537354   11    1    5    3
 0.01376926131213079   11    1    6    4
 -0.009187877060341998   11    1    8    6
 0.001688270163970458   11    1    9    3
 0.0240535720523958   11    1   11    1
 -0.004577624242710594   11    2    3    2
 -0.0005951090932886894   11    2    7    6
 0.007644383709977725   11    2   10    3
 0.007644383709977725   11    2   11    2
 -0.1703364695486666   11    3    1    1
 -0.1124506453418761   11    3    2    2
 -0.1216058938272973   11    3    3    3
 -0.08979156736223318   11    3    4    4
 0.03530386030838917   11    3    5    1
 -0.09979659956336534   11    3    5    5
 -0.0720417729702645   11    3    6    6
 -0.07085155478368788   11    3    7    7
 0.03173129249762301   11    3    8    4
 -0.03088555880165976   11    3    8    8
 0.02718936947140824   11    3    9    1
 -0.02833182557632921   11    3    9    5
 -0.03602070557106351   11    3    9    9
 0.05642853551342999   11    3   10    2
 -0.06069268416710681   11    3   10   10
 0.07171730293338546   11    3   11    3
 -0.009038716266514174   11    4    4    3
 0.006074908828168821   11    4    6    1
 0.002911806684847708   11    4    6    5
 0.006692929958518782   11    4    8    3
 0.003180262227110214   11    4    9    6
 0.01078079270449882   11    4   11    4
 0.01732029184576871   11    5    3    1
 0.0006667292799771502   11    5    5    3
 -0.008659755622074087   11    5    6    4
 -0.00195064401048181   11    5    8    6
 0.00455831275144206   11    5    9    3
 -0.001471634409696233   11    5   11    1
 0.01390248000614904   11    5   11    5
 0.01066754582758917   11    6    4    1
 0.01278066520175449   11    6    5    4
 -0.01717249439594726   11    6    6    3
 -0.01529625300547274   11    6    7    2
 -0.01012465915627707   11    6    8    1
 -0.01474129987206008   11    6    8    5
 -7.363820251192731e-15   11    6    8    8
 0.01040036149527658   11    6    9    4
 0.016577587482094   11    6    9    8
 0.0246446514106628   11    6   10    7
 0.03687863461719069   11    6   11    6
 -0.0009381206952373839   11    7    6    2
 -0.0009381206952374183   11    7    7    3
 0.006116991603264007   11    7   10    6
 0.006116991603264007   11    7   11    7
 0.01126726188301029   11    8    4    3
 -0.007353944448650862   11    8    6    1
 -0.01004506634510651   11    8    6    5
 -0.003391343217926603   11    8    8    3
 1.179753316429216e-15   11    8    8    6
 0.003784736878206245   11    8    9    6
 -0.002630623793536359   11    8   11    4
 0.006552173835442801   11    8   11    8
 0.02531323516371265   11    9    3    1
 0.004912304764970944   11    9    5    3
 -0.01106005688139722   11    9    6    4
 0.0085434385709311   11    9    8    6
 0.01313082556148552   11    9    9    3
 -0.002841430081201292   11    9   11    1
 0.009959694994216754   11    9   11    5
 0.01982643132787128   11    9   11    9
 0.01547599941196952   11   10    3    2
 0.01364687599966902   11   10    7    6
 0.002257112814220172   11   10   10    3
 0.002257112814220172   11   10   11    2
 0.01821135834508211   11   10   11   10
 0.5088694702255532   11   11    1    1
 0.4436773001430112   11   11    2    2
 0.4746292989669502   11   11    3    3
 0.4117705504286605   11   11    4    4
 -0.03342978671817658   11   11    5    1
 0.4204075353795867   11   11    5    5
 0.4101783598662091   11   11    6    6
 0.3828846078668721   11   11    7    7
 -0.05188473601348158   11   11    8    4
 0.2981978964122308   11   11    8    8
 -0.01564729210803292   11   11    9    1
 0.04801110750707997   11   11    9    5
 0.3435177082690802   11   11    9    9
 -0.06069268416710687   11   11   10    2
 0.3717764528261585   11   11   10   10
 -0.05617845853866654   11   11   11    3
 0.4081991695163227   11   11   11   11
 -0.07646509342265016   12    1    1    1
 -0.0497839128449289   12    1    2    2
 -0.04978391284492891   12    1    3    3
 -0.04055693785861076   12    1    4    4
 0.01671213306862357   12    1    5    1
 -0.04510534429101983   12    1    5    5
 -0.03114618052081919   12    1    6    6
 -0.03114618052081951   12    1    7    7
 0.01413563138819004   12    1    8    4
 -0.01311826097157887   12    1    8    8
 0.01463895958139199   12    1    9    1
 -0.01215086156696072   12    1    9    5
 -0.01379714057200643   12    1    9    9
 0.02972903895302619   12    1   10    2
 -0.02445417079652198   12    1   10   10
 0.02972903895302619   12    1   11    3
 -0.02445417079652199   12    1   11   11
 0.01540039305911248   12    1   12    1
 -0.003625725118967628   12    2    2    1
 -0.001865683471796951   12    2    5    2
 0.003650895389890874   12    2    7    4
 -0.005719971448552664   12    2    8    7
 0.007362219966698447   12    2    9    2
 0.01189888476125174   12    2   10    1
 0.01256426306765587   12    2   10    5
 0.01000226867779118   12    2   10    9
 0.02040510067203544   12    2   12    2
 -0.003625725118967625   12    3    3    1
 -0.00186568347179695   12    3    5    3
 0.003650895389890774   12    3    6    4
 -0.005719971448552683   12    3    8    6
 0.007362219966698454   12    3    9    3
 0.01189888476125174   12    3   11    1
 0.01256426306765587   12    3   11    5
 0.01000226867779117   12    3   11    9
 0.02040510067203544   12    3   12    3
 -0.02981380278168596   12    4    4    1
 -0.0908185339196519   12    4    5    4
 0.05543938181035029   12    4    6    3
 0.05543938181035064   12    4    7    2
 0.01732770156723651   12    4    8    1
 0.0223422285873187   12    4    8    5
 -4.865220429870435e-15   12    4    8    8
 -0.007390121069038109   12    4    9    4
 0.0111106894532258   12    4    9    8
 -0.03065124582780998   12    4   10    7
 -0.03065124582780971   12    4   11    6
 0.06673043021866147   12    4   12    4
 -0.08138194638479333   12    5    1    1
 -0.07956483249671353   12    5    2    2
 -0.07956483249671352   12    5    3    3
 -0.1071933069161391   12    5    4    4
 0.003920052369284082   12    5    5    1
 -0.1102779737354004   12    5    5    5
 -0.06096656047635165   12    5    6    6
 -0.06096656047635227   12    5    7    7
 0.03077600053681783   12    5    8    4
 -0.02623312511885002   12    5    8    8
 0.009547699364432895   12    5    9    1
 -0.0166146122639656   12    5    9    5
 -0.02472641072940239   12    5    9    9
 0.04206398913692261   12    5   10    2
 -0.04117402147115783   12    5   10   10
 0.0420639891369226   12    5   11    3
 -0.04117402147115781   12    5   11   11
 0.01938503571351562   12    5   12    1
 0.06360840878110779   12    5   12    5
 0.007072299004411951   12    6    4    3
 -0.003796630330372442   12    6    6    1
 -0.0005631247671884168   12    6    6    5
 -0.006223807386422203   12    6    8    3
 -0.003799178850094086   12    6    9    6
 -0.0134581469568672   12    6   11    4
 0.001687445973557038   12    6   11    8
 0.01816067559151871   12    6   12    6
 0.007072299004412143   12    7    4    2
 -0.003796630330372617   12    7    7    1
 -0.0005631247671886722   12    7    7    5
 -0.006223807386422331   12    7    8    2
 -0.003799178850094033   12    7    9    7
 -0.01345814695686721   12    7   10    4
 0.001687445973556886   12    7   10    8
 0.01816067559151872   12    7   12    7
 0.02531076511659791   12    8    4    1
 1.082435612964099e-15   12    8    4    4
 0.08036573563694875   12    8    5    4
 -0.04985598973680738   12    8    6    3
 -2.101015672789108e-15   12    8    6    6
 -0.04985598973680795   12    8    7    2
 -1.512478123453313e-15   12    8    7    7
 -0.009170465561566024   12    8    8    1
 -1.896524253090103e-14   12    8    8    4
 0.007923069534773931   12    8    8    5
 2.259548781877844e-13   12    8    8    8
 -0.01613927370293148   12    8    9    4
 -0.06029566518309677   12    8    9    8
 0.002709530930386813   12    8   10    7
 0.002709530930386328   12    8   11    6
 -1.916645985116123e-15   12    8   12    1
 -0.02772428779269264   12    8   12    4
 0.04256330969415994   12    8   12    8
 0.04224366804241411   12    9    1    1
 0.03090202485432077   12    9    2    2
 0.03090202485432076   12    9    3    3
 -0.003963686944145471   12    9    4    4
 -0.006830672139064233   12    9    5    1
 -0.00304950971466129   12    9    5    5
 0.01158507432223113   12    9    6    6
 0.01158507432223104   12    9    7    7
 -0.01462261458969635   12    9    8    4
 -0.02474734635915381   12    9    8    8
 0.006387662539322939   12    9    9    1
 0.01939745116137821   12    9    9    5
 1.614044405333117e-15   12    9    9    8
 0.004820850284601745   12    9    9    9
 0.004680556085980143   12    9   10    2
 0.02756261786649608   12    9   10   10
 0.00468055608598017   12    9   11    3
 0.02756261786649606   12    9   11   11
 0.003551265501413472   12    9   12    1
 0.0098482904050806   12    9   12    5
 1.049369901379598e-15   12    9   12    8
 0.02931303914332913   12    9   12    9
 0.05429471756747663   12   10    2    1
 0.03145631431929587   12   10    5    2
 -0.05252108981490395   12   10    7    4
 0.01107146598439323   12   10    8    7
 0.02218358593411352   12   10    9    2
 -0.006827416506878872   12   10   10    1
 0.01648993919034035   12   10   10    5
 0.02264312936000656   12   10   10    9
 0.009942683734156134   12   10   12    2
 0.05953777197392344   12   10   12   10
 0.05429471756747663   12   11    3    1
 0.03145631431929586   12   11    5    3
 -0.05252108981490389   12   11    6    4
 0.01107146598439331   12   11    8    6
 0.0221835859341135   12   11    9    3
 -0.006827416506878869   12   11   11    1
 0.01648993919034037   12   11   11    5
 0.02264312936000656   12   11   11    9
 0.009942683734156143   12   11   12    3
 0.05953777197392342   12   11   12   11
 0.496276863294522   12   12    1    1
 0.4702265813635968   12   12    2    2
 0.4702265813635968   12   12    3    3
 0.4657083194372323   12   12    4    4
 -0.01856412517986228   12   12    5    1
 0.4714641852159582   12   12    5    5
 0.4173885249113989   12   12    6    6
 0.4173885249114   12   12    7    7
 -0.05467944437499785   12   12    8    4
 0.3262403559109383   12   12    8    8
 -0.01149327723580814   12   12    9    1
 0.03979915419614753   12   12    9    5
 1.177894145586549e-15   12   12    9    8
 0.3581218764836636   12   12    9    9
 -0.0626465306172027   12   12   10    2
 0.3916191595826842   12   12   10   10
 -0.06264653061720264   12   12   11    3
 0.3916191595826842   12   12   11   11
 -0.02626739468858515   12   12   12    1
 -0.07182563550532139   12   12   12    5
 5.19047307466504e-15   12   12   12    8
 0.01244878979708155   12   12   12    9
 0.4229001585903291   12   12   12   12
 -0.02180769070770885   13    1    4    3
 0.02093636935416814   13    1    6    1
 0.01023671482250804   13    1    6    5
 0.01334607640294447   13    1    8    3
 0.002031348230703406   13    1    9    6
 0.01014671558623154   13    1   11    4
 -0.006794139181629058   13    1   11    8
 -0.00966472093382219   13    1   12    6
 0.02450964463140359   13    1   13    1
 0.008274811246953978   13    2    6    2
 0.008274811246954039   13    2    7    3
 -0.005878655510622248   13    2   10    6
 -0.005878655510622281   13    2   11    7
 0.01027723939667258   13    2   13    2
 -0.04255886977540731   13    3    4    1
 -0.08364897610355441   13    3    5    4
 0.0860393146513722   13    3    6    3
 0.06948969215746464   13    3    7    2
 0.02722997423341163   13    3    8    1
 0.01973284431898571   13    3    8    5
 -4.339340235042164e-15   13    3    8    8
 -0.007622851181867133   13    3    9    4
 0.01872613076901071   13    3    9    8
 -0.03151807008599848   13    3   10    7
 -0.04327538110724276   13    3   11    6
 0.05826972866954484   13    3   12    4
 -0.03127424573958677   13    3   12    8
 0.09073312891757519   13    3   13    3
 -0.03095015289089274   13    4    3    1
 -0.01397825047090936   13    4    5    3
 0.02299308967148885   13    4    6    4
 -0.01567694529594129   13    4    8    6
 -0.006276403361127303   13    4    9    3
 0.01558648122493005   13    4   11    1
 0.007927892651904566   13    4   11    5
 -0.002826652555281831   13    4   11    9
 0.0164005689793266   13    4   12    3
 -0.01185898045884386   13    4   12   11
 0.02553575941527246   13    4   13    4
 -0.01229218467755049   13    5    4    3
 0.004482480605489908   13    5    6    1
 0.008714936841552955   13    5    6    5
 0.007327467692440395   13    5    8    3
 0.00526867128305355   13    5    9    6
 0.01047304071651134   13    5   11    4
 -0.001847323357096479   13    5   11    8
 -0.01338068322560733   13    5   12    6
 0.005509161643791343   13    5   13    1
 0.01422656322574303   13    5   13    5
 0.1987597308958311   13    6    1    1
 0.1447468771443534   13    6    2    2
 0.161223950153728   13    6    3    3
 0.1191269986965223   13    6    4    4
 -0.03116055877987848   13    6    5    1
 0.1259623631490319   13    6    5    5
 0.09875885284434194   13    6    6    6
 0.09372623884514043   13    6    7    7
 -0.04579231599399878   13    6    8    4
 0.03331690254427486   13    6    8    8
 -0.02084739118590208   13    6    9    1
 0.03854589025910527   13    6    9    5
 0.0491556788630808   13    6    9    9
 -0.06238983391692683   13    6   10    2
 0.08253331158112555   13    6   10   10
 -0.0766793527569824   13    6   11    3
 0.08290620055613476   13    6   11   11
 -0.03097370264156673   13    6   12    1
 -0.05270709334684873   13    6   12    5
 0.006363605221501503   13    6   12    9
 0.08952061943890839   13    6   12   12
 0.09577353293280304   13    6   13    6
 0.008238536504687413   13    7    3    2
 0.002516306999601688   13    7    7    6
 -0.007144759420027859   13    7   10    3
 -0.007144759420027859   13    7   11    2
 0.0001864444875046645   13    7   11   10
 0.009495504800844113   13    7   13    7
 0.03052161224737941   13    8    3    1
 0.01689467813753907   13    8    5    3
 -0.03101510629831673   13    8    6    4
 2.085463998225581e-15   13    8    8    3
 0.002633543010320876   13    8    8    6
 0.005097306560267447   13    8    9    3
 -0.009587625281236583   13    8   11    1
 0.004408142065475045   13    8   11    5
 0.001049802512161837   13    8   11    9
 -0.003540436003087058   13    8   12    3
 0.02445752178129175   13    8   12   11
 -0.01023427174293589   13    8   13    4
 0.02009853172660441   13    8   13    8
 -0.008521482429576214   13    9    4    3
 0.003192449614989408   13    9    6    1
 0.01111721020865453   13    9    6    5
 0.000524228773453047   13    9    8    3
 -0.00461934907593256   13    9    9    6
 -0.001186538771744761   13    9   11    4
 -0.0057525280188899   13    9   11    8
 0.002819946174543751   13    9   12    6
 -0.0002505034445276685   13    9   13    1
 0.0003363793159896888   13    9   13    5
 0.008170944627032052   13    9   13    9
 -0.008991866883824437   13   10    6    2
 -0.00899186688382447   13   10    7    3
 7.388556132197737e-05   13   10   10    6
 7.38855613220318e-05   13   10   11    7
 -0.006027397110698399   13   10   13    2
 0.009187494308643188   13   10   13   10
 0.04572895205392199   13   11    4    1
 0.1070544903033902   13   11    5    4
 -0.09875763384355073   13   11    6    3
 -0.08077390007590216   13   11    7    2
 -0.02416923281768551   13   11    8    1
 -0.006483755051941626   13   11    8    5
 1.278083395869503e-14   13   11    8    8
 -0.005753573479409945   13   11    9    4
 -0.05397728177267491   13   11    9    8
 0.01341980462325379   13   11   10    7
 0.01356757574589738   13   11   11    6
 -0.04562206223173811   13   11   12    4
 0.04637491738856701   13   11   12    8
 -0.07321448698444516   13   11   13    3
 0.09408550082320959   13   11   13   11
 0.03124191020360779   13   12    4    3
 -0.01909965265832485   13   12    6    1
 -0.02883112186524878   13   12    6    5
 -0.01172266596128674   13   12    8    3
 0.001520191939231601   13   12    9    6
 -0.004637990106373004   13   12   11    4
 0.01086129497210218   13   12   11    8
 0.001258709013926122   13   12   12    6
 -0.0142543566848151   13   12   13    1
 -0.006597564799103565   13   12   13    5
 -0.009330392050014643   13   12   13    9
 0.02913619684664441   13   12   13   12
 0.5871299052918202   13   13    1    1
 0.5040339399355064   13   13    2    2
 0.5378497574895756   13   13    3    3
 0.4770464551901431   13   13    4    4
 -0.04514283421788422   13   13    5    1
 0.4874573856502864   13   13    5    5
 0.4566875832192422   13   13    6    6
 0.4274264851144864   13   13    7    7
 -0.06703532265460985   13   13    8    4
 0.3300440079944068   13   13    8    8
 -0.03154017860673875   13   13    9    1
 0.05479040984444141   13   13    9    5
 1.283791042425357e-15   13   13    9    8
 0.3625984552571399   13   13    9    9
 -0.09681912736755376   13   13   10    2
 0.4001224953136007   13   13   10   10
 -0.1051255619745203   13   13   11    3
 0.427207000625519   13   13   11   11
 -0.04440414830212142   13   13   12    1
 -0.07493950927465982   13   13   12    5
 1.739051583756365e-15   13   13   12    8
 0.009099572407473881   13   13   12    9
 0.4282238191702022   13   13   12   12
 0.129698905378654   13   13   13    6
 0.4943340460416016   13   13   13   13
 -0.02180769070770869   14    1    4    2
 0.02093636935416815   14    1    7    1
 0.01023671482250796   14    1    7    5
 0.01334607640294442   14    1    8    2
 0.002031348230703384   14    1    9    7
 0.0101467155862315   14    1   10    4
 -0.006794139181628992   14    1   10    8
 -0.009664720933822252   14    1   12    7
 0.02450964463140334   14    1   14    1
 -0.04255886977540699   14    2    4    1
 -0.08364897610355368   14    2    5    4
 0.0694896921574637   14    2    6    3
 0.08603931465137205   14    2    7    2
 0.02722997423341151   14    2    8    1
 0.01973284431898604   14    2    8    5
 -1.246424036153701e-15   14    2    8    8
 -0.007622851181867145   14    2    9    4
 0.01872613076900986   14    2    9    8
 -0.04327538110724301   14    2   10    7
 -0.03151807008599809   14    2   11    6
 0.05826972866954448   14    2   12    4
 -0.03127424573958604   14    2   12    8
 0.07017865012422965   14    2   13    3
 -0.06115969276304804   14    2   13   11
 0.09073312891757417   14    2   14    2
 0.008274811246953905   14    3    6    2
 0.008274811246953964   14    3    7    3
 -0.005878655510622244   14    3   10    6
 -0.005878655510622279   14    3   11    7
 0.01027723939667253   14    3   13    2
 -0.006027397110698345   14    3   13   10
 0.01027723939667248   14    3   14    3
 -0.03095015289089238   14    4    2    1
 -0.01397825047090912   14    4    5    2
 0.02299308967148857   14    4    7    4
 -0.01567694529594132   14    4    8    7
 -0.006276403361127173   14    4    9    2
 0.01558648122492997   14    4   10    1
 0.007927892651904619   14    4   10    5
 -0.002826652555281744   14    4   10    9
 0.01640056897932659   14    4   12    2
 -0.01185898045884357   14    4   12   10
 0.02553575941527219   14    4   14    4
 -0.01229218467755027   14    5    4    2
 0.004482480605489824   14    5    7    1
 0.008714936841552815   14    5    7    5
 0.007327467692440318   14    5    8    2
 0.005268671283053541   14    5    9    7
 0.01047304071651132   14    5   10    4
 -0.001847323357096285   14    5   10    8
 -0.01338068322560736   14    5   12    7
 0.005509161643791263   14    5   14    1
 0.01422656322574293   14    5   14    5
 0.008238536504687208   14    6    3    2
 0.002516306999601509   14    6    7    6
 -0.00714475942002783   14    6   10    3
 -0.00714475942002783   14    6   11    2
 0.0001864444875044988   14    6   11   10
 0.009495504800844068   14    6   13    7
 0.009495504800844025   14    6   14    6
 0.1987597308958315   14    7    1    1
 0.1612239501537281   14    7    2    2
 0.1447468771443536   14    7    3    3
 0.1191269986965224   14    7    4    4
 -0.03116055877987864   14    7    5    1
 0.125962363149032   14    7    5    5
 0.09372623884513935   14    7    6    6
 0.09875885284434348   14    7    7    7
 -0.04579231599399906   14    7    8    4
 0.03331690254427078   14    7    8    8
 -0.0208473911859022   14    7    9    1
 0.03854589025910546   14    7    9    5
 0.04915567886308072   14    7    9    9
 -0.07667935275698261   14    7   10    2
 0.08290620055613471   14    7   10   10
 -0.06238983391692696   14    7   11    3
 0.08253331158112576   14    7   11   11
 -0.03097370264156682   14    7   12    1
 -0.05270709334684887   14    7   12    5
 -2.241729359803916e-15   14    7   12    8
 0.006363605221501522   14    7   12    9
 0.08952061943890853   14    7   12   12
 0.07678252333111472   14    7   13    6
 0.1196609519137462   14    7   13   13
 0.09577353293280289   14    7   14    7
 0.03052161224737926   14    8    2    1
 0.01689467813753913   14    8    5    2
 -0.03101510629831671   14    8    7    4
 0.002633543010324399   14    8    8    7
 0.005097306560266935   14    8    9    2
 -0.009587625281236562   14    8   10    1
 0.004408142065474989   14    8   10    5
 0.001049802512161694   14    8   10    9
 -0.003540436003087116   14    8   12    2
 0.0244575217812919   14    8   12   10
 -0.01023427174293557   14    8   14    4
 0.02009853172660214   14    8   14    8
 -0.008521482429576193   14    9    4    2
 0.003192449614989386   14    9    7    1
 0.01111721020865452   14    9    7    5
 0.0005242287734528044   14    9    8    2
 -0.004619349075932529   14    9    9    7
 -0.00118653877174475   14    9   10    4
 -0.005752528018890009   14    9   10    8
 0.002819946174543674   14    9   12    7
 -0.0002505034445276718   14    9   14    1
 0.0003363793159896077   14    9   14    5
 0.008170944627032111   14    9   14    9
 0.04572895205392194   14   10    4    1
 0.1070544903033902   14   10    5    4
 -0.08077390007590175   14   10    6    3
 -0.09875763384355106   14   10    7    2
 -0.02416923281768591   14   10    8    1
 -0.006483755051941942   14   10    8    5
 6.987906213955838e-15   14   10    8    8
 -0.005753573479410072   14   10    9    4
 -0.05397728177267368   14   10    9    8
 0.01356757574589767   14   10   10    7
 0.01341980462325321   14   10   11    6
 -0.04562206223173787   14   10   12    4
 0.04637491738856669   14   10   12    8
 -0.06115969276304831   14   10   13    3
 0.0757105122059233   14   10   13   11
 -0.07321448698444438   14   10   14    2
 0.09408550082320952   14   10   14   10
 -0.00899186688382443   14   11    6    2
 -0.008991866883824464   14   11    7    3
 7.38855613219402e-05   14   11   10    6
 7.388556132199442e-05   14   11   11    7
 -0.00602739711069836   14   11   13    2
 0.00918749430864318   14   11   13   10
 -0.006027397110698307   14   11   14    3
 0.00918749430864318   14   11   14   11
 0.03124191020360775   14   12    4    2
 -0.01909965265832491   14   12    7    1
 -0.02883112186524883   14   12    7    5
 -0.01172266596128669   14   12    8    2
 0.001520191939231539   14   12    9    7
 -0.004637990106372909   14   12   10    4
 0.0108612949721021   14   12   10    8
 0.001258709013926174   14   12   12    7
 -0.0142543566848149   14   12   14    1
 -0.00659756479910332   14   12   14    5
 -0.009330392050014685   14   12   14    9
 0.02913619684664443   14   12   14   12
 0.01690790877703454   14   13    3    2
 0.01463054905237839   14   13    7    6
 -0.004153217303483213   14   13   10    3
 -0.004153217303483213   14   13   11    2
 0.01354225265595918   14   13   11   10
 0.005018976732454285   14   13   13    7
 0.005018976732454098   14   13   14    6
 0.01705135084983362   14   13   14   13
 0.5871299052918179   14   14    1    1
 0.5378497574895738   14   14    2    2
 0.5040339399355047   14   14    3    3
 0.4770464551901417   14   14    4    4
 -0.04514283421788376   14   14    5    1
 0.4874573856502849   14   14    5    5
 0.4274264851144839   14   14    6    6
 0.4566875832192423   14   14    7    7
 -1.166997013074414e-15   14   14    8    1
 -0.06703532265460886   14   14    8    4
 0.3300440079943962   14   14    8    8
 -0.03154017860673843   14   14    9    1
 0.05479040984444108   14   14    9    5
 1.283258538496874e-15   14   14    9    8
 0.3625984552571392   14   14    9    9
 -0.1051255619745194   14   14   10    2
 0.4272070006255181   14   14   10   10
 -0.09681912736755298   14   14   11    3
 0.4001224953135994   14   14   11   11
 -0.04440414830212097   14   14   12    1
 -0.07493950927465919   14   14   12    5
 5.320053342100978e-15   14   14   12    8
 0.009099572407473323   14   14   12    9
 0.4282238191702012   14   14   12   12
 0.1196609519137451   14   14   13    6
 0.4602313443419321   14   14   13   13
 0.1296989053786535   14   14   14    7
 0.4943340460415984   14   14   14   14
 0.004187365522766951   15    1    4    1
 0.007977592502478903   15    1    5    4
 -0.009851165988530941   15    1    6    3
 -0.009851165988531054   15    1    7    2
 -0.00264764452359808   15    1    8    1
 -5.066244119271156e-15   15    1    8    4
 0.0008733704583986641   15    1    8    5
 7.8289607154617e-14   15    1    8    8
 -0.0005373576292461737   15    1    9    4
 -0.006531465225798995   15    1    9    8
 -0.002769579299701917   15    1   10    7
 -0.002769579299701979   15    1   11    6
 0.001210090761260624   15    1   12    4
 0.002811865775514936   15    1   12    8
 -1.059782185319508e-15   15    1   12   12
 -0.004004886880344751   15    1   13    3
 0.008988108846718402   15    1   13   11
 2.067042480172281e-15   15    1   13   13
 -0.004004886880344605   15    1   14    2
 0.008988108846718511   15    1   14   10
 2.855425384319334e-15   15    1   14   14
 0.004748669136004376   15    1   15    1
 -0.0004202088412480096   15    2    4    2
 -0.002375205769257098   15    2    7    1
 -0.001735913056735759   15    2    7    5
 0.001058892694281513   15    2    8    2
 0.0005699085530704639   15    2    9    7
 0.009126880407224211   15    2   10    4
 -0.00165847087253421   15    2   10    8
 -0.01285090267964923   15    2   12    7
 0.002093501944634326   15    2   14    1
 0.009631611163378042   15    2   14    5
 -0.0003053472569142306   15    2   14    9
 0.0002733191968776403   15    2   14   12
 0.01164358733369873   15    2   15    2
 -0.000420208841248035   15    3    4    3
 -0.002375205769257118   15    3    6    1
 -0.001735913056735802   15    3    6    5
 0.001058892694281919   15    3    8    3
 0.00056990855307037   15    3    9    6
 0.009126880407224236   15    3   11    4
 -0.001658470872534748   15    3   11    8
 -0.01285090267964922   15    3   12    6
 0.002093501944634347   15    3   13    1
 0.009631611163377995   15    3   13    5
 -2.152227314454438e-15   15    3   13    8
 -0.000305347256914479   15    3   13    9
 0.0002733191968776099   15    3   13   12
 0.0116435873336984   15    3   15    3
 -0.07827823262764715   15    4    1    1
 -0.06819045309151425   15    4    2    2
 -0.06819045309151427   15    4    3    3
 -0.09232591089970714   15    4    4    4
 0.00905333475173547   15    4    5    1
 -0.0982450942314337   15    4    5    5
 -0.04835545904746005   15    4    6    6
 -0.04835545904746096   15    4    7    7
 -1.366169562874687e-15   15    4    8    1
 0.02456256392780992   15    4    8    4
 1.760782193972902e-15   15    4    8    5
 -0.02849971419936887   15    4    8    8
 0.01275883677217036   15    4    9    1
 -0.01445938071981574   15    4    9    5
 1.024879962641091e-14   15    4    9    8
 -0.02449606226937661   15    4    9    9
 0.04146528915367263   15    4   10    2
 -0.03435095657338771   15    4   10   10
 0.04146528915367262   15    4   11    3
 -0.03435095657338776   15    4   11   11
 0.01907518707599812   15    4   12    1
 0.05854874135028076   15    4   12    5
 1.458759800876368e-14   15    4   12    8
 0.01166369650171107   15    4   12    9
 -0.06214972224930967   15    4   12   12
 -0.04941027038836445   15    4   13    6
 -0.06635826186962147   15    4   13   13
 -0.04941027038836408   15    4   14    7
 -0.06635826186962185   15    4   14   14
 2.239396899724254e-15   15    4   15    1
 0.05720464004653138   15    4   15    4
 -0.02238505585548616   15    5    4    1
 -0.08120237876781998   15    5    5    4
 0.04302149895178053   15    5    6    3
 0.04302149895178101   15    5    7    2
 0.01280295773755955   15    5    8    1
 2.119782204780577e-15   15    5    8    4
 0.01637930310367374   15    5    8    5
 -5.511977373430827e-15   15    5    8    8
 -0.003960461271845235   15    5    9    4
 0.015089477528019   15    5    9    8
 -1.786962407279555e-15   15    5    9    9
 -0.02901147944018477   15    5   10    7
 -0.02901147944018431   15    5   11    6
 0.06177468156064671   15    5   12    4
 -0.0279181665576734   15    5   12    8
 0.05011702759887936   15    5   13    3
 -1.476400039525486e-15   15    5   13    6
 -0.03818954362304788   15    5   13   11
 2.192335638396233e-15   15    5   13   13
 0.05011702759887899   15    5   14    2
 -1.450909690746377e-15   15    5   14    7
 -0.03818954362304761   15    5   14   10
 2.125128343014423e-15   15    5   14   14
 0.0007483864855204164   15    5   15    1
 0.06279417929689514   15    5   15    5
 -0.0206405207557278   15    6    3    1
 -0.01053389937386283   15    6    5    3
 0.02096174366211653   15    6    6    4
 0.0007637087505577504   15    6    8    6
 -0.01035573068711611   15    6    9    3
 -0.003660229723250432   15    6   11    1
 -0.01823836471619005   15    6   11    5
 -1.909439487349082e-15   15    6   11    8
 -0.01273826635522562   15    6   11    9
 -0.01874443975725462   15    6   12    3
 -0.02885266607797752   15    6   12   11
 -0.009950345013140738   15    6   13    4
 -0.008193768342828055   15    6   13    8
 0.03019986940518811   15    6   15    6
 -0.02064052075572767   15    7    2    1
 -0.01053389937386262   15    7    5    2
 0.0209617436621162   15    7    7    4
 0.000763708750559337   15    7    8    7
 -0.01035573068711609   15    7    9    2
 -0.003660229723250435   15    7   10    1
 -0.01823836471618995   15    7   10    5
 -2.823967488435755e-15   15    7   10    8
 -0.01273826635522594   15    7   10    9
 -0.01874443975725467   15    7   12    2
 -0.02885266607797721   15    7   12   10
 -0.009950345013140786   15    7   14    4
 -0.008193768342832015   15    7   14    8
 0.03019986940518654   15    7   15    7
 0.03244737473832865   15    8    1    1
 0.03032471827507412   15    8    2    2
 0.03032471827507448   15    8    3    3
 -2.796721447201638e-15   15    8    4    1
 0.03970264988153002   15    8    4    4
 -0.002436860248776766   15    8    5    1
 5.623737683825383e-15   15    8    5    4
 0.04103538847866024   15    8    5    5
 -8.156914174415827e-15   15    8    6    3
 0.02541600355660463   15    8    6    6
 -8.54145026112975e-15   15    8    7    2
 0.02541600355660176   15    8    7    7
 4.718435077681552e-14   15    8    8    1
 -0.01035349148477613   15    8    8    4
 2.487684715313221e-14   15    8    8    5
 0.008449819675698658   15    8    8    8
 -0.004926854185660632   15    8    9    1
 5.919732958716108e-15   15    8    9    4
 0.005454468437723888   15    8    9    5
 -1.591555741913378e-13   15    8    9    8
 0.009844567025593678   15    8    9    9
 -0.01561751622293388   15    8   10    2
 -1.328121629726709e-15   15    8   10    7
 0.01821605009947128   15    8   10   10
 -0.01561751622293288   15    8   11    3
 -2.214040683149773e-15   15    8   11    6
 0.01821605009946869   15    8   11   11
 -0.007499898894151372   15    8   12    1
 8.53762980531146e-15   15    8   12    4
 -0.02101333194441557   15    8   12    5
 -1.537585597025632e-13   15    8   12    8
 -0.004950583969833   15    8   12    9
 0.02780599922148723   15    8   12   12
 0.01731315783374096   15    8   13    6
 -1.213047476073408e-14   15    8   13   11
 0.03192469003271564   15    8   13   13
 0.01731315783374   15    8   14    7
 -1.46388664038373e-14   15    8   14   10
 0.03192469003271992   15    8   14   14
 -4.996377292871367e-14   15    8   15    1
 -0.018866740578318   15    8   15    4
 -3.314431008293955e-14   15    8   15    5
 0.01034371499869992   15    8   15    8
 -0.004260707275797004   15    9    4    1
 -0.01682357103004417   15    9    5    4
 0.008914009653910026   15    9    6    3
 0.00891400965390983   15    9    7    2
 0.002434039432923821   15    9    8    1
 1.043310202665771e-14   15    9    8    4
 0.003257344438440954   15    9    8    5
 -1.839821842929012e-13   15    9    8    8
 4.3970327986922e-05   15    9    9    4
 0.0005393668149950024   15    9    9    8
 -0.008114939060917236   15    9   10    7
 -0.00811493906091712   15    9   11    6
 0.01389014263116175   15    9   12    4
 -0.007243484592826905   15    9   12    8
 1.439164380173367e-15   15    9   12   12
 0.01237920212439073   15    9   13    3
 -0.0102075577851618   15    9   13   11
 -1.589252309988507e-15   15    9   13   13
 0.01237920212439099   15    9   14    2
 -0.0102075577851625   15    9   14   10
 -2.051066707740427e-15   15    9   14   14
 -8.189170737476274e-07   15    9   15    1
 -1.153251010225018e-14   15    9   15    4
 0.01457454200154779   15    9   15    5
 2.013390885021689e-13   15    9   15    8
 0.008177102306881932   15    9   15    9
 0.02348659495135471   15   10    4    2
 -0.01322022652636476   15   10    7    1
 -0.02469713803919505   15   10    7    5
 -0.008210843137390999   15   10    8    2
 -2.716478975614633e-15   15   10    8    7
 -0.0009517939668803352   15   10    9    7
 0.00178997992620207   15   10   10    4
 0.005614265396472731   15   10   10    8
 -0.006383180261998347   15   10   12    7
 -0.005470616734717946   15   10   14    1
 -0.002180726399847887   15   10   14    5
 1.196219278896874e-15   15   10   14    8
 -0.006808037621469813   15   10   14    9
 0.0232392758120716   15   10   14   12
 0.00599572847171442   15   10   15    2
 2.788864698399605e-15   15   10   15    7
 0.02450019997562902   15   10   15   10
 0.02348659495135474   15   11    4    3
 -0.01322022652636471   15   11    6    1
 -0.02469713803919512   15   11    6    5
 -0.008210843137391477   15   11    8    3
 -1.392550264547673e-15   15   11    8    6
 -0.0009517939668800866   15   11    9    6
 0.001789979926202061   15   11   11    4
 0.005614265396472443   15   11   11    8
 -0.006383180261998511   15   11   12    6
 -0.005470616734718052   15   11   13    1
 -0.002180726399847927   15   11   13    5
 1.227111486509154e-15   15   11   13    8
 -0.006808037621469774   15   11   13    9
 0.02323927581207157   15   11   13   12
 0.005995728471714842   15   11   15    3
 1.638514634178818e-15   15   11   15    6
 0.02450019997562929   15   11   15   11
 0.04505255879763721   15   12    4    1
 -1.13576647334329e-15   15   12    4    4
 0.1379488362877812   15   12    5    4
 -0.09129374233344574   15   12    6    3
 1.411162632594834e-15   15   12    6    6
 -0.09129374233344599   15   12    7    2
 -0.0210709165839701   15   12    8    1
 1.532951916656547e-14   15   12    8    4
 -0.01124505457714504   15   12    8    5
 -2.027134973665206e-13   15   12    8    8
 -0.005423654410421959   15   12    9    4
 -1.305187778225139e-15   15   12    9    5
 -0.05872517128937452   15   12    9    8
 -2.148699670160196e-15   15   12    9    9
 0.005248928954953097   15   12   10    7
 -2.545093118080256e-15   15   12   10   10
 0.005248928954952169   15   12   11    6
 -2.790732233701486e-15   15   12   11   11
 -0.05899796112107841   15   12   12    4
 0.05014653907232527   15   12   12    8
 1.438065883036207e-15   15   12   12    9
 1.458794312869965e-15   15   12   12   12
 -0.05773142757953021   15   12   13    3
 -3.733900553542027e-15   15   12   13    6
 0.08049744906539499   15   12   13   11
 -0.05773142757952988   15   12   14    2
 -2.209531342916988e-15   15   12   14    7
 0.08049744906539495   15   12   14   10
 -2.376515354613353e-15   15   12   14   14
 0.008323032276781168   15   12   15    1
 -1.419562641708332e-14   15   12   15    4
 -0.0516834653001061   15   12   15    5
 2.06122433155402e-13   15   12   15    8
 -0.01077874647979042   15   12   15    9
 0.1014717253265362   15   12   15   12
 0.02674008379369422   15   13    3    1
 0.02549567720307274   15   13    5    3
 -0.03801660695205156   15   13    6    4
 -3.789330112788215e-15   15   13    8    3
 0.005887988854562171   15   13    8    6
 0.01145221373890795   15   13    9    3
 -0.0020271792572723   15   13   11    1
 0.00651236320192302   15   13   11    5
 2.168240096813398e-15   15   13   11    8
 0.0077147270065606   15   13   11    9
 0.001731424286327347   15   13   12    3
 0.03757255412047617   15   13   12   11
 -0.009085288468765964   15   13   13    4
 0.01777510937228631   15   13   13    8
 3.856966465937311e-15   15   13   15    3
 -0.01660894634266165   15   13   15    6
 -2.045522403482302e-15   15   13   15   11
 0.02987935252338507   15   13   15   13
 0.02674008379369439   15   14    2    1
 0.02549567720307264   15   14    5    2
 -0.0380166069520517   15   14    7    4
 -2.26410708822809e-15   15   14    8    2
 0.005887988854558383   15   14    8    7
 0.01145221373890844   15   14    9    2
 -0.002027179257272301   15   14   10    1
 0.006512363201923204   15   14   10    5
 0.007714727006560629   15   14   10    9
 0.001731424286327371   15   14   12    2
 0.03757255412047647   15   14   12   10
 -0.009085288468765747   15   14   14    4
 0.0177751093722869   15   14   14    8
 2.520795053558522e-15   15   14   15    2
 -0.01660894634265796   15   14   15    7
 -1.058553449200656e-15   15   14   15   10
 0.02987935252338478   15   14   15   14
 0.4847254832303496   15   15    1    1
 0.4599181087483651   15   15    2    2
 0.4599181087483649   15   15    3    3
 3.11360513366301e-15   15   15    4    1
 0.4619962024208022   15   15    4    4
 -0.01868648677036394   15   15    5    1
 -5.407518338025943e-15   15   15    5    4
 0.4692955135113244   15   15    5    5
 9.47850624919823e-15   15   15    6    3
 0.414709949499486   15   15    6    6
 9.768235744220459e-15   15   15    7    2
 0.4147099494994907   15   15    7    7
 -4.975215858254844e-14   15   15    8    1
 -0.05394314596699545   15   15    8    4
 -3.716720771886966e-14   15   15    8    5
 0.3203792116194883   15   15    8    8
 -0.01370333473856371   15   15    9    1
 -5.460392573756236e-15   15   15    9    4
 0.03952659148639605   15   15    9    5
 1.605700738714315e-13   15   15    9    8
 0.3505482152167094   15   15    9    9
 -0.0596401185043863   15   15   10    2
 0.3866039956392764   15   15   10   10
 -0.05964011850438732   15   15   11    3
 1.407395136609427e-15   15   15   11    6
 0.3866039956392791   15   15   11   11
 -0.02504507110060277   15   15   12    1
 -8.813565610568416e-15   15   15   12    4
 -0.07150357775864682   15   15   12    5
 1.649896077047464e-13   15   15   12    8
 0.009238919064889484   15   15   12    9
 0.4186281519026585   15   15   12   12
 -1.263238740950494e-15   15   15   13    3
 0.08325145171257171   15   15   13    6
 1.556510990881829e-14   15   15   13   11
 0.4237262988127997   15   15   13   13
 -1.629297378931009e-15   15   15   14    2
 0.08325145171257117   15   15   14    7
 1.847386342782859e-14   15   15   14   10
 0.4237262988127977   15   15   14   14
 5.356137671192289e-14   15   15   15    1
 -0.05983594348847809   15   15   15    4
 4.71176657735398e-14   15   15   15    5
 0.02820419522652354   15   15   15    8
 -1.756590113932596e-13   15   15   15    9
 -1.87488001714108e-13   15   15   15   12
 0.4212926106433081   15   15   15   15
 -0.04780702885672896   16    1    4    1
 -0.07775363579293748   16    1    5    4
 0.08685538349467571   16    1    6    3
 0.08685538349467614   16    1    7    2
 0.03280909111112588   16    1    8    1
 -2.327443126081617e-15   16    1    8    4
 0.01385210006356649   16    1    8    5
 5.036520048145587e-14   16    1    8    8
 -0.005276240670860993   16    1    9    4
 0.02464836219372549   16    1    9    8
 -0.03692691766651704   16    1   10    7
 -0.03692691766651657   16    1   11    6
 0.05001604980054176   16    1   12    4
 -0.03306450826387549   16    1   12    8
 0.08848102480382392   16    1   13    3
 -0.07973827991131471   16    1   13   11
 0.08848102480382343   16    1   14    2
 -0.07973827991131439   16    1   14   10
 1.180810990181861e-15   16    1   14   14
 -0.01350911268116122   16    1   15    1
 1.920239693539853e-15   16    1   15    4
 0.04567024731662114   16    1   15    5
 -5.052738609897827e-14   16    1   15    8
 0.01391241745398054   16    1   15    9
 -0.05805655863890376   16    1   15   12
 5.151781778955922e-14   16    1   15   15
 0.1305888552779885   16    1   16    1
 -0.02108829845941814   16    2    4    2
 0.02407390172652926   16    2    7    1
 0.006748865911802318   16    2    7    5
 0.01443325962497258   16    2    8    2
 0.002135372552883883   16    2    9    7
 0.009598314391145621   16    2   10    4
 -0.006935516598431678   16    2   10    8
 -0.008192515227556431   16    2   12    7
 0.02868329005436365   16    2   14    1
 0.002485982755366954   16    2   14    5
 -0.001195468226966645   16    2   14    9
 -0.0128667087677823   16    2   14   12
 -0.0004170019881930007   16    2   15    2
 -0.003677175353735462   16    2   15   10
 0.03584350194395138   16    2   16    2
 -0.02108829845941814   16    3    4    3
 0.02407390172652908   16    3    6    1
 0.006748865911802306   16    3    6    5
 0.01443325962497267   16    3    8    3
 0.00213537255288388   16    3    9    6
 0.009598314391145618   16    3   11    4
 -0.006935516598431874   16    3   11    8
 -0.008192515227556343   16    3   12    6
 0.02868329005436381   16    3   13    1
 0.002485982755366974   16    3   13    5
 -1.127655008663543e-15   16    3   13    8
 -0.001195468226966794   16    3   13    9
 -0.01286670876778232   16    3   13   12
 -0.0004170019881930874   16    3   15    3
 -0.003677175353735294   16    3   15   11
 1.117961530222215e-15   16    3   15   13
 0.03584350194395129   16    3   16    3
 -0.05742957787953859   16    4    1    1
 -0.033937757549112   16    4    2    2
 -0.03393775754911196   16    4    3    3
 0.009308525109098064   16    4    4    4
 0.012994996264285   16    4    5    1
 0.0108115445394076   16    4    5    5
 -0.01136987067086691   16    4    6    6
 -0.01136987067086725   16    4    7    7
 -1.596693300403844e-15   16    4    8    1
 0.008299421498757288   16    4    8    4
 1.178248727897496e-15   16    4    8    5
 0.001963668450231663   16    4    8    8
 0.003480061625786515   16    4    9    1
 -0.01155114672361821   16    4    9    5
 4.664174144517051e-15   16    4    9    8
 -0.0052345203859539   16    4    9    9
 0.01401953700755099   16    4   10    2
 -0.01549419702075954   16    4   10   10
 0.01401953700755092   16    4   11    3
 -0.01549419702075949   16    4   11   11
 0.006632759035529928   16    4   12    1
 -0.01234422356474833   16    4   12    5
 6.723269291039224e-15   16    4   12    8
 -0.01000167757782001   16    4   12    9
 0.002033328268169189   16    4   12   12
 -0.01677235809792262   16    4   13    6
 -0.01952614501668876   16    4   13   13
 -0.01677235809792249   16    4   14    7
 -0.0195261450166891   16    4   14   14
 2.152025997137753e-15   16    4   15    1
 -0.01115749625281127   16    4   15    4
 -1.177034389267658e-15   16    4   15    5
 0.004480136410161107   16    4   15    8
 -6.547268636447055e-15   16    4   15    9
 -8.670125669674174e-15   16    4   15   12
 0.00705926630624653   16    4   15   15
 1.409901762041228e-15   16    4   16    1
 0.02343205694259247   16    4   16    4
 0.02491459885597651   16    5    4    1
 0.08070923718167351   16    5    5    4
 -0.05133071611201293   16    5    6    3
 -0.0513307161120131   16    5    7    2
 -0.01367635986104257   16    5    8    1
 3.220372295079734e-15   16    5    8    4
 -0.006845324097160562   16    5    8    5
 2.054641535757987e-15   16    5    8    8
 -0.002846715538114535   16    5    9    4
 -0.02707056745664717   16    5    9    8
 0.01450179380208256   16    5   10    7
 0.01450179380208233   16    5   11    6
 -0.0428525379946135   16    5   12    4
 0.02885509933930249   16    5   12    8
 -0.04353783499416508   16    5   13    3
 0.04849079131096082   16    5   13   11
 -0.04353783499416488   16    5   14    2
 0.04849079131096081   16    5   14   10
 0.008080356963743164   16    5   15    1
 -2.413290288302307e-15   16    5   15    4
 -0.04432973393598417   16    5   15    5
 -1.379911827856008e-14   16    5   15    8
 -0.01277769984738152   16    5   15    9
 0.05623780363032889   16    5   15   12
 2.493144579673867e-14   16    5   15   15
 -0.05989987897878368   16    5   16    1
 -1.163495987897212e-15   16    5   16    4
 0.05128839771284543   16    5   16    5
 0.04161087606953723   16    6    3    1
 0.001534692001049366   16    6    5    3
 -0.01516318736765732   16    6    6    4
 0.0108955298931429   16    6    8    6
 0.004246575515126493   16    6    9    3
 -0.02047843948241357   16    6   11    1
 0.00287069838461799   16    6   11    5
 0.006545709325846337   16    6   11    9
 -0.007111292960543131   16    6   12    3
 0.01102551223850698   16    6   12   11
 -0.01536536841595546   16    6   13    4
 0.01042872788479263   16    6   13    8
 -0.0002103105111712813   16    6   15    6
 0.002030427458479554   16    6   15   13
 0.02308117547962529   16    6   16    6
 0.0416108760695376   16    7    2    1
 0.001534692001049471   16    7    5    2
 -0.01516318736765761   16    7    7    4
 0.01089552989314391   16    7    8    7
 0.00424657551512648   16    7    9    2
 -0.02047843948241372   16    7   10    1
 0.002870698384618092   16    7   10    5
 0.006545709325846241   16    7   10    9
 -0.007111292960543182   16    7   12    2
 0.01102551223850722   16    7   12   10
 -0.01536536841595539   16    7   14    4
 0.0104287278847904   16    7   14    8
 -0.0002103105111719917   16    7   15    7
 0.002030427458481537   16    7   15   14
 0.02308117547962519   16    7   16    7
 0.0984816786672499   16    8    1    1
 0.07233505113275154   16    8    2    2
 0.07233505113275088   16    8    3    3
 -3.059759610431175e-15   16    8    4    1
 0.0437676587254331   16    8    4    4
 -0.01598189059234312   16    8    5    1
 1.479656435097774e-15   16    8    5    4
 0.0460803845954052   16    8    5    5
 -3.944823245377482e-15   16    8    6    3
 0.04514137319020409   16    8    6    6
 -3.698078715454915e-15   16    8    7    2
 0.04514137319020289   16    8    7    7
 5.83491264238617e-14   16    8    8    1
 -0.02018464779075725   16    8    8    4
 -9.462100380532292e-15   16    8    8    5
 0.003199599269078758   16    8    8    8
 -0.007321928370364075   16    8    9    1
 5.235205452406865e-15   16    8    9    4
 0.01885861232479588   16    8    9    5
 -9.542834039054173e-14   16    8    9    8
 0.0209411526743188   16    8    9    9
 -0.02460734111052145   16    8   10    2
 0.04244188580682418   16    8   10   10
 -0.02460734111052013   16    8   11    3
 1.097840354492132e-15   16    8   11    6
 0.04244188580682153   16    8   11   11
 -0.01132248052433747   16    8   12    1
 8.155275539677489e-15   16    8   12    4
 -0.0100508508753086   16    8   12    5
 -1.293407410813935e-13   16    8   12    8
 0.01183017024558616   16    8   12    9
 0.03594241773603722   16    8   12   12
 5.632017055864783e-15   16    8   13    3
 0.03152738096939478   16    8   13    6
 -1.732471026156168e-14   16    8   13   11
 0.05320900801787211   16    8   13   13
 7.665263287771991e-15   16    8   14    2
 0.03152738096939659   16    8   14    7
 -2.160899253802686e-14   16    8   14   10
 0.05320900801787382   16    8   14   14
 -6.143558034780557e-14   16    8   15    1
 -0.007240312845168825   16    8   15    4
 7.778957111635564e-15   16    8   15    5
 0.005472866774971428   16    8   15    8
 1.065141630135672e-13   16    8   15    9
 1.436862707905148e-13   16    8   15   12
 0.03371781517236253   16    8   15   15
 -3.70104730072958e-14   16    8   16    1
 -0.01274254031014487   16    8   16    4
 5.428697046581287e-15   16    8   16    5
 0.02031781002329882   16    8   16    8
 0.009716005451139176   16    9    4    1
 0.02342226803148305   16    9    5    4
 -0.02024667218869221   16    9    6    3
 -0.0202466721886924   16    9    7    2
 -0.006000507614807565   16    9    8    1
 9.503311464249924e-05   16    9    8    5
 9.885493805305488e-15   16    9    8    8
 -0.001716369025907125   16    9    9    4
 -0.017017413168303   16    9    9    8
 0.007918776646167169   16    9   10    7
 0.007918776646167127   16    9   11    6
 -0.01351411449150382   16    9   12    4
 0.01459690869749504   16    9   12    8
 -0.02074905081583213   16    9   13    3
 0.02361007087039533   16    9   13   11
 -2.091244296682767e-15   16    9   13   13
 -0.02074905081583182   16    9   14    2
 0.02361007087039485   16    9   14   10
 -1.707656434846584e-15   16    9   14   14
 0.004857108718786272   16    9   15    1
 -0.01668486491056128   16    9   15    5
 -1.82897751949417e-14   16    9   15    8
 -0.004958538500162174   16    9   15    9
 0.01869537330868209   16    9   15   12
 2.475190191697507e-14   16    9   15   15
 -0.03523563558314696   16    9   16    1
 0.02193740427455619   16    9   16    5
 -1.243954827110873e-14   16    9   16    8
 0.01643165201005814   16    9   16    9
 0.01683571266572037   16   10    4    2
 -0.01784944065346368   16   10    7    1
 -0.008667836974876287   16   10    7    5
 -0.009675881728970284   16   10    8    2
 -0.0002021677465677583   16   10    9    7
 -0.004020696600555635   16   10   10    4
 0.005227112820645477   16   10   10    8
 0.001805480213069697   16   10   12    7
 -0.01949104485986092   16   10   14    1
 0.0009582095050705763   16   10   14    5
 0.0005606209717116828   16   10   14    9
 0.01308349890642963   16   10   14   12
 0.003357271795547324   16   10   15    2
 0.008096093948927942   16   10   15   10
 1.054547384172119e-15   16   10   15   14
 -0.02381688878979184   16   10   16    2
 0.0191524087000108   16   10   16   10
 0.01683571266572038   16   11    4    3
 -0.01784944065346356   16   11    6    1
 -0.008667836974876319   16   11    6    5
 -0.009675881728970501   16   11    8    3
 1.097409063053817e-15   16   11    8    6
 -0.0002021677465677228   16   11    9    6
 -0.004020696600555619   16   11   11    4
 0.005227112820645373   16   11   11    8
 0.001805480213069592   16   11   12    6
 -0.01949104485986105   16   11   13    1
 0.0009582095050705649   16   11   13    5
 -1.449042154536385e-15   16   11   13    8
 0.0005606209717118731   16   11   13    9
 0.01308349890642963   16   11   13   12
 0.003357271795547474   16   11   15    3
 -1.179101427121752e-15   16   11   15    6
 0.008096093948928056   16   11   15   11
 1.734888747500859e-15   16   11   15   13
 -0.02381688878979168   16   11   16    3
 0.01915240870001083   16   11   16   11
 0.002963776425209667   16   12    4    1
 -0.01829680086089339   16   12    5    4
 -0.002927929435984054   16   12    6    3
 1.841164482867789e-15   16   12    6    6
 -0.002927929435984136   16   12    7    2
 1.100157324035722e-15   16   12    7    7
 -0.003331225390266272   16   12    8    1
 4.084774965473796e-15   16   12    8    4
 0.0007832016244892949   16   12    8    5
 -4.441892222909169e-14   16   12    8    8
 0.001497824129758688   16   12    9    4
 0.007090473632743667   16   12    9    8
 -0.001072847739425947   16   12   10    7
 -1.247113232222405e-15   16   12   10   10
 -0.001072847739426289   16   12   11    6
 -1.146882567695723e-15   16   12   11   11
 0.01266324798490689   16   12   12    4
 -0.006490182181837201   16   12   12    8
 -3.349333810841312e-15   16   12   12   12
 -0.002130634760214474   16   12   13    3
 0.002803314319873728   16   12   13   11
 -0.002130634760214753   16   12   14    2
 0.002803314319874049   16   12   14   10
 -1.908552863345219e-15   16   12   14   14
 0.001233644532820306   16   12   15    1
 -3.804520024035435e-15   16   12   15    4
 0.01712399216399148   16   12   15    5
 4.913769013767605e-14   16   12   15    8
 0.00347090555945771   16   12   15    9
 -0.009898572428257009   16   12   15   12
 -5.355178106514202e-14   16   12   15   15
 -0.009179521352093963   16   12   16    1
 -0.009318014990776176   16   12   16    5
 2.401562461916785e-14   16   12   16    8
 -0.001951765123699195   16   12   16    9
 0.01270485680656355   16   12   16   12
 0.06580592973102682   16   13    3    1
 0.01064983442319629   16   13    5    3
 -0.03523590584649548   16   13    6    4
 -1.866328959588838e-15   16   13    8    3
 0.01535942698162909   16   13    8    6
 0.009116368317432431   16   13    9    3
 -0.02726907524480341   16   13   11    1
 0.01129516956211926   16   13   11    5
 0.01470188260006189   16   13   11    9
 -0.004215241266612963   16   13   12    3
 0.03166007233234188   16   13   12   11
 -0.01881252813979233   16   13   13    4
 0.01878511698433211   16   13   13    8
 1.738077077377309e-15   16   13   15    3
 -0.01332544235819337   16   13   15    6
 0.0152372183103721   16   13   15   13
 0.02957633026652655   16   13   16    6
 0.04757269762222101   16   13   16   13
 0.06580592973102659   16   14    2    1
 0.0106498344231962   16   14    5    2
 -0.03523590584649541   16   14    7    4
 0.01535942698162657   16   14    8    7
 0.00911636831743266   16   14    9    2
 -0.0272690752448033   16   14   10    1
 0.0112951695621193   16   14   10    5
 0.01470188260006183   16   14   10    9
 -0.00421524126661297   16   14   12    2
 0.03166007233234192   16   14   12   10
 -0.01881252813979207   16   14   14    4
 0.01878511698433175   16   14   14    8
 -0.01332544235819068   16   14   15    7
 0.0152372183103726   16   14   15   14
 0.02957633026652807   16   14   16    7
 0.04757269762222083   16   14   16   14
 -0.1028798535550358   16   15    1    1
 -0.06977591064795736   16   15    2    2
 -0.06977591064795648   16   15    3    3
 3.701988007259431e-15   16   15    4    1
 -0.06810156331277639   16   15    4    4
 0.02355456660522212   16   15    5    1
 -0.08014017848329227   16   15    5    5
 4.227098185518712e-15   16   15    6    3
 -0.04432047169852172   16   15    6    6
 3.828959706638062e-15   16   15    7    2
 -0.0443204716985206   16   15    7    7
 -6.76457590875522e-14   16   15    8    1
 0.02093359574134672   16   15    8    4
 3.827767968099232e-15   16   15    8    5
 -0.0191403981755754   16   15    8    8
 0.01799935969793965   16   15    9    1
 -5.520548909416922e-15   16   15    9    4
 -0.0209413783596946   16   15    9    5
 9.186346135077742e-14   16   15    9    8
 -0.02753441137953998   16   15    9    9
 0.03553097202706158   16   15   10    2
 -0.03836007719184972   16   15   10   10
 0.03553097202706002   16   15   11    3
 -1.346976318882543e-15   16   15   11    6
 -0.03836007719184668   16   15   11   11
 0.0150359849853537   16   15   12    1
 -9.527664772886582e-15   16   15   12    4
 0.03707736383997804   16   15   12    5
 1.500486891151055e-13   16   15   12    8
 0.002629773708019454   16   15   12    9
 -0.05076407229988564   16   15   12   12
 -6.977293728683184e-15   16   15   13    3
 -0.04075780621433733   16   15   13    6
 1.927401393129349e-14   16   15   13   11
 -0.06064368323738921   16   15   13   13
 -9.084003805216576e-15   16   15   14    2
 -0.04075780621433994   16   15   14    7
 2.388777443725466e-14   16   15   14   10
 -0.06064368323739026   16   15   14   14
 7.136540174217651e-14   16   15   15    1
 0.03663918703905216   16   15   15    4
 -2.224217528580469e-15   16   15   15    5
 -0.01287036239730642   16   15   15    8
 -1.032692143152674e-13   16   15   15    9
 -1.634617837569501e-13   16   15   15   12
 -0.05134299512246557   16   15   15   15
 4.217221570776068e-14   16   15   16    1
 -0.004259816459382787   16   15   16    4
 -1.961008547523402e-15   16   15   16    5
 -0.01110735580274183   16   15   16    8
 -2.860106626870461e-14   16   15   16    9
 -9.019697846552595e-14   16   15   16   12
 0.0339334650415996   16   15   16   15
 0.8466555319731321   16   16    1    1
 0.6676391595232898   16   16    2    2
 0.6676391595232901   16   16    3    3
 2.653740306926938e-15   16   16    4    1
 0.5635368666793724   16   16    4    4
 -0.1169779687744886   16   16    5    1
 0.6025735110757073   16   16    5    5
 2.278093409975409e-15   16   16    6    3
 0.5193880069633249   16   16    6    6
 2.038779566641171e-15   16   16    7    2
 0.519388006963329   16   16    7    7
 -4.357060243235447e-14   16   16    8    1
 -0.1010484776225938   16   16    8    4
 7.674581132503271e-15   16   16    8    5
 0.3591281845922172   16   16    8    8
 -0.07612577389297089   16   16    9    1
 -3.154359436756575e-15   16   16    9    4
 0.1029615961291292   16   16    9    5
 4.913414885021244e-14   16   16    9    8
 0.4206999122152614   16   16    9    9
 -0.1680163086834078   16   16   10    2
 0.4924283704832539   16   16   10   10
 -0.1680163086834084   16   16   11    3
 0.4924283704832552   16   16   11   11
 -0.07427442372585707   16   16   12    1
 -6.395328670127919e-15   16   16   12    4
 -0.1050892574703397   16   16   12    5
 9.836103481968786e-14   16   16   12    8
 0.02129315967341374   16   16   12    9
 0.4985844812135226   16   16   12   12
 -4.81225035565859e-15   16   16   13    3
 0.1975537873869913   16   16   13    6
 1.26025950587851e-14   16   16   13   11
 0.5848292744845983   16   16   13   13
 -6.211321602203577e-15   16   16   14    2
 0.1975537873869893   16   16   14    7
 1.557304600562647e-14   16   16   14   10
 0.5848292744845973   16   16   14   14
 4.465817761827095e-14   16   16   15    1
 -0.09977152804944717   16   16   15    4
 -6.502175066704622e-15   16   16   15    5
 0.04067412623583003   16   16   15    8
 -5.4844071203386e-14   16   16   15    9
 -1.061639292285003e-13   16   16   15   12
 0.4925927103461484   16   16   15   15
 2.604565758234303e-14   16   16   16    1
 -0.03851154797840455   16   16   16    4
 -3.406839826130719e-15   16   16   16    5
 0.08571483763588437   16   16   16    8
 -1.194380827841026e-14   16   16   16    9
 -6.211158469026694e-14   16   16   16   12
 -0.110513713998507   16   16   16   15
 0.8205121473599357   16   16   16   16
 -7.433543741030755    1    1  0  0
 -5.861470573743003    2    2  0  0
 -5.861470573743003    3    3  0  0
 -5.224667389596415    4    4  0  0
 0.5786140495396709    5    1  0  0
 -5.343994198016168    5    5  0  0
 -4.35291958855232    6    6  0  0
 1.345635405535371e-15    7    1  0  0
 -4.352919588552336    7    7  0  0
 -1.173813215344239e-14    8    1  0  0
 -6.487757977552332e-15    8    2  0  0
 0.6950512536348242    8    4  0  0
 4.049289638939636e-15    8    5  0  0
 -2.793359312748473    8    8  0  0
 0.3344482261345834    9    1  0  0
 -1.365375844065984e-15    9    4  0  0
 -0.6179949548886735    9    5  0  0
 7.893163132872926e-15    9    8  0  0
 -3.182137770635835    9    9  0  0
 1.013415791381044   10    2  0  0
 -2.281819301395772e-15   10    8  0  0
 -3.620441924347645   10   10  0  0
 1.013415791381044   11    3  0  0
 -3.620441924347645   11   11  0  0
 0.4137803460513316   12    1  0  0
 0.7278507793473635   12    5  0  0
 1.6615475338796e-14   12    8  0  0
 -0.1887103760027177   12    9  0  0
 -3.584274590863657   12   12  0  0
 -1.352681318313396   13    6  0  0
 -3.911098342358502   13   13  0  0
 -1.352681318313393   14    7  0  0
 -3.911098342358487   14   14  0  0
 1.267391213462953e-14   15    1  0  0
 6.460046912051192e-15   15    2  0  0
 0.6402792821119806   15    4  0  0
 -3.065156033643236e-15   15    5  0  0
 -0.3072576914007061   15    8  0  0
 -5.702559748235526e-15   15    9  0  0
 1.83811453849493e-15   15   10  0  0
 -1.609228736550401e-14   15   12  0  0
 -3.143506782515654   15   15  0  0
 9.388332717029758e-15   16    1  0  0
 1.454845579309568e-15   16    2  0  0
 0.2104041118652996   16    4  0  0
 -4.547249875224949e-15   16    5  0  0
 -0.6028699407443273   16    8  0  0
 -1.006341711171833e-15   16    9  0  0
 1.851454764359402e-15   16   10  0  0
 -2.081124744199744e-14   16   12  0  0
 0.7115164864474481   16   15  0  0
 -4.060276344099434   16   16  0  0
 -74.39411506777014  0  0  0  0
