 &FCI NORB=  16,NELEC=10,MS2=0,
  ORBSYM=1,1,1,1,1,1,1,1,1,1,1,1,1,1,1,1
  ISYM=1,
 &END
 0.4557954690459154    1    1    1    1
 0.2335642716333978    2    1    2    1
 0.4532565956627553    2    2    1    1
 0.4577957527374949    2    2    2    2
 -0.02094004381292507    3    1    1    1
 0.00138034888223992    3    1    2    2
 0.073215026451105    3    1    3    1
 0.0580794659191877    3    2    2    1
 0.07030822124512737    3    2    3    2
 0.4351040537667936    3    3    1    1
 0.4336243054506326    3    3    2    2
 -0.01215768992107536    3    3    3    1
 0.4423517639500005    3    3    3    3
 0.0675700907995291    4    1    4    1
 0.06267476522038321    4    2    4    2
 0.00183935291632524    4    3    4    1
 0.01750681430113169    4    3    4    3
 0.4271935937258891    4    4    1    1
 0.426966069870092    4    4    2    2
 -0.01245014929468333    4    4    3    1
 0.4001750881242347    4    4    3    3
 0.4257467199473686    4    4    4    4
 0.0675700907995291    5    1    5    1
 0.06267476522038321    5    2    5    2
 0.00183935291632524    5    3    5    1
 0.01750681430113169    5    3    5    3
 0.01609865950414345    5    4    5    4
 0.4271935937258891    5    5    1    1
 0.4269660698700919    5    5    2    2
 -0.01245014929468333    5    5    3    1
 0.4001750881242347    5    5    3    3
 0.3935494009390816    5    5    4    4
 0.4257467199473685    5    5    5    5
 -0.06259180152320132    6    1    5    2
 0.06269581099745851    6    1    6    1
 -0.06898273449759075    6    2    5    1
 -0.005402949225564254    6    2    5    3
 0.07129574329145785    6    2    6    2
 -0.00878546340820734    6    3    5    2
 0.007117415884110329    6    3    6    1
 0.01597813356036774    6    3    6    3
 0.01621595665380083    6    4    6    4
 -0.216268025446924    6    5    2    1
 -0.0515434434634317    6    5    3    2
 0.2237522498157354    6    5    6    5
 0.4329537330327948    6    6    1    1
 0.4344265080330217    6    6    2    2
 -0.008069617888696536    6    6    3    1
 0.4041784106834945    6    6    3    3
 0.3987063835139937    6    6    4    4
 0.4320116526943709    6    6    5    5
 0.4393168827015999    6    6    6    6
 -0.0625918015232013    7    1    4    2
 0.0626958109974585    7    1    7    1
 -0.06898273449759074    7    2    4    1
 -0.00540294922556425    7    2    4    3
 0.07129574329145782    7    2    7    2
 -0.008785463408207338    7    3    4    2
 0.007117415884110327    7    3    7    1
 0.01597813356036773    7    3    7    3
 -0.216268025446924    7    4    2    1
 -0.0515434434634317    7    4    3    2
 0.1913203365081337    7    4    6    5
 0.2237522498157353    7    4    7    4
 0.01621595665380083    7    5    6    4
 0.01621595665380083    7    5    7    5
 0.01665263459018861    7    6    5    4
 0.01734947284221425    7    6    7    6
 0.4329537330327947    7    7    1    1
 0.4344265080330216    7    7    2    2
 -0.008069617888696543    7    7    3    1
 0.4041784106834945    7    7    3    3
 0.4320116526943708    7    7    4    4
 0.3987063835139936    7    7    5    5
 0.4046179370171714    7    7    6    6
 0.4393168827015997    7    7    7    7
 -0.01995505218075288    8    1    2    1
 0.05464221852136586    8    1    3    2
 0.01986807739958347    8    1    6    5
 0.01986807739958346    8    1    7    4
 0.06556886906872615    8    1    8    1
 -0.03398288117073984    8    2    1    1
 -0.01353321760938807    8    2    2    2
 0.07054037316287687    8    2    3    1
 -0.01631747598139352    8    2    3    3
 -0.02628608154275639    8    2    4    4
 -0.02628608154275639    8    2    5    5
 -0.0234925613737622    8    2    6    6
 -0.0234925613737622    8    2    7    7
 0.07254524165768467    8    2    8    2
 0.2079519692449651    8    3    2    1
 0.05422087795769538    8    3    3    2
 -0.1837807940989606    8    3    6    5
 -0.1837807940989605    8    3    7    4
 -0.01694513490859059    8    3    8    1
 0.2073640036843354    8    3    8    3
 -0.006134180740091607    8    4    4    2
 0.007905793508435163    8    4    7    1
 -0.01494301460820383    8    4    7    3
 0.01760669422617989    8    4    8    4
 -0.006134180740091607    8    5    5    2
 0.007905793508435165    8    5    6    1
 -0.01494301460820384    8    5    6    3
 0.01760669422617989    8    5    8    5
 0.0100472517220999    8    6    5    1
 -0.01653448902919671    8    6    5    3
 -0.007307519469297885    8    6    6    2
 0.01892034676912005    8    6    8    6
 0.0100472517220999    8    7    4    1
 -0.0165344890291967    8    7    4    3
 -0.007307519469297879    8    7    7    2
 0.01892034676912004    8    7    8    7
 0.4520598117253701    8    8    1    1
 0.4485177746358365    8    8    2    2
 -0.02403831120563013    8    8    3    1
 0.4515142557821991    8    8    3    3
 0.4139176703401896    8    8    4    4
 0.4139176703401896    8    8    5    5
 0.4191439994640613    8    8    6    6
 0.4191439994640612    8    8    7    7
 -0.03332536088185778    8    8    8    2
 0.4729397433351658    8    8    8    8
 0.0213647212181661    9    1    4    1
 0.00394705399333609    9    1    4    3
 -0.02357384845210361    9    1    7    2
 0.002975319913557821    9    1    8    7
 0.02129925268349908    9    1    9    1
 0.02636461609936754    9    2    4    2
 -0.02640034047859048    9    2    7    1
 -0.003543339794577729    9    2    7    3
 -0.0035126736283439    9    2    8    4
 0.02180190765899242    9    2    9    2
 0.007527566393843679    9    3    4    1
 0.002989628387601862    9    3    4    3
 -0.00749811617810695    9    3    7    2
 -0.003613572203228293    9    3    8    7
 0.0008886128025236448    9    3    9    1
 0.009259608170277113    9    3    9    3
 0.0911439275282077    9    4    1    1
 0.09601436153925332    9    4    2    2
 0.006310959242262331    9    4    3    1
 0.07653166812763373    9    4    3    3
 0.08588777777543431    9    4    4    4
 0.07735179146752295    9    4    5    5
 0.0820689003382247    9    4    6    6
 0.09205172027679151    9    4    7    7
 -0.004914607652774266    9    4    8    2
 0.08845119914186385    9    4    8    8
 0.06924591884772417    9    4    9    4
 0.004267993153955663    9    5    5    4
 0.004991409969283419    9    5    7    6
 0.007753398886705725    9    5    9    5
 0.00552814521189266    9    6    6    4
 0.005528145211892658    9    6    7    5
 0.007572348745195383    9    6    9    6
 -0.09673511047797972    9    7    2    1
 -0.01925053765893246    9    7    3    2
 0.08299820682148305    9    7    6    5
 0.09405449724526839    9    7    7    4
 0.01442716521948757    9    7    8    1
 -0.08129474013661189    9    7    8    3
 0.07403331511325979    9    7    9    7
 -0.00473124762494545    9    8    4    2
 0.005452533176049464    9    8    7    1
 -0.005359913689862749    9    8    7    3
 0.007099648838403378    9    8    8    4
 -0.002339752406414832    9    8    9    2
 0.008306141861296782    9    8    9    8
 0.3917513571820522    9    9    1    1
 0.3905541639261921    9    9    2    2
 -0.01361429276478123    9    9    3    1
 0.3714751246680828    9    9    3    3
 0.3902169244504579    9    9    4    4
 0.3653377607152036    9    9    5    5
 0.3694618609908206    9    9    6    6
 0.3947603068089547    9    9    7    7
 -0.02454601334387762    9    9    8    2
 0.3830825971744161    9    9    8    8
 0.0750010121935035    9    9    9    4
 0.3741125320875379    9    9    9    9
 0.0213647212181661   10    1    5    1
 0.003947053993336091   10    1    5    3
 -0.02357384845210362   10    1    6    2
 0.002975319913557822   10    1    8    6
 0.02129925268349908   10    1   10    1
 0.02636461609936754   10    2    5    2
 -0.02640034047859049   10    2    6    1
 -0.00354333979457773   10    2    6    3
 -0.003512673628343901   10    2    8    5
 0.02180190765899242   10    2   10    2
 0.007527566393843679   10    3    5    1
 0.002989628387601863   10    3    5    3
 -0.007498116178106951   10    3    6    2
 -0.003613572203228296   10    3    8    6
 0.0008886128025236445   10    3   10    1
 0.009259608170277114   10    3   10    3
 0.004267993153955663   10    4    5    4
 0.004991409969283418   10    4    7    6
 0.007753398886705724   10    4    9    5
 0.007753398886705724   10    4   10    4
 0.0911439275282077   10    5    1    1
 0.09601436153925332   10    5    2    2
 0.006310959242262329   10    5    3    1
 0.07653166812763373   10    5    3    3
 0.07735179146752295   10    5    4    4
 0.08588777777543431   10    5    5    5
 0.09205172027679157   10    5    6    6
 0.08206890033822466   10    5    7    7
 -0.004914607652774264   10    5    8    2
 0.08845119914186386   10    5    8    8
 0.05373912107431273   10    5    9    4
 0.06962166566410932   10    5    9    9
 0.06924591884772414   10    5   10    5
 -0.09673511047797979   10    6    2    1
 -0.01925053765893248   10    6    3    2
 0.09405449724526846   10    6    6    5
 0.08299820682148308   10    6    7    4
 0.01442716521948758   10    6    8    1
 -0.08129474013661193   10    6    8    3
 0.05888861762286904   10    6    9    7
 0.07403331511325982   10    6   10    6
 0.005528145211892655   10    7    6    4
 0.005528145211892654   10    7    7    5
 0.007572348745195382   10    7    9    6
 0.007572348745195381   10    7   10    7
 -0.00473124762494545   10    8    5    2
 0.005452533176049465   10    8    6    1
 -0.005359913689862752   10    8    6    3
 0.007099648838403379   10    8    8    5
 -0.002339752406414832   10    8   10    2
 0.008306141861296783   10    8   10    8
 0.01243958186762717   10    9    5    4
 0.01264922290906714   10    9    7    6
 0.002689673264697128   10    9    9    5
 0.002689673264697128   10    9   10    4
 0.01285261982234466   10    9   10    9
 0.3917513571820522   10   10    1    1
 0.3905541639261921   10   10    2    2
 -0.01361429276478123   10   10    3    1
 0.3714751246680827   10   10    3    3
 0.3653377607152036   10   10    4    4
 0.3902169244504579   10   10    5    5
 0.3947603068089549   10   10    6    6
 0.3694618609908205   10   10    7    7
 -0.02454601334387762   10   10    8    2
 0.3830825971744161   10   10    8    8
 0.06962166566410925   10   10    9    4
 0.3484072924428487   10   10    9    9
 0.0750010121935035   10   10   10    5
 0.3741125320875378   10   10   10   10
 0.06856312846916844   11    1    1    1
 0.06966589986635373   11    1    2    2
 -0.006862652644592078   11    1    3    1
 0.05285951665350531   11    1    3    3
 0.05867807487220437   11    1    4    4
 0.05867807487220437   11    1    5    5
 0.06301508759132679   11    1    6    6
 0.06301508759132675   11    1    7    7
 -0.0182710356817479   11    1    8    2
 0.07097587902700446   11    1    8    8
 0.04726473586629629   11    1    9    4
 0.05178158822621183   11    1    9    9
 0.04726473586629629   11    1   10    5
 0.05178158822621186   11    1   10   10
 0.04582559986973894   11    1   11    1
 0.07162943559175214   11    2    2    1
 -0.0008734711721143636   11    2    3    2
 -0.06409518137341701   11    2    6    5
 -0.06409518137341701   11    2    7    4
 -0.02715568977525399   11    2    8    1
 0.06190049804132271   11    2    8    3
 -0.0480118415512146   11    2    9    7
 -0.04801184155121462   11    2   10    6
 0.04161430063156894   11    2   11    2
 -0.01990417605842667   11    3    1    1
 -0.02395219461632399   11    3    2    2
 -0.005312477887983248   11    3    3    1
 -0.01442741576211867   11    3    3    3
 -0.01561611715113236   11    3    4    4
 -0.01561611715113236   11    3    5    5
 -0.01922723225196062   11    3    6    6
 -0.01922723225196062   11    3    7    7
 0.002907823186846341   11    3    8    2
 -0.03046953078707166   11    3    8    8
 -0.02101021465121986   11    3    9    4
 -0.01208174703861745   11    3    9    9
 -0.02101021465121985   11    3   10    5
 -0.01208174703861745   11    3   10   10
 -0.02741907802420172   11    3   11    1
 0.03053670549914417   11    3   11    3
 0.006219083602132543   11    4    4    1
 0.0006334316141257182   11    4    4    3
 -0.007903125034873091   11    4    7    2
 0.004559647256073757   11    4    8    7
 0.01793240840536226   11    4    9    1
 -0.004310502762201247   11    4    9    3
 0.01977758390225842   11    4   11    4
 0.006219083602132544   11    5    5    1
 0.000633431614125718   11    5    5    3
 -0.007903125034873096   11    5    6    2
 0.004559647256073759   11    5    8    6
 0.01793240840536227   11    5   10    1
 -0.004310502762201247   11    5   10    3
 0.01977758390225843   11    5   11    5
 -0.01334311955988725   11    6    5    2
 0.01389378213380781   11    6    6    1
 -0.0025207524950284   11    6    6    3
 0.006871026815509869   11    6    8    5
 -0.01647623668679645   11    6   10    2
 0.005426208814019947   11    6   10    8
 0.01615685939867544   11    6   11    6
 -0.01334311955988723   11    7    4    2
 0.01389378213380779   11    7    7    1
 -0.0025207524950284   11    7    7    3
 0.006871026815509868   11    7    8    4
 -0.01647623668679645   11    7    9    2
 0.005426208814019948   11    7    9    8
 0.01615685939867543   11    7   11    7
 -0.08449582231531191   11    8    2    1
 -0.002056396824519119   11    8    3    2
 0.07530769416323552   11    8    6    5
 0.0753076941632355   11    8    7    4
 0.02895679494568864   11    8    8    1
 -0.08311078372590895   11    8    8    3
 0.04169992290012074   11    8    9    7
 0.04169992290012076   11    8   10    6
 -0.04004671228826384   11    8   11    2
 0.0528764065757889   11    8   11    8
 0.04836116185218974   11    9    4    1
 -0.006073064232615747   11    9    4    3
 -0.04729906015236558   11    9    7    2
 0.01269373611706313   11    9    8    7
 0.009442170434648312   11    9    9    1
 0.005833598008659659   11    9    9    3
 -0.00155750673317637   11    9   11    4
 0.04527160050295609   11    9   11    9
 0.04836116185218974   11   10    5    1
 -0.006073064232615747   11   10    5    3
 -0.04729906015236559   11   10    6    2
 0.01269373611706313   11   10    8    6
 0.009442170434648312   11   10   10    1
 0.005833598008659658   11   10   10    3
 -0.001557506733176371   11   10   11    5
 0.04527160050295609   11   10   11   10
 0.4185518116041293   11   11    1    1
 0.4023232738717282   11   11    2    2
 -0.06060633289218861   11   11    3    1
 0.4042097013084316   11   11    3    3
 0.3917982507946276   11   11    4    4
 0.3917982507946276   11   11    5    5
 0.3923107225653258   11   11    6    6
 0.3923107225653258   11   11    7    7
 -0.06584266880070509   11   11    8    2
 0.4201308107706908   11   11    8    8
 0.06337483027125325   11   11    9    4
 0.3717649747199717   11   11    9    9
 0.06337483027125319   11   11   10    5
 0.3717649747199716   11   11   10   10
 0.05155273472628024   11   11   11    1
 -0.005865445349250849   11   11   11    3
 0.4270573774469571   11   11   11   11
 0.04237932004268971   12    1    2    1
 0.02438928518814651   12    1    3    2
 -0.03681177273831066   12    1    6    5
 -0.03681177273831066   12    1    7    4
 0.01069970325122123   12    1    8    1
 0.03401733847268365   12    1    8    3
 -0.03092125260299369   12    1    9    7
 -0.0309212526029937   12    1   10    6
 0.01721501970678967   12    1   11    2
 -0.007004376058238906   12    1   11    8
 0.02599920003061716   12    1   12    1
 0.05602907946314204   12    2    1    1
 0.06306535118144768   12    2    2    2
 0.01936374975029426   12    2    3    1
 0.05265331412262571   12    2    3    3
 0.05031692040722855   12    2    4    4
 0.05031692040722855   12    2    5    5
 0.05330921077210951   12    2    6    6
 0.05330921077210948   12    2    7    7
 0.0145957946223837   12    2    8    2
 0.05131069768878939   12    2    8    8
 0.03577688811773011   12    2    9    4
 0.04563378703655603   12    2    9    9
 0.03577688811773011   12    2   10    5
 0.04563378703655604   12    2   10   10
 0.02110912634456437   12    2   11    1
 -0.001820584195923713   12    2   11    3
 0.03232494897575423   12    2   11   11
 0.03617698604968377   12    2   12    2
 0.06546581360882245   12    3    2    1
 0.01906664909408282   12    3    3    2
 -0.05537865431677751   12    3    6    5
 -0.05537865431677749   12    3    7    4
 -0.004124105017806156   12    3    8    1
 0.06088207236563437   12    3    8    3
 -0.04392433368301215   12    3    9    7
 -0.04392433368301214   12    3   10    6
 0.030842525023563   12    3   11    2
 -0.02251027565550147   12    3   11    8
 0.03176017318830666   12    3   12    1
 0.0500409877613163   12    3   12    3
 0.007301793603524463   12    4    4    2
 -0.006964823357043281   12    4    7    1
 -0.00399451225845373   12    4    7    3
 0.001945700497692577   12    4    8    4
 0.01169431821240304   12    4    9    2
 0.004377000824375904   12    4    9    8
 -0.007784912160590701   12    4   11    7
 0.01133331186091438   12    4   12    4
 0.007301793603524463   12    5    5    2
 -0.006964823357043284   12    5    6    1
 -0.003994512258453733   12    5    6    3
 0.001945700497692577   12    5    8    5
 0.01169431821240304   12    5   10    2
 0.004377000824375905   12    5   10    8
 -0.007784912160590702   12    5   11    6
 0.01133331186091438   12    5   12    5
 -0.005894606281746879   12    6    5    1
 -0.004434355073069643   12    6    5    3
 0.007173672810851258   12    6    6    2
 0.002372584123246831   12    6    8    6
 -0.01162967394080842   12    6   10    1
 -0.006191616313361931   12    6   10    3
 -0.008738000286103002   12    6   11    5
 0.0005276662561341791   12    6   11   10
 0.01248050965516103   12    6   12    6
 -0.005894606281746871   12    7    4    1
 -0.004434355073069638   12    7    4    3
 0.007173672810851242   12    7    7    2
 0.002372584123246828   12    7    8    7
 -0.01162967394080842   12    7    9    1
 -0.006191616313361927   12    7    9    3
 -0.008738000286103002   12    7   11    4
 0.0005276662561341857   12    7   11    9
 0.01248050965516102   12    7   12    7
 0.07314651082325202   12    8    1    1
 0.07433389628955545   12    8    2    2
 -0.001172795639868616   12    8    3    1
 0.07156193500559702   12    8    3    3
 0.0618937204837438   12    8    4    4
 0.0618937204837438   12    8    5    5
 0.0640317124671731   12    8    6    6
 0.06403171246717308   12    8    7    7
 -0.00556228389355596   12    8    8    2
 0.0763953381316493   12    8    8    8
 0.03748709451507418   12    8    9    4
 0.0574985570205526   12    8    9    9
 0.03748709451507416   12    8   10    5
 0.05749855702055259   12    8   10   10
 0.02809975235752743   12    8   11    1
 -0.00629951116857604   12    8   11    3
 0.0601176243070176   12    8   11   11
 0.0348266316293122   12    8   12    2
 0.04621868143538289   12    8   12    8
 0.02829309057091259   12    9    4    2
 -0.02735939823788166   12    9    7    1
 -0.01189132801584602   12    9    7    3
 0.005919147827235834   12    9    8    4
 0.009931053872744821   12    9    9    2
 0.0009282903341664228   12    9    9    8
 -0.001460169669703455   12    9   11    7
 0.002953757961743817   12    9   12    4
 0.02133898087788192   12    9   12    9
 0.02829309057091259   12   10    5    2
 -0.02735939823788166   12   10    6    1
 -0.01189132801584602   12   10    6    3
 0.005919147827235834   12   10    8    5
 0.00993105387274482   12   10   10    2
 0.0009282903341664215   12   10   10    8
 -0.001460169669703458   12   10   11    6
 0.002953757961743818   12   10   12    5
 0.02133898087788193   12   10   12   10
 0.04463494983308793   12   11    2    1
 0.02689001402885982   12   11    3    2
 -0.04436247746409483   12   11    6    5
 -0.04436247746409483   12   11    7    4
 0.01393104722744285   12   11    8    1
 0.03713157129929954   12   11    8    3
 -0.009755068742281835   12   11    9    7
 -0.009755068742281851   12   11   10    6
 0.002596710766300754   12   11   11    2
 -0.007556265948770072   12   11   11    8
 0.00602780928947837   12   11   12    1
 0.00206802345476099   12   11   12    3
 0.01915790923787747   12   11   12   11
 0.3557018830263605   12   12    1    1
 0.3704028512462784   12   12    2    2
 0.040795762915683   12   12    3    1
 0.3622909331354751   12   12    3    3
 0.3396376005646378   12   12    4    4
 0.3396376005646378   12   12    5    5
 0.346560070116368   12   12    6    6
 0.346560070116368   12   12    7    7
 0.03324651778625522   12   12    8    2
 0.3660160363759302   12   12    8    8
 0.06366256597826399   12   12    9    4
 0.3213197563230386   12   12    9    9
 0.06366256597826399   12   12   10    5
 0.3213197563230384   12   12   10   10
 0.03941897504423025   12   12   11    1
 -0.02246987511373091   12   12   11    3
 0.3067291005389216   12   12   11   11
 0.04683869625309667   12   12   12    2
 0.04433021749567151   12   12   12    8
 0.3609009024010805   12   12   12   12
 0.03017597814727717   13    1    1    1
 0.0356735781552594   13    1    2    2
 0.01835938480265509   13    1    3    1
 0.03307957387170782   13    1    3    3
 0.02726205277322393   13    1    4    4
 0.02726205277322393   13    1    5    5
 0.02844082396960154   13    1    6    6
 0.02844082396960153   13    1    7    7
 0.01820881678434583   13    1    8    2
 0.02563560982438625   13    1    8    8
 0.01802435962869688   13    1    9    4
 0.02555315864835252   13    1    9    9
 0.01802435962869688   13    1   10    5
 0.02555315864835252   13    1   10   10
 0.00462035021107793   13    1   11    1
 0.007992254504239509   13    1   11    3
 0.01523788784443643   13    1   11   11
 0.0260536780504747   13    1   12    2
 0.02236586548913273   13    1   12    8
 0.03032927889407138   13    1   12   12
 0.02243455229786486   13    1   13    1
 0.03302339887070457   13    2    2    1
 0.02873924102815712   13    2    3    2
 -0.02723401859289155   13    2    6    5
 -0.02723401859289153   13    2    7    4
 0.0185749635167017   13    2    8    1
 0.02774423438097344   13    2    8    3
 -0.02514859011385576   13    2    9    7
 -0.02514859011385576   13    2   10    6
 0.0107251207551616   13    2   11    2
 0.0003722620001943581   13    2   11    8
 0.02668281364342662   13    2   12    1
 0.03138174174291937   13    2   12    3
 0.005774690095732304   13    2   12   11
 0.029260159234641   13    2   13    2
 0.08027250036358188   13    3    1    1
 0.08668464330345571   13    3    2    2
 0.01261975404309698   13    3    3    1
 0.07629084839257097   13    3    3    3
 0.06880756917796266   13    3    4    4
 0.06880756917796263   13    3    5    5
 0.07314281133775667   13    3    6    6
 0.07314281133775667   13    3    7    7
 0.004110244043801338   13    3    8    2
 0.08542165119768502   13    3    8    8
 0.04892788920066733   13    3    9    4
 0.06254205602306902   13    3    9    9
 0.0489278892006673   13    3   10    5
 0.06254205602306898   13    3   10   10
 0.03881779705306291   13    3   11    1
 -0.01801425150970774   13    3   11    3
 0.05389783019990285   13    3   11   11
 0.04099213575981485   13    3   12    2
 0.04992967231922313   13    3   12    8
 0.0607757971444441   13    3   12   12
 0.02398702818834925   13    3   13    1
 0.06058856767996734   13    3   13    3
 0.002344286979504344   13    4    4    1
 0.003789445355894344   13    4    4    3
 -0.002958179921146622   13    4    7    2
 -0.003716427994286416   13    4    8    7
 0.006253545264610747   13    4    9    1
 0.007534124635375935   13    4    9    3
 0.003188380355801998   13    4   11    4
 -0.0009416646953563128   13    4   11    9
 -0.01018501057967798   13    4   12    7
 0.009664770969322589   13    4   13    4
 0.002344286979504344   13    5    5    1
 0.003789445355894344   13    5    5    3
 -0.002958179921146624   13    5    6    2
 -0.003716427994286417   13    5    8    6
 0.006253545264610747   13    5   10    1
 0.007534124635375935   13    5   10    3
 0.003188380355801998   13    5   11    5
 -0.0009416646953563129   13    5   11   10
 -0.01018501057967798   13    5   12    6
 0.009664770969322591   13    5   13    5
 -0.002302488762819625   13    6    5    2
 0.001779545301068091   13    6    6    1
 0.004877058381112298   13    6    6    3
 -0.004306683852506463   13    6    8    5
 -0.007831676960158856   13    6   10    2
 -0.006276948554121714   13    6   10    8
 0.004099917290310329   13    6   11    6
 -0.01021468141687769   13    6   12    5
 -0.00199158662765177   13    6   12   10
 0.01013082946837768   13    6   13    6
 -0.002302488762819617   13    7    4    2
 0.001779545301068082   13    7    7    1
 0.004877058381112291   13    7    7    3
 -0.004306683852506461   13    7    8    4
 -0.007831676960158856   13    7    9    2
 -0.006276948554121712   13    7    9    8
 0.00409991729031033   13    7   11    7
 -0.01021468141687769   13    7   12    4
 -0.001991586627651767   13    7   12    9
 0.01013082946837768   13    7   13    7
 0.08112296466612681   13    8    2    1
 0.01563612450782592   13    8    3    2
 -0.06912831011055309   13    8    6    5
 -0.06912831011055309   13    8    7    4
 -0.01375363545221515   13    8    8    1
 0.07762429501626489   13    8    8    3
 -0.05136280781563725   13    8    9    7
 -0.05136280781563725   13    8   10    6
 0.03986698364752528   13    8   11    2
 -0.0359953079343954   13    8   11    8
 0.03085366681680752   13    8   12    1
 0.05361099872990065   13    8   12    3
 0.001881683402352951   13    8   12   11
 0.02845108607448986   13    8   13    2
 0.06120337405407   13    8   13    8
 0.01691146977556945   13    9    4    1
 0.01291171418280192   13    9    4    3
 -0.01972720608285361   13    9    7    2
 -0.009641906339503259   13    9    8    7
 0.005966175022965262   13    9    9    1
 0.00346748242918924   13    9    9    3
 -0.000118342171851878   13    9   11    4
 0.008042214466662419   13    9   11    9
 -0.002763964859907677   13    9   12    7
 0.001848127619654634   13    9   13    4
 0.01705313851842883   13    9   13    9
 0.01691146977556945   13   10    5    1
 0.01291171418280192   13   10    5    3
 -0.01972720608285362   13   10    6    2
 -0.009641906339503259   13   10    8    6
 0.005966175022965264   13   10   10    1
 0.00346748242918924   13   10   10    3
 -0.0001183421718518783   13   10   11    5
 0.008042214466662419   13   10   11   10
 -0.00276396485990768   13   10   12    6
 0.001848127619654634   13   10   13    5
 0.01705313851842883   13   10   13   10
 -0.03646083614008921   13   11    1    1
 -0.02507652153918674   13   11    2    2
 0.03790143875662651   13   11    3    1
 -0.0365048103897027   13   11    3    3
 -0.02671467705392958   13   11    4    4
 -0.02671467705392958   13   11    5    5
 -0.02459308044376299   13   11    6    6
 -0.02459308044376299   13   11    7    7
 0.0361892200147104   13   11    8    2
 -0.04257191396104004   13   11    8    8
 -0.008641785000344217   13   11    9    4
 -0.02710593565548988   13   11    9    9
 -0.008641785000344199   13   11   10    5
 -0.02710593565548982   13   11   10   10
 -0.01127275365556747   13   11   11    1
 -0.002214267944754599   13   11   11    3
 -0.05751909193754828   13   11   11   11
 -0.001180659566908299   13   11   12    2
 -0.01634317059970852   13   11   12    8
 0.004259661508047708   13   11   12   12
 0.001317628932315909   13   11   13    1
 -0.009211874216681166   13   11   13    3
 0.02915473054611704   13   11   13   11
 0.1843088362098917   13   12    2    1
 0.08535317771835293   13   12    3    2
 -0.1682893380409162   13   12    6    5
 -0.1682893380409162   13   12    7    4
 0.025450067087988   13   12    8    1
 0.1795981691308748   13   12    8    3
 -0.06699576234549158   13   12    9    7
 -0.06699576234549159   13   12   10    6
 0.04101721369280596   13   12   11    2
 -0.06223391960109941   13   12   11    8
 0.03490249143171531   13   12   12    1
 0.04622432357853984   13   12   12    3
 0.05044044536691707   13   12   12   11
 0.03238543079736032   13   12   13    2
 0.05617733064011826   13   12   13    8
 0.2017826804312239   13   12   13   12
 0.375220170690004   13   13    1    1
 0.3849711971305715   13   13    2    2
 0.02446539693462206   13   13    3    1
 0.382147955731979   13   13    3    3
 0.3546547821780464   13   13    4    4
 0.3546547821780465   13   13    5    5
 0.3605925008786518   13   13    6    6
 0.3605925008786517   13   13    7    7
 0.0178661776278163   13   13    8    2
 0.3877131050744211   13   13    8    8
 0.06808487551295601   13   13    9    4
 0.3364390457946008   13   13    9    9
 0.068084875512956   13   13   10    5
 0.3364390457946009   13   13   10   10
 0.04415210299976561   13   13   11    1
 -0.02012119346035915   13   13   11    3
 0.3353386525505276   13   13   11   11
 0.04973972892569815   13   13   12    2
 0.05480301363928638   13   13   12    8
 0.360667316015719   13   13   12   12
 0.0318852302465841   13   13   13    1
 0.06765349225974139   13   13   13    3
 -0.009491137303307733   13   13   13   11
 0.3673821657067287   13   13   13   13
 -0.02124059760407494   14    1    5    2
 0.02142442632615115   14    1    6    1
 0.001618821089166588   14    1    6    3
 0.004325153834038261   14    1    8    5
 -0.01991238740235263   14    1   10    2
 0.0028521275855247   14    1   10    8
 0.01617216733607312   14    1   11    6
 -0.01075943742857787   14    1   12    5
 -0.00693344587721918   14    1   12   10
 0.007093544293144204   14    1   13    6
 0.01858722394812533   14    1   14    1
 -0.02055578214597413   14    2    5    1
 -0.002332263116901365   14    2    5    3
 0.0221785103467139   14    2    6    2
 -0.003705660296790591   14    2    8    6
 -0.0202752296465761   14    2   10    1
 -0.002740968315555679   14    2   10    3
 -0.01650074328544746   14    2   11    5
 -0.01038235788788921   14    2   11   10
 0.01244966184800567   14    2   12    6
 -0.007749003833525349   14    2   13    5
 -0.004419242540159705   14    2   13   10
 0.02009977626688425   14    2   14    2
 -0.001684031922847299   14    3    5    2
 0.001154199966334953   14    3    6    1
 0.004603398364312942   14    3    6    3
 -0.004498486236011325   14    3    8    5
 -0.002928093333627902   14    3   10    2
 -0.006749677308827666   14    3   10    8
 -0.0008773442769761026   14    3   11    6
 -0.006621290289226625   14    3   12    5
 -0.002625045215417076   14    3   12   10
 0.007353430277267707   14    3   13    6
 0.002091363290973505   14    3   14    1
 0.006711821484146664   14    3   14    3
 0.004041490058370247   14    4    6    4
 0.004041490058370245   14    4    7    5
 0.007282170912395386   14    4    9    6
 0.007282170912395384   14    4   10    7
 0.007147263737658412   14    4   14    4
 -0.07782332551585262   14    5    2    1
 -0.01328029628008843   14    5    3    2
 0.07414018033138392   14    5    6    5
 0.0660572002146434   14    5    7    4
 0.01431018267306623   14    5    8    1
 -0.06537752713326223   14    5    8    3
 0.05247031006601974   14    5    9    7
 0.06703465189081055   14    5   10    6
 -0.04341944389112117   14    5   11    2
 0.03558480638902187   14    5   11    8
 -0.02804024458183744   14    5   12    1
 -0.03989982715735513   14    5   12    3
 -0.005053574696928824   14    5   12   11
 -0.02297904459592377   14    5   13    2
 -0.0462667512008829   14    5   13    8
 -0.05094198369089527   14    5   13   12
 0.06192588500149704   14    5   14    5
 0.09295278372344032   14    6    1    1
 0.09577582356453385   14    6    2    2
 0.0003500836447786026   14    6    3    1
 0.0794403294193541   14    6    3    3
 0.07857640666009999   14    6    4    4
 0.08628744602183785   14    6    5    5
 0.0915084799846172   14    6    6    6
 0.08265802834959969   14    6    7    7
 -0.009695032341958497   14    6    8    2
 0.09071568029770886   14    6    8    8
 0.05305528910265479   14    6    9    4
 0.07187154199315178   14    6    9    9
 0.06821731928321316   14    6   10    5
 0.07739857063074121   14    6   10   10
 0.04621524621048348   14    6   11    1
 -0.01760350906356138   14    6   11    3
 0.07047271759701595   14    6   11   11
 0.0358136556061877   14    6   12    2
 0.03902294126798456   14    6   12    8
 0.0604643942188091   14    6   12   12
 0.01874440707575653   14    6   13    1
 0.04833744009444142   14    6   13    3
 -0.01325680840183302   14    6   13   11
 0.06710523720962547   14    6   13   13
 0.06871623263409592   14    6   14    6
 0.003855519680868932   14    7    5    4
 0.004425225817508734   14    7    7    6
 0.007581015090279164   14    7    9    5
 0.007581015090279164   14    7   10    4
 0.002763514318794709   14    7   10    9
 0.007670622946804003   14    7   14    7
 0.006480498091124796   14    8    5    1
 -0.004265919012354384   14    8    5    3
 -0.006244870240424795   14    8    6    2
 0.00667035090344038   14    8    8    6
 0.0033204191184155   14    8   10    1
 -0.00680343430054692   14    8   10    3
 0.005168007809064169   14    8   11    5
 0.006444572543125428   14    8   11   10
 0.004767530275876143   14    8   12    6
 -0.006322896052260391   14    8   13    5
 -0.001469124964984332   14    8   13   10
 -0.002036814874899055   14    8   14    2
 0.008382847135563561   14    8   14    8
 0.01172150289148284   14    9    6    4
 0.01172150289148284   14    9    7    5
 0.003675852254102171   14    9    9    6
 0.003675852254102168   14    9   10    7
 0.002536308569257737   14    9   14    4
 0.01146868739941946   14    9   14    9
 -0.1775532676499808   14   10    2    1
 -0.04437563370843613   14   10    3    2
 0.1837748090530281   14   10    6    5
 0.1603318032700624   14   10    7    4
 0.0145531186321934   14   10    8    1
 -0.1537701034491358   14   10    8    3
 0.07108436841276589   14   10    9    7
 0.07843607292097027   14   10   10    6
 -0.05410748464793738   14   10   11    2
 0.06502120337410491   14   10   11    8
 -0.03075418039261051   14   10   12    1
 -0.04709359560338485   14   10   12    3
 -0.03836074326451402   14   10   12   11
 -0.02299599150681104   14   10   13    2
 -0.05910691076091435   14   10   13    8
 -0.1494652427643617   14   10   13   12
 0.06183713612199795   14   10   14    5
 0.1649755744314287   14   10   14   10
 -0.03740475425755773   14   11    5    2
 0.03786087286077439   14   11    6    1
 0.0007231293095188896   14   11    6    3
 0.008354826023697651   14   11    8    5
 -0.01362641911432878   14   11   10    2
 0.006203959278905589   14   11   10    8
 0.007344190320325993   14   11   11    6
 -0.0003414095415772626   14   11   12    5
 -0.01718369255234279   14   11   12   10
 -0.002896499696951106   14   11   13    6
 0.01091999700686174   14   11   14    1
 -0.00195459282262892   14   11   14    3
 0.02876474594626428   14   11   14   11
 -0.03120621396066696   14   12    5    1
 -0.01065552599516496   14   12    5    3
 0.03345089624083512   14   12    6    2
 0.005909071907083616   14   12    8    6
 -0.007266247519972632   14   12   10    1
 -0.005166664895284241   14   12   10    3
 0.00214891828985218   14   12   11    5
 -0.0223544684890453   14   12   11   10
 0.001308284013740252   14   12   12    6
 -0.0008245444653354229   14   12   13    5
 -0.01927765932667877   14   12   13   10
 0.006161091721921698   14   12   14    2
 -0.0008154619755479927   14   12   14    8
 0.0263690331979049   14   12   14   12
 -0.02163453151890911   14   13    5    2
 0.02049616873042284   14   13    6    1
 0.01281664518822574   14   13    6    3
 -0.008638995251448942   14   13    8    5
 -0.005825954069147786   14   13   10    2
 -0.00215110279139629   14   13   10    8
 -0.001722785502310457   14   13   11    6
 -0.001487177725122328   14   13   12    5
 -0.01953358376636613   14   13   12   10
 0.001421864488579408   14   13   13    6
 0.003203475385113877   14   13   14    1
 0.002604479840628444   14   13   14    3
 0.01234685245467039   14   13   14   11
 0.01896044695532682   14   13   14   13
 0.3800282411083931   14   14    1    1
 0.3812973557590543   14   14    2    2
 -0.006079948968533481   14   14    3    1
 0.3596366999498923   14   14    3    3
 0.3559246964890789   14   14    4    4
 0.38053498080214   14   14    5    5
 0.3860492178231862   14   14    6    6
 0.36067532960132   14   14    7    7
 -0.01794730313089571   14   14    8    2
 0.3719271936266155   14   14    8    8
 0.06712146894114596   14   14    9    4
 0.3392195331225443   14   14    9    9
 0.07181869168663084   14   14   10    5
 0.3643568897538776   14   14   10   10
 0.05064330614966016   14   14   11    1
 -0.01645391718260686   14   14   11    3
 0.355406266056602   14   14   11   11
 0.04264697409436646   14   14   12    2
 0.05257694222275301   14   14   12    8
 0.320506102145897   14   14   12   12
 0.02266883848689658   14   14   13    1
 0.06013625868250541   14   14   13    3
 -0.01985228914502982   14   14   13   11
 0.3320482255006996   14   14   13   13
 0.0720481140332858   14   14   14    6
 0.3584203541834988   14   14   14   14
 -0.02124059760407496   15    1    4    2
 0.02142442632615116   15    1    7    1
 0.00161882108916659   15    1    7    3
 0.004325153834038263   15    1    8    4
 -0.01991238740235263   15    1    9    2
 0.002852127585524701   15    1    9    8
 0.01617216733607312   15    1   11    7
 -0.01075943742857788   15    1   12    4
 -0.006933445877219193   15    1   12    9
 0.007093544293144205   15    1   13    7
 0.01858722394812534   15    1   15    1
 -0.02055578214597416   15    2    4    1
 -0.002332263116901367   15    2    4    3
 0.02217851034671392   15    2    7    2
 -0.003705660296790593   15    2    8    7
 -0.0202752296465761   15    2    9    1
 -0.002740968315555681   15    2    9    3
 -0.01650074328544747   15    2   11    4
 -0.01038235788788924   15    2   11    9
 0.01244966184800567   15    2   12    7
 -0.007749003833525354   15    2   13    4
 -0.004419242540159721   15    2   13    9
 0.02009977626688426   15    2   15    2
 -0.001684031922847302   15    3    4    2
 0.001154199966334955   15    3    7    1
 0.004603398364312943   15    3    7    3
 -0.004498486236011328   15    3    8    4
 -0.002928093333627904   15    3    9    2
 -0.006749677308827668   15    3    9    8
 -0.0008773442769761016   15    3   11    7
 -0.006621290289226627   15    3   12    4
 -0.002625045215417083   15    3   12    9
 0.007353430277267708   15    3   13    7
 0.002091363290973506   15    3   15    1
 0.006711821484146667   15    3   15    3
 -0.07782332551585268   15    4    2    1
 -0.01328029628008845   15    4    3    2
 0.06605720021464348   15    4    6    5
 0.07414018033138398   15    4    7    4
 0.01431018267306624   15    4    8    1
 -0.06537752713326229   15    4    8    3
 0.06703465189081055   15    4    9    7
 0.05247031006601979   15    4   10    6
 -0.04341944389112118   15    4   11    2
 0.0355848063890219   15    4   11    8
 -0.02804024458183745   15    4   12    1
 -0.03989982715735518   15    4   12    3
 -0.005053574696928807   15    4   12   11
 -0.02297904459592379   15    4   13    2
 -0.04626675120088292   15    4   13    8
 -0.05094198369089533   15    4   13   12
 0.04763135752618022   15    4   14    5
 0.05676451898348255   15    4   14   10
 0.06192588500149707   15    4   15    4
 0.004041490058370251   15    5    6    4
 0.00404149005837025   15    5    7    5
 0.007282170912395387   15    5    9    6
 0.007282170912395386   15    5   10    7
 0.007147263737658412   15    5   14    4
 0.002536308569257741   15    5   14    9
 0.007147263737658413   15    5   15    5
 0.003855519680868941   15    6    5    4
 0.004425225817508743   15    6    7    6
 0.007581015090279166   15    6    9    5
 0.007581015090279166   15    6   10    4
 0.002763514318794715   15    6   10    9
 0.007670622946804004   15    6   14    7
 0.007670622946804006   15    6   15    6
 0.09295278372344032   15    7    1    1
 0.09577582356453385   15    7    2    2
 0.000350083644778603   15    7    3    1
 0.07944032941935414   15    7    3    3
 0.08628744602183787   15    7    4    4
 0.0785764066601   15    7    5    5
 0.08265802834959975   15    7    6    6
 0.09150847998461716   15    7    7    7
 -0.009695032341958496   15    7    8    2
 0.09071568029770889   15    7    8    8
 0.06821731928321315   15    7    9    4
 0.07739857063074117   15    7    9    9
 0.0530552891026548   15    7   10    5
 0.07187154199315178   15    7   10   10
 0.04621524621048347   15    7   11    1
 -0.0176035090635614   15    7   11    3
 0.07047271759701583   15    7   11   11
 0.03581365560618769   15    7   12    2
 0.03902294126798463   15    7   12    8
 0.0604643942188091   15    7   12   12
 0.01874440707575652   15    7   13    1
 0.04833744009444146   15    7   13    3
 -0.01325680840183313   15    7   13   11
 0.06710523720962551   15    7   13   13
 0.05337498674048787   15    7   14    6
 0.06795106154791773   15    7   14   14
 0.0687162326340959   15    7   15    7
 0.006480498091124799   15    8    4    1
 -0.004265919012354388   15    8    4    3
 -0.006244870240424797   15    8    7    2
 0.006670350903440384   15    8    8    7
 0.0033204191184155   15    8    9    1
 -0.00680343430054692   15    8    9    3
 0.005168007809064169   15    8   11    4
 0.006444572543125433   15    8   11    9
 0.004767530275876145   15    8   12    7
 -0.006322896052260391   15    8   13    4
 -0.001469124964984335   15    8   13    9
 -0.002036814874899058   15    8   15    2
 0.008382847135563563   15    8   15    8
 -0.1775532676499808   15    9    2    1
 -0.04437563370843613   15    9    3    2
 0.1603318032700624   15    9    6    5
 0.1837748090530281   15    9    7    4
 0.0145531186321934   15    9    8    1
 -0.1537701034491359   15    9    8    3
 0.07843607292097027   15    9    9    7
 0.07108436841276596   15    9   10    6
 -0.0541074846479374   15    9   11    2
 0.06502120337410494   15    9   11    8
 -0.03075418039261051   15    9   12    1
 -0.04709359560338491   15    9   12    3
 -0.03836074326451394   15    9   12   11
 -0.02299599150681106   15    9   13    2
 -0.05910691076091444   15    9   13    8
 -0.1494652427643618   15    9   13   12
 0.0567645189834825   15    9   14    5
 0.1420381996325898   15    9   14   10
 0.06183713612199802   15    9   15    4
 0.1649755744314288   15    9   15    9
 0.01172150289148284   15   10    6    4
 0.01172150289148284   15   10    7    5
 0.003675852254102172   15   10    9    6
 0.003675852254102169   15   10   10    7
 0.002536308569257737   15   10   14    4
 0.01146868739941946   15   10   14    9
 0.002536308569257741   15   10   15    5
 0.01146868739941946   15   10   15   10
 -0.03740475425755773   15   11    4    2
 0.03786087286077439   15   11    7    1
 0.000723129309518889   15   11    7    3
 0.008354826023697654   15   11    8    4
 -0.01362641911432879   15   11    9    2
 0.006203959278905589   15   11    9    8
 0.007344190320325988   15   11   11    7
 -0.0003414095415772644   15   11   12    4
 -0.01718369255234278   15   11   12    9
 -0.002896499696951109   15   11   13    7
 0.01091999700686175   15   11   15    1
 -0.001954592822628921   15   11   15    3
 0.02876474594626428   15   11   15   11
 -0.03120621396066697   15   12    4    1
 -0.01065552599516496   15   12    4    3
 0.03345089624083513   15   12    7    2
 0.005909071907083616   15   12    8    7
 -0.007266247519972645   15   12    9    1
 -0.005166664895284245   15   12    9    3
 0.002148918289852174   15   12   11    4
 -0.02235446848904532   15   12   11    9
 0.00130828401374025   15   12   12    7
 -0.0008245444653354263   15   12   13    4
 -0.01927765932667877   15   12   13    9
 0.00616109172192172   15   12   15    2
 -0.0008154619755479894   15   12   15    8
 0.02636903319790491   15   12   15   12
 -0.02163453151890911   15   13    4    2
 0.02049616873042284   15   13    7    1
 0.01281664518822574   15   13    7    3
 -0.008638995251448942   15   13    8    4
 -0.005825954069147791   15   13    9    2
 -0.002151102791396289   15   13    9    8
 -0.001722785502310457   15   13   11    7
 -0.001487177725122331   15   13   12    4
 -0.01953358376636612   15   13   12    9
 0.001421864488579405   15   13   13    7
 0.003203475385113887   15   13   15    1
 0.002604479840628446   15   13   15    3
 0.0123468524546704   15   13   15   11
 0.01896044695532682   15   13   15   13
 0.0123051421565305   15   14    5    4
 0.01268694411093299   15   14    7    6
 0.002348611372742422   15   14    9    5
 0.002348611372742422   15   14   10    4
 0.0125686783156666   15   14   10    9
 0.002048526242684057   15   14   14    7
 0.002048526242684064   15   14   15    6
 0.01295765867741777   15   14   15   14
 0.3800282411083932   15   15    1    1
 0.3812973557590544   15   15    2    2
 -0.006079948968533475   15   15    3    1
 0.3596366999498924   15   15    3    3
 0.38053498080214   15   15    4    4
 0.355924696489079   15   15    5    5
 0.3606753296013203   15   15    6    6
 0.3860492178231861   15   15    7    7
 -0.01794730313089571   15   15    8    2
 0.3719271936266157   15   15    8    8
 0.07181869168663094   15   15    9    4
 0.3643568897538777   15   15    9    9
 0.06712146894114605   15   15   10    5
 0.3392195331225444   15   15   10   10
 0.0506433061496602   15   15   11    1
 -0.01645391718260688   15   15   11    3
 0.3554062660566021   15   15   11   11
 0.0426469740943665   15   15   12    2
 0.05257694222275301   15   15   12    8
 0.3205061021458973   15   15   12   12
 0.02266883848689661   15   15   13    1
 0.06013625868250546   15   15   13    3
 -0.01985228914502988   15   15   13   11
 0.3320482255006998   15   15   13   13
 0.06795106154791768   15   15   14    6
 0.3325050368286632   15   15   14   14
 0.0720481140332859   15   15   15    7
 0.3584203541834989   15   15   15   15
 -0.04739842034029818   16    1    2    1
 -0.001113593227774434   16    1    3    2
 0.03980951758243279   16    1    6    5
 0.03980951758243279   16    1    7    4
 0.01694660866376668   16    1    8    1
 -0.04508548835410309   16    1    8    3
 0.03629928266200468   16    1    9    7
 0.03629928266200468   16    1   10    6
 -0.03220090866797939   16    1   11    2
 0.03389186627628463   16    1   11    8
 -0.01071521154765639   16    1   12    1
 -0.02001995443028157   16    1   12    3
 -0.0005627121399092744   16    1   12   11
 -0.005563632030406054   16    1   13    2
 -0.02809756506094698   16    1   13    8
 -0.03198564052561726   16    1   13   12
 0.03353355693308061   16    1   14    5
 0.03535990792684005   16    1   14   10
 0.03353355693308063   16    1   15    4
 0.03535990792684009   16    1   15    9
 0.02921850848711649   16    1   16    1
 -0.04582443287307078   16    2    1    1
 -0.04659780005521794   16    2    2    2
 0.004058024968877891   16    2    3    1
 -0.03968471965499858   16    2    3    3
 -0.0368570131967597   16    2    4    4
 -0.03685701319675971   16    2    5    5
 -0.03979803397827926   16    2    6    6
 -0.03979803397827923   16    2    7    7
 0.01067452003830389   16    2    8    2
 -0.05165569481328351   16    2    8    8
 -0.03380729133043004   16    2    9    4
 -0.03395176394938374   16    2    9    9
 -0.03380729133043004   16    2   10    5
 -0.03395176394938374   16    2   10   10
 -0.03227809629532243   16    2   11    1
 0.02005409962316673   16    2   11    3
 -0.03624652611947294   16    2   11   11
 -0.01319716135420457   16    2   12    2
 -0.01729046151087938   16    2   12    8
 -0.03037929935582715   16    2   12   12
 -0.002491951871653158   16    2   13    1
 -0.02474191011274873   16    2   13    3
 0.008914151959612709   16    2   13   11
 -0.03367954058930823   16    2   13   13
 -0.03339463209812794   16    2   14    6
 -0.0328451452486752   16    2   14   14
 -0.03339463209812794   16    2   15    7
 -0.03284514524867523   16    2   15   15
 0.02550118112631387   16    2   16    2
 0.02527251328990353   16    3    2    1
 -0.007108072881159738   16    3    3    2
 -0.02089963628856523   16    3    6    5
 -0.02089963628856524   16    3    7    4
 -0.01786538195144052   16    3    8    1
 0.0257928471139562   16    3    8    3
 -0.02148895980669718   16    3    9    7
 -0.02148895980669717   16    3   10    6
 0.02252080153052259   16    3   11    2
 -0.02606749785809852   16    3   11    8
 0.004377978402256577   16    3   12    1
 0.01553814634489542   16    3   12    3
 -0.004628711885332675   16    3   12   11
 0.0005169819508480401   16    3   13    2
 0.02302975355087583   16    3   13    8
 0.01265666533006937   16    3   13   12
 -0.02014997253625525   16    3   14    5
 -0.01937791212098118   16    3   14   10
 -0.02014997253625526   16    3   15    4
 -0.01937791212098128   16    3   15    9
 -0.02058030201326702   16    3   16    1
 0.01967653292238867   16    3   16    3
 -0.001098775532511655   16    4    4    2
 0.001286434208762024   16    4    7    1
 -0.0006555725844020158   16    4    7    3
 0.001851442900873313   16    4    8    4
 -0.01122406298395644   16    4    9    2
 0.00519847728811231   16    4    9    8
 0.01333095201517015   16    4   11    7
 -0.005413448966468374   16    4   12    4
 0.001960455406882077   16    4   12    9
 0.002866501761577586   16    4   13    7
 0.01183269119722437   16    4   15    1
 -0.002263119047648613   16    4   15    3
 -0.0006556154268617758   16    4   15   11
 -0.003340687902513573   16    4   15   13
 0.01483074142454057   16    4   16    4
 -0.001098775532511655   16    5    5    2
 0.001286434208762028   16    5    6    1
 -0.0006555725844020168   16    5    6    3
 0.001851442900873314   16    5    8    5
 -0.01122406298395644   16    5   10    2
 0.005198477288112309   16    5   10    8
 0.01333095201517015   16    5   11    6
 -0.005413448966468374   16    5   12    5
 0.001960455406882076   16    5   12   10
 0.002866501761577584   16    5   13    6
 0.01183269119722437   16    5   14    1
 -0.002263119047648613   16    5   14    3
 -0.000655615426861779   16    5   14   11
 -0.003340687902513571   16    5   14   13
 0.01483074142454056   16    5   16    5
 -0.002171068074115593   16    6    5    1
 0.001228413824776714   16    6    5    3
 0.0008533218340129972   16    6    6    2
 0.001506236371743447   16    6    8    6
 0.01356606524894749   16    6   10    1
 -0.004924562696898646   16    6   10    3
 0.01683322539498859   16    6   11    5
 -0.00571303818005093   16    6   11   10
 -0.006381080998212945   16    6   12    6
 0.002271365608395358   16    6   13    5
 -0.001779060916552527   16    6   13   10
 -0.01258092512680776   16    6   14    2
 0.005069886237584546   16    6   14    8
 0.004351334796200792   16    6   14   12
 0.01691531877244603   16    6   16    6
 -0.002171068074115606   16    7    4    1
 0.001228413824776716   16    7    4    3
 0.0008533218340130118   16    7    7    2
 0.001506236371743441   16    7    8    7
 0.01356606524894749   16    7    9    1
 -0.004924562696898648   16    7    9    3
 0.01683322539498858   16    7   11    4
 -0.005713038180050939   16    7   11    9
 -0.006381080998212946   16    7   12    7
 0.002271365608395357   16    7   13    4
 -0.001779060916552529   16    7   13    9
 -0.01258092512680776   16    7   15    2
 0.005069886237584545   16    7   15    8
 0.004351334796200796   16    7   15   12
 0.01691531877244603   16    7   16    7
 0.05515786750638729   16    8    1    1
 0.05307752263405575   16    8    2    2
 -0.01526002910601749   16    8    3    1
 0.04702438681996097   16    8    3    3
 0.04483207495018705   16    8    4    4
 0.04483207495018705   16    8    5    5
 0.04770705488583268   16    8    6    6
 0.04770705488583266   16    8    7    7
 -0.02311027772981054   16    8    8    2
 0.06427725906284688   16    8    8    8
 0.03498585378298924   16    8    9    4
 0.04196739790779035   16    8    9    9
 0.03498585378298923   16    8   10    5
 0.04196739790779035   16    8   10   10
 0.03814912725731223   16    8   11    1
 -0.02586298170855994   16    8   11    3
 0.05139802486507852   16    8   11   11
 0.01199812251001979   16    8   12    2
 0.02514460324756369   16    8   12    8
 0.02817903015540535   16    8   12   12
 -0.001206318480198805   16    8   13    1
 0.03212853977004664   16    8   13    3
 -0.01694626089294318   16    8   13   11
 0.03581757085130288   16    8   13   13
 0.03475337394709543   16    8   14    6
 0.04078556730022468   16    8   14   14
 0.03475337394709544   16    8   15    7
 0.04078556730022469   16    8   15   15
 -0.02801025388931611   16    8   16    2
 0.03876959502385556   16    8   16    8
 -0.03212418228565422   16    9    4    2
 0.03285844336397797   16    9    7    1
 -0.002641955305550624   16    9    7    3
 0.01056839443199872   16    9    8    4
 -0.01079470264989225   16    9    9    2
 0.004879000220888151   16    9    9    8
 0.005540413041602662   16    9   11    7
 -0.0001568877823867117   16    9   12    4
 -0.0124142815330902   16    9   12    9
 -0.002586965615710644   16    9   13    7
 0.008547407861918493   16    9   15    1
 -0.001092903463996764   16    9   15    3
 0.02632901763582796   16    9   15   11
 0.007694091914116348   16    9   15   13
 -0.002976037860902934   16    9   16    4
 0.02613187788861167   16    9   16    9
 -0.03212418228565422   16   10    5    2
 0.03285844336397797   16   10    6    1
 -0.002641955305550626   16   10    6    3
 0.01056839443199872   16   10    8    5
 -0.01079470264989225   16   10   10    2
 0.004879000220888152   16   10   10    8
 0.005540413041602671   16   10   11    6
 -0.0001568877823867126   16   10   12    5
 -0.0124142815330902   16   10   12   10
 -0.00258696561571064   16   10   13    6
 0.008547407861918484   16   10   14    1
 -0.001092903463996761   16   10   14    3
 0.02632901763582795   16   10   14   11
 0.007694091914116338   16   10   14   13
 -0.002976037860902937   16   10   16    5
 0.02613187788861168   16   10   16   10
 -0.1392803319519155   16   11    2    1
 -0.003814716814464969   16   11    3    2
 0.1318695628713877   16   11    6    5
 0.1318695628713877   16   11    7    4
 0.04506011720356738   16   11    8    1
 -0.1262799270061743   16   11    8    3
 0.05704514791311606   16   11    9    7
 0.05704514791311608   16   11   10    6
 -0.05152090762191751   16   11   11    2
 0.06323879991458517   16   11   11    8
 -0.01567525545110673   16   11   12    1
 -0.03893559836371558   16   11   12    3
 -0.0176216248966326   16   11   12   11
 -0.006877071821102439   16   11   13    2
 -0.05364892095444608   16   11   13    8
 -0.09371780216654435   16   11   13   12
 0.04608222821456581   16   11   14    5
 0.1141278114176061   16   11   14   10
 0.04608222821456587   16   11   15    4
 0.1141278114176061   16   11   15    9
 0.03285764646409973   16   11   16    1
 -0.02366961669152512   16   11   16    3
 0.1108542834551828   16   11   16   11
 -0.0004515934345590122   16   12    1    1
 -0.0005537464744813777   16   12    2    2
 -0.001197796406640927   16   12    3    1
 0.006043359243184982   16   12    3    3
 -0.004379085873828275   16   12    4    4
 -0.004379085873828271   16   12    5    5
 -0.004127206126956557   16   12    6    6
 -0.004127206126956566   16   12    7    7
 -0.0008306061717495305   16   12    8    2
 0.009707399969863967   16   12    8    8
 0.00402591901460497   16   12    9    4
 -0.002641161906118222   16   12    9    9
 0.004025919014604956   16   12   10    5
 -0.002641161906118328   16   12   10   10
 0.005472901847270862   16   12   11    1
 -0.007405722476217687   16   12   11    3
 0.001084742974569906   16   12   11   11
 -0.001471838192086428   16   12   12    2
 0.0006619474799094203   16   12   12    8
 0.007827834168542111   16   12   12   12
 -0.002624601668975002   16   12   13    1
 0.002846413200076372   16   12   13    3
 -0.003123853526315298   16   12   13   11
 0.00834833459193441   16   12   13   13
 0.004148688319823746   16   12   14    6
 -0.002614766624184726   16   12   14   14
 0.004148688319823763   16   12   15    7
 -0.002614766624184604   16   12   15   15
 -0.006468580297060521   16   12   16    2
 0.006992589047900004   16   12   16    8
 0.007088779460696484   16   12   16   12
 0.03585171067894591   16   13    2    1
 -0.001311781763097517   16   13    3    2
 -0.02998599110432471   16   13    6    5
 -0.02998599110432471   16   13    7    4
 -0.01514103857407768   16   13    8    1
 0.04160387662127774   16   13    8    3
 -0.01848555727690126   16   13    9    7
 -0.01848555727690123   16   13   10    6
 0.01781704487181357   16   13   11    2
 -0.02457083529217646   16   13   11    8
 0.002494574809596202   16   13   12    1
 0.01100187075597146   16   13   12    3
 0.00123020483290153   16   13   12   11
 -0.0002052159739432435   16   13   13    2
 0.01733133818006428   16   13   13    8
 0.03157996593666451   16   13   13   12
 -0.01631949390847017   16   13   14    5
 -0.0275476858079382   16   13   14   10
 -0.01631949390847022   16   13   15    4
 -0.02754768580793824   16   13   15    9
 -0.0156199029931642   16   13   16    1
 0.01118882177436238   16   13   16    3
 -0.03067937794353623   16   13   16   11
 0.01628195497306607   16   13   16   13
 0.04039966507708725   16   14    5    1
 -0.006041091108847556   16   14    5    3
 -0.03955885604151344   16   14    6    2
 0.01221956471439212   16   14    8    6
 0.007083657872168092   16   14   10    1
 0.003852142439369113   16   14   10    3
 -0.001694373306715946   16   14   11    5
 0.03803030159373317   16   14   11   10
 0.001395097675091379   16   14   12    6
 -0.00214211988167166   16   14   13    5
 0.006053521447901058   16   14   13   10
 -0.007355324272050563   16   14   14    2
 0.005334918664617102   16   14   14    8
 -0.01749796082560642   16   14   14   12
 -0.00672410575678994   16   14   16    6
 0.03455644051225121   16   14   16   14
 0.04039966507708725   16   15    4    1
 -0.006041091108847557   16   15    4    3
 -0.03955885604151343   16   15    7    2
 0.01221956471439211   16   15    8    7
 0.007083657872168096   16   15    9    1
 0.003852142439369109   16   15    9    3
 -0.00169437330671594   16   15   11    4
 0.03803030159373316   16   15   11    9
 0.001395097675091386   16   15   12    7
 -0.002142119881671662   16   15   13    4
 0.006053521447901061   16   15   13    9
 -0.007355324272050576   16   15   15    2
 0.005334918664617106   16   15   15    8
 -0.01749796082560642   16   15   15   12
 -0.006724105756789947   16   15   16    7
 0.03455644051225121   16   15   16   15
 0.3961430000368981   16   16    1    1
 0.3832175324153098   16   16    2    2
 -0.05096144697068545   16   16    3    1
 0.3785348025388042   16   16    3    3
 0.3756599918172212   16   16    4    4
 0.3756599918172212   16   16    5    5
 0.3766146695427319   16   16    6    6
 0.3766146695427318   16   16    7    7
 -0.05830702649458396   16   16    8    2
 0.3963565224850489   16   16    8    8
 0.05481639902475167   16   16    9    4
 0.3568511130146622   16   16    9    9
 0.0548163990247517   16   16   10    5
 0.356851113014662   16   16   10   10
 0.04702566445638248   16   16   11    1
 -0.009823029194423504   16   16   11    3
 0.4003827081843946   16   16   11   11
 0.02824713649054019   16   16   12    2
 0.05416130296281072   16   16   12    8
 0.2975416996589763   16   16   12   12
 0.01134103416585037   16   16   13    1
 0.05129062353788979   16   16   13    3
 -0.04747173195224956   16   16   13   11
 0.3212966326953819   16   16   13   13
 0.06003429081404309   16   16   14    6
 0.3440481127730409   16   16   14   14
 0.06003429081404309   16   16   15    7
 0.344048112773041   16   16   15   15
 -0.02965924236977967   16   16   16    2
 0.04552750285824378   16   16   16    8
 -4.593270012002167e-05   16   16   16   12
 0.3860231656562766   16   16   16   16
 -4.558026109866134    1    1  0  0
 -4.507148025806868    2    2  0  0
 0.1418958049000922    3    1  0  0
 -4.021316875015625    3    3  0  0
 -3.926869312990488    4    4  0  0
 -3.926869312990488    5    5  0  0
 -3.943410697712795    6    6  0  0
 -3.943410697712794    7    7  0  0
 0.2412758695171009    8    2  0  0
 -4.037818957038901    8    8  0  0
 -0.7129842773145734    9    4  0  0
 -2.85427995282323    9    9  0  0
 -0.7129842773145734   10    5  0  0
 -2.85427995282323   10   10  0  0
 -0.4695711510692208   11    1  0  0
 0.158135416289532   11    3  0  0
 -2.992489780293354   11   11  0  0
 -0.4056481472290679   12    2  0  0
 -0.5955905949371586   12    8  0  0
 -2.514699525713765   12   12  0  0
 -0.2263989296021609   13    1  0  0
 -0.6307578600281384   13    3  0  0
 0.3066510245218099   13   11  0  0
 -2.638712226065922   13   13  0  0
 -0.7396775733516004   14    6  0  0
 -2.656852064551643   14   14  0  0
 -0.7396775733516006   15    7  0  0
 -2.656852064551643   15   15  0  0
 0.3083403534982205   16    2  0  0
 -0.4327309921037824   16    8  0  0
 -0.01176081966287752   16   12  0  0
 -2.419539264171684   16   16  0  0
 -83.98092260828341  0  0  0  0
