 &FCI NORB=  16,NELEC=10,MS2=0,
  ORBSYM=1,1,1,1,1,1,1,1,1,1,1,1,1,1,1,1
  ISYM=1,
 &END
 0.4256616243169968    1    1    1    1
 0.2659356617617115    2    1    2    1
 0.4265198376809718    2    2    1    1
 0.4279898174315263    2    2    2    2
 -0.008363222234606399    3    1    1    1
 -0.002142144054703967    3    1    2    2
 0.06692989144049598    3    1    3    1
 0.02638780487252896    3    2    2    1
 0.06308356733944494    3    2    3    2
 0.3996236729121637    3    3    1    1
 0.4000924809740785    3    3    2    2
 -0.00697226396120723    3    3    3    1
 0.401233637295397    3    3    3    3
 0.0669439543015415    4    1    4    1
 0.06485793702532879    4    2    4    2
 0.001006869817696973    4    3    4    1
 0.01612310656164497    4    3    4    3
 0.401727528502419    4    4    1    1
 0.4025998508224946    4    4    2    2
 -0.006367398500948309    4    4    3    1
 0.369429356445423    4    4    3    3
 0.4035684462721503    4    4    4    4
 0.0669439543015415    5    1    5    1
 0.06485793702532879    5    2    5    2
 0.001006869817696973    5    3    5    1
 0.01612310656164497    5    3    5    3
 0.01630547050046494    5    4    5    4
 0.401727528502419    5    5    1    1
 0.4025998508224946    5    5    2    2
 -0.006367398500948309    5    5    3    1
 0.369429356445423    5    5    3    3
 0.3709575052712205    5    5    4    4
 0.4035684462721503    5    5    5    5
 -0.06487841421116421    6    1    5    2
 0.06492570912180035    6    1    6    1
 -0.06745774099772711    6    2    5    1
 -0.001826433834572026    6    2    5    3
 0.06802586094782045    6    2    6    2
 -0.002876885868489457    6    3    5    2
 0.002232745860497263    6    3    6    1
 0.01566294244441008    6    3    6    3
 0.01635887695174279    6    4    6    4
 -0.2448065658463144    6    5    2    1
 -0.02343894224897251    6    5    3    2
 0.2492409843959758    6    5    6    5
 0.4036576701195393    6    6    1    1
 0.4046081790042516    6    6    2    2
 -0.005872831931078336    6    6    3    1
 0.3707776704935082    6    6    3    3
 0.3726003181997545    6    6    4    4
 0.4055278315642045    6    6    5    5
 0.4075318421274808    6    6    6    6
 -0.06487841421116422    7    1    4    2
 0.06492570912180036    7    1    7    1
 -0.06745774099772713    7    2    4    1
 -0.001826433834572027    7    2    4    3
 0.06802586094782047    7    2    7    2
 -0.002876885868489457    7    3    4    2
 0.002232745860497264    7    3    7    1
 0.01566294244441008    7    3    7    3
 -0.2448065658463145    7    4    2    1
 -0.02343894224897251    7    4    3    2
 0.2165232304924903    7    4    6    5
 0.2492409843959759    7    4    7    4
 0.01635887695174279    7    5    6    4
 0.0163588769517428    7    5    7    5
 0.016463756682225    7    6    5    4
 0.01662702171959123    7    6    7    6
 0.4036576701195394    7    7    1    1
 0.4046081790042516    7    7    2    2
 -0.005872831931078334    7    7    3    1
 0.3707776704935083    7    7    3    3
 0.4055278315642046    7    7    4    4
 0.3726003181997546    7    7    5    5
 0.3742777986882985    7    7    6    6
 0.4075318421274809    7    7    7    7
 -0.003349844385464378    8    1    2    1
 0.0624217163633639    8    1    3    2
 0.003508941998152523    8    1    6    5
 0.003508941998152524    8    1    7    4
 0.06523194243522328    8    1    8    1
 -0.01533749513211831    8    2    1    1
 -0.009145452981767194    8    2    2    2
 0.06817494356122929    8    2    3    1
 -0.01076293504772124    8    2    3    3
 -0.01301895071635958    8    2    4    4
 -0.01301895071635958    8    2    5    5
 -0.01265821408614859    8    2    6    6
 -0.01265821408614859    8    2    7    7
 0.07011460681809277    8    2    8    2
 0.2389364428689382    8    3    2    1
 0.02453199850407952    8    3    3    2
 -0.2111863701489771    8    3    6    5
 -0.2111863701489771    8    3    7    4
 -0.002863061782228105    8    3    8    1
 0.2374508358120443    8    3    8    3
 -0.001850926396294894    8    4    4    2
 0.002518767881113269    8    4    7    1
 -0.01600777649696229    8    4    7    3
 0.01674753667481136    8    4    8    4
 -0.001850926396294894    8    5    5    2
 0.002518767881113268    8    5    6    1
 -0.01600777649696229    8    5    6    3
 0.01674753667481136    8    5    8    5
 0.003327309663325034    8    6    5    1
 -0.01644474335202714    8    6    5    3
 -0.002556591411513723    8    6    6    2
 0.01718899494904825    8    6    8    6
 0.003327309663325035    8    7    4    1
 -0.01644474335202714    8    7    4    3
 -0.002556591411513724    8    7    7    2
 0.01718899494904825    8    7    8    7
 0.4120032183285637    8    8    1    1
 0.4123109244444901    8    8    2    2
 -0.01179314458500075    8    8    3    1
 0.4107927589712333    8    8    3    3
 0.3798187706318367    8    8    4    4
 0.3798187706318366    8    8    5    5
 0.3813901483264243    8    8    6    6
 0.3813901483264243    8    8    7    7
 -0.01684111794663018    8    8    8    2
 0.4234091529483817    8    8    8    8
 0.03391173547400413    9    1    1    1
 0.0326848865636466    9    1    2    2
 -0.02128658671061086    9    1    3    1
 0.02405173818017801    9    1    3    3
 0.02888013099947861    9    1    4    4
 0.02888013099947861    9    1    5    5
 0.02944028642268964    9    1    6    6
 0.02944028642268965    9    1    7    7
 -0.02494383820167922    9    1    8    2
 0.03233839667337947    9    1    8    8
 0.02864319909297748    9    1    9    1
 0.03654222231959652    9    2    2    1
 -0.0223150691560393    9    2    3    2
 -0.03259670693413832    9    2    6    5
 -0.03259670693413833    9    2    7    4
 -0.02790579591397925    9    2    8    1
 0.0319253213702273    9    2    8    3
 0.02649655576191747    9    2    9    2
 -0.07643219602736363    9    3    1    1
 -0.078154914472274    9    3    2    2
 -0.004501313504316972    9    3    3    1
 -0.06582695243094532    9    3    3    3
 -0.0641784917489822    9    3    4    4
 -0.06417849174898219    9    3    5    5
 -0.06546119658553029    9    3    6    6
 -0.06546119658553033    9    3    7    7
 0.0005752775691599784    9    3    8    2
 -0.07722257460113156    9    3    8    8
 -0.02877096202207306    9    3    9    1
 0.06246276471354411    9    3    9    3
 0.004103076274676529    9    4    4    1
 -0.004061333435322246    9    4    4    3
 -0.004161459349587968    9    4    7    2
 0.005388235548496616    9    4    8    7
 0.01045248887836621    9    4    9    4
 0.004103076274676529    9    5    5    1
 -0.004061333435322246    9    5    5    3
 -0.004161459349587966    9    5    6    2
 0.005388235548496614    9    5    8    6
 0.01045248887836621    9    5    9    5
 -0.005839788738955484    9    6    5    2
 0.006047059122684282    9    6    6    1
 -0.00501940345727771    9    6    6    3
 0.006046731460209022    9    6    8    5
 0.009413982405999791    9    6    9    6
 -0.005839788738955488    9    7    4    2
 0.006047059122684288    9    7    7    1
 -0.005019403457277713    9    7    7    3
 0.006046731460209024    9    7    8    4
 0.009413982405999791    9    7    9    7
 -0.1076410810408333    9    8    2    1
 -0.0001188186230033391    9    8    3    2
 0.09278921576241221    9    8    6    5
 0.09278921576241225    9    8    7    4
 0.01340313617526862    9    8    8    1
 -0.102692429498272    9    8    8    3
 -0.02989078198093034    9    8    9    2
 0.07363346349927004    9    8    9    8
 0.3834477434469052    9    9    1    1
 0.3794134734275279    9    9    2    2
 -0.05176490118961107    9    9    3    1
 0.3822708972304577    9    9    3    3
 0.3589486331968502    9    9    4    4
 0.3589486331968502    9    9    5    5
 0.3596443450645194    9    9    6    6
 0.3596443450645195    9    9    7    7
 -0.05530763708723743    9    9    8    2
 0.3913019928276724    9    9    8    8
 0.03285921807104107    9    9    9    1
 -0.05172018959773142    9    9    9    3
 0.4155876295417911    9    9    9    9
 -0.02273159573716036   10    1    4    1
 -0.001296369756882728   10    1    4    3
 0.02319945429897911   10    1    7    2
 -0.001057870659557924   10    1    8    7
 -0.008429327010884727   10    1    9    4
 0.02068601855601172   10    1   10    1
 -0.02425020985148073   10    2    4    2
 0.02424655161110954   10    2    7    1
 0.001084382808172915   10    2    7    3
 0.001204572711275872   10    2    8    4
 0.007685896450064979   10    2    9    7
 0.02072146247066604   10    2   10    2
 -0.002594424637401956   10    3    4    1
 -0.003660407670702409   10    3    4    3
 0.002671744135526148   10    3    7    2
 0.004152076059971782   10    3    8    7
 0.007002215156206165   10    3    9    4
 0.0004122513612854144   10    3   10    1
 0.00775270268919452   10    3   10    3
 -0.09199488482599733   10    4    1    1
 -0.09328282345412788   10    4    2    2
 -0.002433675246947133   10    4    3    1
 -0.07449626621811312   10    4    3    3
 -0.08714330356495884   10    4    4    4
 -0.0780366626289864   10    4    5    5
 -0.07915227287726731   10    4    6    6
 -0.08853506870413787   10    4    7    7
 0.002072592876359168   10    4    8    2
 -0.081823607445015   10    4    8    8
 -0.02316260601575537   10    4    9    1
 0.04773039053547039   10    4    9    3
 -0.0690637109825762   10    4    9    9
 0.06832165107684995   10    4   10    4
 -0.004553320467986207   10    5    5    4
 -0.004691397913435258   10    5    7    6
 0.007500627036026767   10    5   10    5
 -0.004823092440298416   10    6    6    4
 -0.004823092440298419   10    6    7    5
 0.007466468968938374   10    6   10    6
 0.0926991357515333   10    7    2    1
 0.006324674542845742   10    7    3    2
 -0.07859133040696727   10    7    6    5
 -0.08823751528756411   10    7    7    4
 -0.004760422811102968   10    7    8    1
 0.0772617262683524   10    7    8    3
 0.02193505476554234   10    7    9    2
 -0.05521969949139958   10    7    9    8
 0.06941690343100435   10    7   10    7
 0.001878755303568564   10    8    4    2
 -0.002073374849195472   10    8    7    1
 0.004823246738800859   10    8    7    3
 -0.005323840901870542   10    8    8    4
 -0.007015506507075244   10    8    9    7
 -0.0006938162889949592   10    8   10    2
 0.007617585836511592   10    8   10    8
 -0.02228878855244608   10    9    4    1
 0.01103746490740305   10    9    4    3
 0.02177539503206028   10    9    7    2
 -0.01236764352705368   10    9    8    7
 -0.002541323957563075   10    9    9    4
 0.004850972889001109   10    9   10    1
 -0.000918227469682707   10    9   10    3
 0.01977256622807412   10    9   10    9
 0.3613106670024649   10   10    1    1
 0.361811021659994   10   10    2    2
 -0.007163380593211698   10   10    3    1
 0.3379168060120975   10   10    3    3
 0.3627229246876945   10   10    4    4
 0.3385219927725123   10   10    5    5
 0.3398539487380116   10   10    6    6
 0.3642340595357406   10   10    7    7
 -0.01238185374444488   10   10    8    2
 0.3463076943389879   10   10    8    8
 0.02428845153586229   10   10    9    1
 -0.0544865759822805   10   10    9    3
 0.3379322047147844   10   10    9    9
 -0.07375453792820424   10   10   10    4
 0.3427369472834148   10   10   10   10
 -0.02273159573716036   11    1    5    1
 -0.001296369756882728   11    1    5    3
 0.0231994542989791   11    1    6    2
 -0.001057870659557924   11    1    8    6
 -0.008429327010884727   11    1    9    5
 0.02068601855601172   11    1   11    1
 -0.02425020985148073   11    2    5    2
 0.02424655161110953   11    2    6    1
 0.001084382808172914   11    2    6    3
 0.001204572711275872   11    2    8    5
 0.007685896450064978   11    2    9    6
 0.02072146247066604   11    2   11    2
 -0.002594424637401956   11    3    5    1
 -0.003660407670702409   11    3    5    3
 0.002671744135526148   11    3    6    2
 0.004152076059971781   11    3    8    6
 0.007002215156206166   11    3    9    5
 0.0004122513612854143   11    3   11    1
 0.007752702689194521   11    3   11    3
 -0.004553320467986206   11    4    5    4
 -0.004691397913435256   11    4    7    6
 0.007500627036026767   11    4   10    5
 0.007500627036026767   11    4   11    4
 -0.09199488482599731   11    5    1    1
 -0.09328282345412786   11    5    2    2
 -0.002433675246947133   11    5    3    1
 -0.07449626621811312   11    5    3    3
 -0.0780366626289864   11    5    4    4
 -0.08714330356495884   11    5    5    5
 -0.08853506870413784   11    5    6    6
 -0.07915227287726734   11    5    7    7
 0.002072592876359169   11    5    8    2
 -0.08182360744501499   11    5    8    8
 -0.02316260601575536   11    5    9    1
 0.04773039053547038   11    5    9    3
 -0.06906371098257617   11    5    9    9
 0.05332039700479643   11    5   10    4
 -0.06804824261477778   11    5   10   10
 0.06832165107684997   11    5   11    5
 0.09269913575153325   11    6    2    1
 0.006324674542845735   11    6    3    2
 -0.08823751528756406   11    6    6    5
 -0.07859133040696722   11    6    7    4
 -0.004760422811102966   11    6    8    1
 0.07726172626835234   11    6    8    3
 0.02193505476554232   11    6    9    2
 -0.05521969949139954   11    6    9    8
 0.05448396549312759   11    6   10    7
 0.06941690343100432   11    6   11    6
 -0.004823092440298419   11    7    6    4
 -0.004823092440298419   11    7    7    5
 0.007466468968938374   11    7   10    6
 0.007466468968938375   11    7   11    7
 0.001878755303568564   11    8    5    2
 -0.002073374849195472   11    8    6    1
 0.004823246738800857   11    8    6    3
 -0.005323840901870542   11    8    8    5
 -0.007015506507075243   11    8    9    6
 -0.0006938162889949594   11    8   11    2
 0.007617585836511591   11    8   11    8
 -0.02228878855244608   11    9    5    1
 0.01103746490740305   11    9    5    3
 0.02177539503206028   11    9    6    2
 -0.01236764352705367   11    9    8    6
 -0.002541323957563073   11    9    9    5
 0.004850972889001109   11    9   11    1
 -0.0009182274696827073   11    9   11    3
 0.01977256622807412   11    9   11    9
 0.01210046595759108   11   10    5    4
 0.01219005539886452   11   10    7    6
 -0.002853147656713254   11   10   10    5
 -0.002853147656713254   11   10   11    4
 0.01212090079710805   11   10   11   10
 0.3613106670024648   11   11    1    1
 0.361811021659994   11   11    2    2
 -0.0071633805932117   11   11    3    1
 0.3379168060120975   11   11    3    3
 0.3385219927725123   11   11    4    4
 0.3627229246876945   11   11    5    5
 0.3642340595357407   11   11    6    6
 0.3398539487380116   11   11    7    7
 -0.01238185374444488   11   11    8    2
 0.3463076943389878   11   11    8    8
 0.02428845153586228   11   11    9    1
 -0.05448657598228048   11   11    9    3
 0.3379322047147842   11   11    9    9
 -0.06804824261477775   11   11   10    4
 0.3184951456891986   11   11   10   10
 -0.07375453792820427   11   11   11    5
 0.3427369472834149   11   11   11   11
 -0.02290081796918889   12    1    5    2
 0.02290419454516176   12    1    6    1
 0.0008327620643119344   12    1    6    3
 0.001377541725513547   12    1    8    5
 0.007890241639893981   12    1    9    6
 0.02033828294127613   12    1   11    2
 -0.0009488697493649633   12    1   11    8
 0.01999620661334563   12    1   12    1
 -0.02240786268669071   12    2    5    1
 -0.001215541675379155   12    2    5    3
 0.02285516730437497   12    2    6    2
 -0.001062544229041886   12    2    8    6
 -0.00800465026100796   12    2    9    5
 0.0205655071541767   12    2   11    1
 0.0008722398302916519   12    2   11    3
 0.004988872561542573   12    2   11    9
 0.02049471642862366   12    2   12    2
 -0.001297809364360726   12    3    5    2
 0.00113611534229886   12    3    6    1
 0.004178285807416087   12    3    6    3
 -0.004389470724310357   12    3    8    5
 -0.006084495036096848   12    3    9    6
 0.001152188233044922   12    3   11    2
 0.007182366134124499   12    3   11    8
 0.0008496465569279479   12    3   12    1
 0.006994455786433078   12    3   12    3
 0.004468632474268028   12    4    6    4
 0.00446863247426803   12    4    7    5
 -0.007428769750805268   12    4   10    6
 -0.007428769750805268   12    4   11    7
 0.007399593702574256   12    4   12    4
 -0.08756459609250709   12    5    2    1
 -0.005717211884273713   12    5    3    2
 0.08292903869704245   12    5    6    5
 0.07399177374850639   12    5    7    4
 0.004814535398739859   12    5    8    1
 -0.07281457204322446   12    5    8    3
 -0.02136456889064491   12    5    9    2
 0.05347164976946046   12    5    9    8
 -0.05308800513879228   12    5   10    7
 -0.0679455446404028   12    5   11    6
 0.0665922004569738   12    5   12    5
 0.09161128629139623   12    6    1    1
 0.09280309341857694   12    6    2    2
 0.001638854521664593   12    6    3    1
 0.07458446059770332   12    6    3    3
 0.07771431654575392   12    6    4    4
 0.08652695885681   12    6    5    5
 0.08788497831813442   12    6    6    6
 0.07880528915060131   12    6    7    7
 -0.002777397561727278   12    6    8    2
 0.08175167107883191   12    6    8    8
 0.02294808479013538   12    6    9    1
 -0.04707065155137091   12    6    9    3
 0.07022590280976217   12    6    9    9
 -0.05319207181188464   12    6   10    4
 0.06800392114930942   12    6   10   10
 -0.06823000678713659   12    6   11    5
 0.07359139886214611   12    6   11   11
 0.06820159262563444   12    6   12    6
 0.004406321155528039   12    7    5    4
 0.004539844583766587   12    7    7    6
 -0.007518967487626   12    7   10    5
 -0.007518967487626   12    7   11    4
 0.002793738856418388   12    7   11   10
 0.007547282711735258   12    7   12    7
 0.001662076541584641   12    8    5    1
 -0.004284371993011645   12    8    5    3
 -0.00156119062263928   12    8    6    2
 0.004996335147935745   12    8    8    6
 0.007314831373445727   12    8    9    5
 -0.001164657448737743   12    8   11    1
 0.007495907020726091   12    8   11    3
 -0.00339205461627802   12    8   11    9
 -0.0007492058824172367   12    8   12    2
 0.007704780160807718   12    8   12    8
 -0.01850468571483752   12    9    5    2
 0.0189358712302898   12    9    6    1
 -0.009404575070806659   12    9    6    3
 0.01106256908477429   12    9    8    5
 0.004904527137395842   12    9    9    6
 0.005990325923391517   12    9   11    2
 -0.00419494488259591   12    9   11    8
 0.005716212753841365   12    9   12    1
 -0.00263887542647191   12    9   12    3
 0.01512830956719565   12    9   12    9
 -0.01199749528849166   12   10    6    4
 -0.01199749528849166   12   10    7    5
 0.003057470950329806   12   10   10    6
 0.003057470950329809   12   10   11    7
 -0.002778012237652711   12   10   12    4
 0.0118914471844829   12   10   12   10
 0.2044565004325219   12   11    2    1
 0.0209195816705571   12   11    3    2
 -0.2083318883004766   12   11    6    5
 -0.1843368977234932   12   11    7    4
 -0.001705948791742735   12   11    8    1
 0.1794807700321156   12   11    8    3
 0.02784505281250804   12   11    9    2
 -0.08022679019255623   12   11    9    8
 0.06769064852308675   12   11   10    7
 0.07380559042374629   12   11   11    6
 -0.06929983102787932   12   11   12    5
 0.1886430529167551   12   11   12   11
 0.359952054278011   12   12    1    1
 0.3606012831755164   12   12    2    2
 -0.005825009102920199   12   12    3    1
 0.3361442089492507   12   12    3    3
 0.3374300826714342   12   12    4    4
 0.3617911177175556   12   12    5    5
 0.3633400696861743   12   12    6    6
 0.338789609530661   12   12    7    7
 -0.011132615032792   12   12    8    2
 0.3447305239489659   12   12    8    8
 0.0244084868741213   12   12    9    1
 -0.05507743755126442   12   12    9    3
 0.3346089011683567   12   12    9    9
 -0.06758730870862592   12   12   10    4
 0.3174231459029858   12   12   10   10
 -0.07299328217855068   12   12   11    5
 0.34185349032824   12   12   11   11
 0.07272876049956577   12   12   12    6
 0.341169433495427   12   12   12   12
 -0.02290081796918888   13    1    4    2
 0.02290419454516175   13    1    7    1
 0.0008327620643119343   13    1    7    3
 0.001377541725513546   13    1    8    4
 0.007890241639893979   13    1    9    7
 0.02033828294127613   13    1   10    2
 -0.0009488697493649627   13    1   10    8
 0.01999620661334562   13    1   13    1
 -0.0224078626866907   13    2    4    1
 -0.001215541675379155   13    2    4    3
 0.02285516730437497   13    2    7    2
 -0.001062544229041886   13    2    8    7
 -0.008004650261007957   13    2    9    4
 0.02056550715417669   13    2   10    1
 0.0008722398302916514   13    2   10    3
 0.004988872561542569   13    2   10    9
 0.02049471642862365   13    2   13    2
 -0.001297809364360725   13    3    4    2
 0.00113611534229886   13    3    7    1
 0.004178285807416085   13    3    7    3
 -0.004389470724310353   13    3    8    4
 -0.006084495036096846   13    3    9    7
 0.001152188233044921   13    3   10    2
 0.007182366134124496   13    3   10    8
 0.0008496465569279479   13    3   13    1
 0.006994455786433075   13    3   13    3
 -0.08756459609250707   13    4    2    1
 -0.00571721188427371   13    4    3    2
 0.07399177374850635   13    4    6    5
 0.08292903869704243   13    4    7    4
 0.004814535398739859   13    4    8    1
 -0.07281457204322446   13    4    8    3
 -0.02136456889064491   13    4    9    2
 0.05347164976946048   13    4    9    8
 -0.0679455446404028   13    4   10    7
 -0.05308800513879224   13    4   11    6
 0.05179301305182526   13    4   12    5
 -0.06374380655257385   13    4   12   11
 0.06659220045697375   13    4   13    4
 0.004468632474268026   13    5    6    4
 0.004468632474268027   13    5    7    5
 -0.007428769750805265   13    5   10    6
 -0.007428769750805267   13    5   11    7
 0.007399593702574253   13    5   12    4
 -0.002778012237652708   13    5   12   10
 0.007399593702574253   13    5   13    5
 0.004406321155528033   13    6    5    4
 0.004539844583766581   13    6    7    6
 -0.007518967487625998   13    6   10    5
 -0.007518967487625998   13    6   11    4
 0.002793738856418381   13    6   11   10
 0.007547282711735256   13    6   12    7
 0.007547282711735254   13    6   13    6
 0.09161128629139625   13    7    1    1
 0.09280309341857698   13    7    2    2
 0.001638854521664594   13    7    3    1
 0.07458446059770335   13    7    3    3
 0.08652695885681003   13    7    4    4
 0.07771431654575395   13    7    5    5
 0.07880528915060131   13    7    6    6
 0.08788497831813451   13    7    7    7
 -0.002777397561727279   13    7    8    2
 0.08175167107883197   13    7    8    8
 0.0229480847901354   13    7    9    1
 -0.04707065155137094   13    7    9    3
 0.07022590280976228   13    7    9    9
 -0.0682300067871366   13    7   10    4
 0.07359139886214613   13    7   10   10
 -0.05319207181188462   13    7   11    5
 0.06800392114930942   13    7   11   11
 0.05310702720216394   13    7   12    6
 0.06747317974386231   13    7   12   12
 0.06820159262563445   13    7   13    7
 0.00166207654158464   13    8    4    1
 -0.004284371993011642   13    8    4    3
 -0.001561190622639279   13    8    7    2
 0.004996335147935743   13    8    8    7
 0.007314831373445724   13    8    9    4
 -0.001164657448737742   13    8   10    1
 0.007495907020726089   13    8   10    3
 -0.003392054616278016   13    8   10    9
 -0.0007492058824172358   13    8   13    2
 0.007704780160807715   13    8   13    8
 -0.01850468571483752   13    9    4    2
 0.0189358712302898   13    9    7    1
 -0.009404575070806656   13    9    7    3
 0.01106256908477428   13    9    8    4
 0.004904527137395844   13    9    9    7
 0.005990325923391517   13    9   10    2
 -0.004194944882595909   13    9   10    8
 0.005716212753841363   13    9   13    1
 -0.002638875426471907   13    9   13    3
 0.01512830956719563   13    9   13    9
 0.2044565004325218   13   10    2    1
 0.0209195816705571   13   10    3    2
 -0.1843368977234932   13   10    6    5
 -0.2083318883004766   13   10    7    4
 -0.001705948791742734   13   10    8    1
 0.1794807700321157   13   10    8    3
 0.02784505281250801   13   10    9    2
 -0.08022679019255624   13   10    9    8
 0.07380559042374636   13   10   10    7
 0.06769064852308672   13   10   11    6
 -0.06374380655257392   13   10   12    5
 0.1648601585477894   13   10   12   11
 -0.0692998310278793   13   10   13    4
 0.1886430529167552   13   10   13   10
 -0.01199749528849166   13   11    6    4
 -0.01199749528849166   13   11    7    5
 0.003057470950329803   13   11   10    6
 0.003057470950329805   13   11   11    7
 -0.00277801223765271   13   11   12    4
 0.0118914471844829   13   11   12   10
 -0.002778012237652707   13   11   13    5
 0.0118914471844829   13   11   13   11
 0.01218051752306067   13   12    5    4
 0.01227523007775667   13   12    7    6
 -0.002702986734962388   13   12   10    5
 -0.002702986734962388   13   12   11    4
 0.01221517221262719   13   12   11   10
 0.002627790377851774   13   12   12    7
 0.002627790377851769   13   12   13    6
 0.0123415411566473   13   12   13   12
 0.3599520542780109   13   13    1    1
 0.3606012831755164   13   13    2    2
 -0.0058250091029202   13   13    3    1
 0.3361442089492506   13   13    3    3
 0.3617911177175555   13   13    4    4
 0.3374300826714341   13   13    5    5
 0.3387896095306608   13   13    6    6
 0.3633400696861742   13   13    7    7
 -0.011132615032792   13   13    8    2
 0.3447305239489658   13   13    8    8
 0.02440848687412126   13   13    9    1
 -0.05507743755126445   13   13    9    3
 0.3346089011683566   13   13    9    9
 -0.07299328217855064   13   13   10    4
 0.3418534903282401   13   13   10   10
 -0.06758730870862592   13   13   11    5
 0.3174231459029856   13   13   11   11
 0.06747317974386229   13   13   12    6
 0.3164863511821324   13   13   12   12
 0.07272876049956579   13   13   13    7
 0.3411694334954271   13   13   13   13
 0.05399057758158767   14    1    2    1
 0.0185663963795257   14    1    3    2
 -0.04636617296238545   14    1    6    5
 -0.04636617296238546   14    1    7    4
 0.01276308894978974   14    1    8    1
 0.04516442647730935   14    1    8    3
 0.001301015798553568   14    1    9    2
 -0.03071403516218921   14    1    9    8
 0.0368063772641129   14    1   10    7
 0.03680637726411289   14    1   11    6
 -0.03602648118942751   14    1   12    5
 0.03930356558742647   14    1   12   11
 -0.03602648118942751   14    1   13    4
 0.03930356558742645   14    1   13   10
 0.0323268345965757   14    1   14    1
 0.059964793677146   14    2    1    1
 0.06199755307482605   14    2    2    2
 0.01612858468088676   14    2    3    1
 0.05140693109008566   14    2    3    3
 0.05235657540195312   14    2    4    4
 0.05235657540195312   14    2    5    5
 0.05310802257406125   14    2    6    6
 0.05310802257406127   14    2    7    7
 0.01428611458080103   14    2    8    2
 0.05336818064261374   14    2    8    8
 0.002294730693766477   14    2    9    1
 -0.02925511161656763   14    2    9    3
 0.04004089851292021   14    2    9    9
 -0.03830336746458121   14    2   10    4
 0.04544619227816445   14    2   10   10
 -0.03830336746458121   14    2   11    5
 0.04544619227816444   14    2   11   11
 0.03831856807301045   14    2   12    6
 0.04489877041400075   14    2   12   12
 0.03831856807301046   14    2   13    7
 0.04489877041400073   14    2   13   13
 0.03577456900469214   14    2   14    2
 0.05730940689462003   14    3    2    1
 0.01061772487292792   14    3    3    2
 -0.04809811841777494   14    3    6    5
 -0.04809811841777496   14    3    7    4
 0.004032284933553803   14    3    8    1
 0.05269076536898636   14    3    8    3
 0.002538775004831288   14    3    9    2
 -0.03863507721780176   14    3    9    8
 0.03609008676350704   14    3   10    7
 0.03609008676350701   14    3   11    6
 -0.03527339796791135   14    3   12    5
 0.0410886345610145   14    3   12   11
 -0.03527339796791137   14    3   13    4
 0.04108863456101453   14    3   13   10
 0.03313155649162906   14    3   14    1
 0.04083442614126927   14    3   14    3
 0.006960759840674619   14    4    4    2
 -0.006838858787854915   14    4    7    1
 -0.003202630708875667   14    4    7    3
 0.002442858080522596   14    4    8    4
 -0.001313770106945532   14    4    9    7
 -0.01321052372094444   14    4   10    2
 -0.004635380743563957   14    4   10    8
 -0.01299070302754036   14    4   13    1
 -0.005351915297716772   14    4   13    3
 0.001193679807804169   14    4   13    9
 0.01354095576865986   14    4   14    4
 0.006960759840674619   14    5    5    2
 -0.006838858787854912   14    5    6    1
 -0.003202630708875666   14    5    6    3
 0.002442858080522596   14    5    8    5
 -0.001313770106945532   14    5    9    6
 -0.01321052372094444   14    5   11    2
 -0.004635380743563957   14    5   11    8
 -0.01299070302754036   14    5   12    1
 -0.005351915297716774   14    5   12    3
 0.001193679807804168   14    5   12    9
 0.01354095576865986   14    5   14    5
 -0.006132735197008721   14    6    5    1
 -0.003476381170843154   14    6    5    3
 0.006492666773047489   14    6    6    2
 0.002715349450092564   14    6    8    6
 -0.001755845320335191   14    6    9    5
 0.01330908028862462   14    6   11    1
 0.005058938786070053   14    6   11    3
 -0.002038996982401711   14    6   11    9
 0.01357114387648955   14    6   12    2
 0.00457332374448934   14    6   12    8
 0.01395049983542608   14    6   14    6
 -0.006132735197008732   14    7    4    1
 -0.003476381170843156   14    7    4    3
 0.006492666773047502   14    7    7    2
 0.002715349450092567   14    7    8    7
 -0.001755845320335191   14    7    9    4
 0.01330908028862463   14    7   10    1
 0.005058938786070054   14    7   10    3
 -0.002038996982401709   14    7   10    9
 0.01357114387648955   14    7   13    2
 0.004573323744489339   14    7   13    8
 0.01395049983542608   14    7   14    7
 0.06275257858962409   14    8    1    1
 0.06373151426001886   14    8    2    2
 0.005099411792433996   14    8    3    1
 0.05881114105889296   14    8    3    3
 0.05353905604357817   14    8    4    4
 0.05353905604357818   14    8    5    5
 0.05414210086164663   14    8    6    6
 0.05414210086164665   14    8    7    7
 0.003436335425332402   14    8    8    2
 0.06189300195899238   14    8    8    8
 0.003111574325769996   14    8    9    1
 -0.03269368180865752   14    8    9    3
 0.05445675037296038   14    8    9    9
 -0.03441207922801894   14    8   10    4
 0.04740304614558147   14    8   10   10
 -0.03441207922801891   14    8   11    5
 0.04740304614558142   14    8   11   11
 0.03455147913334292   14    8   12    6
 0.04670104995343127   14    8   12   12
 0.03455147913334294   14    8   13    7
 0.04670104995343128   14    8   13   13
 0.03416627985007244   14    8   14    2
 0.03993491746319543   14    8   14    8
 -0.06281252068181921   14    9    2    1
 -0.02257559199926331   14    9    3    2
 0.05401937326563176   14    9    6    5
 0.05401937326563176   14    9    7    4
 -0.01566684400005421   14    9    8    1
 -0.06645914315994353   14    9    8    3
 -0.003848156696549872   14    9    9    2
 0.03039443965531639   14    9    9    8
 -0.02364419456356354   14    9   10    7
 -0.02364419456356351   14    9   11    6
 0.02251063528432106   14    9   12    5
 -0.04921950776483754   14    9   12   11
 0.02251063528432107   14    9   13    4
 -0.04921950776483761   14    9   13   10
 -0.01763175256124197   14    9   14    1
 -0.01806811018709274   14    9   14    3
 0.02770881058821145   14    9   14    9
 -0.0339131638334698   14   10    4    2
 0.03361230679098249   14   10    7    1
 0.009112147665630739   14   10    7    3
 -0.007059741769910112   14   10    8    4
 -0.0009056477288437399   14   10    9    7
 0.009696570098193405   14   10   10    2
 0.001093640387604964   14   10   10    8
 0.008858468196027629   14   10   13    1
 0.002306598216128822   14   10   13    3
 0.004990968237059724   14   10   13    9
 -0.001790835736472231   14   10   14    4
 0.02693807067495347   14   10   14   10
 -0.0339131638334698   14   11    5    2
 0.03361230679098248   14   11    6    1
 0.009112147665630739   14   11    6    3
 -0.007059741769910112   14   11    8    5
 -0.0009056477288437411   14   11    9    6
 0.009696570098193405   14   11   11    2
 0.001093640387604963   14   11   11    8
 0.008858468196027633   14   11   12    1
 0.002306598216128823   14   11   12    3
 0.004990968237059717   14   11   12    9
 -0.001790835736472229   14   11   14    5
 0.02693807067495347   14   11   14   11
 -0.03559944465087421   14   12    5    1
 -0.008526905336097146   14   12    5    3
 0.03619234973853127   14   12    6    2
 0.006716451787316862   14   12    8    6
 0.001979127779220118   14   12    9    5
 0.008696478673393435   14   12   11    1
 0.003136856174001311   14   12   11    3
 0.007080330620612857   14   12   11    9
 0.008512675484928787   14   12   12    2
 0.001096840862133469   14   12   12    8
 0.001070081205833637   14   12   14    6
 0.02901939635239088   14   12   14   12
 -0.0355994446508742   14   13    4    1
 -0.008526905336097148   14   13    4    3
 0.03619234973853128   14   13    7    2
 0.006716451787316861   14   13    8    7
 0.001979127779220121   14   13    9    4
 0.008696478673393428   14   13   10    1
 0.003136856174001311   14   13   10    3
 0.007080330620612859   14   13   10    9
 0.008512675484928778   14   13   13    2
 0.001096840862133469   14   13   13    8
 0.001070081205833647   14   13   14    7
 0.02901939635239088   14   13   14   13
 0.3422820350432838   14   14    1    1
 0.3472343573353646   14   14    2    2
 0.04203116330215149   14   14    3    1
 0.3361787141576232   14   14    3    3
 0.3262336820425343   14   14    4    4
 0.3262336820425343   14   14    5    5
 0.3278338610994895   14   14    6    6
 0.3278338610994895   14   14    7    7
 0.03886706694208773   14   14    8    2
 0.3416121134265968   14   14    8    8
 0.008843904680259073   14   14    9    1
 -0.05596873860841854   14   14    9    3
 0.2932126267188818   14   14    9    9
 -0.06086432179248126   14   14   10    4
 0.3048183532435732   14   14   10   10
 -0.06086432179248126   14   14   11    5
 0.3048183532435732   14   14   11   11
 0.06005439076880375   14   14   12    6
 0.3051223224456598   14   14   12   12
 0.0600543907688038   14   14   13    7
 0.3051223224456598   14   14   13   13
 0.04747241937858265   14   14   14    2
 0.04211119469813721   14   14   14    8
 0.3413947454530278   14   14   14   14
 -0.06818110670140463   15    1    1    1
 -0.06988175596100012   15    1    2    2
 -0.01056838589289737   15    1    3    1
 -0.05731603047029869   15    1    3    3
 -0.05921261852215621   15    1    4    4
 -0.05921261852215621   15    1    5    5
 -0.06010138266460793   15    1    6    6
 -0.06010138266460795   15    1    7    7
 -0.007815285661205399   15    1    8    2
 -0.06133495650182109   15    1    8    8
 -0.009972226409905215   15    1    9    1
 0.0363138999528267   15    1    9    3
 -0.04858976210296741   15    1    9    9
 0.04436103741504461   15    1   10    4
 -0.05130855443055943   15    1   10   10
 0.0443610374150446   15    1   11    5
 -0.05130855443055943   15    1   11   11
 -0.04433946623602197   15    1   12    6
 -0.05076257256207003   15    1   12   12
 -0.04433946623602197   15    1   13    7
 -0.05076257256207001   15    1   13   13
 -0.03603626552596672   15    1   14    2
 -0.03429140242497086   15    1   14    8
 -0.0495293184186087   15    1   14   14
 0.03841017154785224   15    1   15    1
 -0.06876797198496479   15    2    2    1
 -0.01422553886103246   15    2    3    2
 0.05922935245126228   15    2    6    5
 0.05922935245126228   15    2    7    4
 -0.006362561611713959   15    2    8    1
 -0.05828850846539004   15    2    8    3
 -0.008744339537958123   15    2    9    2
 0.04200046782637366   15    2    9    8
 -0.04609187761833002   15    2   10    7
 -0.04609187761833   15    2   11    6
 0.04509044657481957   15    2   12    5
 -0.05038439858319745   15    2   12   11
 0.04509044657481956   15    2   13    4
 -0.05038439858319745   15    2   13   10
 -0.03556385507257037   15    2   14    1
 -0.03691013088827141   15    2   14    3
 0.02049253034697662   15    2   14    9
 0.04116004446543145   15    2   15    2
 -0.04578337147600076   15    3    1    1
 -0.04662536438642573   15    3    2    2
 -0.006591239806258795   15    3    3    1
 -0.04330836373661066   15    3    3    3
 -0.03963397365617565   15    3    4    4
 -0.03963397365617566   15    3    5    5
 -0.03998511127311594   15    3    6    6
 -0.03998511127311595   15    3    7    7
 -0.006018151921780583   15    3    8    2
 -0.04372894299692788   15    3    8    8
 0.004314162285999242   15    3    9    1
 0.01859646913408825   15    3    9    3
 -0.03977278957290445   15    3    9    9
 0.02402545030762296   15    3   10    4
 -0.03529102899273997   15    3   10   10
 0.02402545030762297   15    3   11    5
 -0.03529102899273998   15    3   11   11
 -0.02425578379443665   15    3   12    6
 -0.03454569757659054   15    3   12   12
 -0.02425578379443664   15    3   13    7
 -0.03454569757659052   15    3   13   13
 -0.02851543420297807   15    3   14    2
 -0.0328292065632463   15    3   14    8
 -0.03103956891664283   15    3   14   14
 0.02675844143953268   15    3   15    1
 0.02913758342851215   15    3   15    3
 -0.00685482564936015   15    4    4    1
 -0.002558993519562162   15    4    4    3
 0.007240332188297938   15    4    7    2
 0.001454445340942584   15    4    8    7
 -0.00474670792313681   15    4    9    4
 0.01602324395823652   15    4   10    1
 0.003255537014786575   15    4   10    3
 -0.001585520246661655   15    4   10    9
 0.01618926586211812   15    4   13    2
 0.002669010552715155   15    4   13    8
 0.01495424006319419   15    4   14    7
 0.0002314710723039317   15    4   14   13
 0.01685220224566583   15    4   15    4
 -0.00685482564936015   15    5    5    1
 -0.002558993519562163   15    5    5    3
 0.007240332188297936   15    5    6    2
 0.001454445340942583   15    5    8    6
 -0.004746707923136811   15    5    9    5
 0.01602324395823652   15    5   11    1
 0.003255537014786575   15    5   11    3
 -0.001585520246661654   15    5   11    9
 0.01618926586211812   15    5   12    2
 0.002669010552715156   15    5   12    8
 0.01495424006319419   15    5   14    6
 0.000231471072303933   15    5   14   12
 0.01685220224566583   15    5   15    5
 0.008530521684446681   15    6    5    2
 -0.008450623949278353   15    6    6    1
 -0.002168246299429754   15    6    6    3
 0.00111450652213463   15    6    8    5
 -0.004054950050118675   15    6    9    6
 -0.01595380583821322   15    6   11    2
 -0.002850219419362164   15    6   11    8
 -0.01579221912471793   15    6   12    1
 -0.00384098568672227   15    6   12    3
 0.0001236929191074499   15    6   12    9
 0.01456988123764154   15    6   14    5
 -0.001533064944109036   15    6   14   11
 0.01643975534229209   15    6   15    6
 0.008530521684446691   15    7    4    2
 -0.008450623949278369   15    7    7    1
 -0.002168246299429756   15    7    7    3
 0.001114506522134631   15    7    8    4
 -0.004054950050118675   15    7    9    7
 -0.01595380583821322   15    7   10    2
 -0.002850219419362165   15    7   10    8
 -0.01579221912471793   15    7   13    1
 -0.003840985686722269   15    7   13    3
 0.0001236929191074511   15    7   13    9
 0.01456988123764154   15    7   14    4
 -0.001533064944109041   15    7   14   10
 0.01643975534229209   15    7   15    7
 -0.02823103039548302   15    8    2    1
 -0.01020580359540202   15    8    3    2
 0.0228118383517778   15    8    6    5
 0.0228118383517778   15    8    7    4
 -0.007247852722294075   15    8    8    1
 -0.02564753842815589   15    8    8    3
 0.005658580216665159   15    8    9    2
 0.01898536300270084   15    8    9    8
 -0.02071828356890073   15    8   10    7
 -0.02071828356890072   15    8   11    6
 0.02037621994421361   15    8   12    5
 -0.01917814402349571   15    8   12   11
 0.02037621994421361   15    8   13    4
 -0.0191781440234957   15    8   13   10
 -0.02465548537447622   15    8   14    1
 -0.0306816094115132   15    8   14    3
 0.01001674320786293   15    8   14    9
 0.02534598742841504   15    8   15    2
 0.02581911850203453   15    8   15    8
 -0.001923559246123065   15    9    1    1
 0.00083914239828215   15    9    2    2
 0.02871029706654743   15    9    3    1
 0.004138171942283458   15    9    3    3
 -0.004419146007739398   15    9    4    4
 -0.004419146007739394   15    9    5    5
 -0.0041242031786176   15    9    6    6
 -0.004124203178617602   15    9    7    7
 0.02916070831064328   15    9    8    2
 0.003412634338067098   15    9    8    8
 -0.006045971648785403   15    9    9    1
 -0.009108487082733348   15    9    9    3
 -0.01786695887208063   15    9    9    9
 -0.005133049250779655   15    9   10    4
 -0.003660831387116478   15    9   10   10
 -0.00513304925077965   15    9   11    5
 -0.003660831387116504   15    9   11   11
 0.004792349725943622   15    9   12    6
 -0.003055230259117575   15    9   12   12
 0.004792349725943628   15    9   13    7
 -0.003055230259117552   15    9   13   13
 0.009065386651326651   15    9   14    2
 0.005078088534856399   15    9   14    8
 0.02620323749761126   15    9   14   14
 -0.007537200153459629   15    9   15    1
 -0.003860129960440792   15    9   15    3
 0.01775246100967494   15    9   15    9
 0.04283423560957253   15   10    4    1
 0.005720930638896177   15   10    4    3
 -0.04331696926370457   15   10    7    2
 -0.003440012739064284   15   10    8    7
 -0.001174520533339049   15   10    9    4
 -0.01061485363137561   15   10   10    1
 -0.002980219838492443   15   10   10    3
 -0.01262852084555534   15   10   10    9
 -0.01044738120844387   15   10   13    2
 -0.0002470046212336376   15   10   13    8
 -0.0008430147519213423   15   10   14    7
 -0.0316853642014048   15   10   14   13
 -0.0001448563743648621   15   10   15    4
 0.03596241444810117   15   10   15   10
 0.04283423560957253   15   11    5    1
 0.005720930638896177   15   11    5    3
 -0.04331696926370457   15   11    6    2
 -0.003440012739064284   15   11    8    6
 -0.001174520533339048   15   11    9    5
 -0.01061485363137561   15   11   11    1
 -0.002980219838492442   15   11   11    3
 -0.01262852084555534   15   11   11    9
 -0.01044738120844388   15   11   12    2
 -0.0002470046212336378   15   11   12    8
 -0.0008430147519213309   15   11   14    6
 -0.03168536420140482   15   11   14   12
 -0.0001448563743648621   15   11   15    5
 0.03596241444810117   15   11   15   11
 0.04109454218530632   15   12    5    2
 -0.0409055846920891   15   12    6    1
 -0.006809544007848631   15   12    6    3
 0.004178655439440924   15   12    8    5
 -0.0003306155995920768   15   12    9    6
 -0.01160028788556931   15   12   11    2
 9.520410158890419e-05   15   12   11    8
 -0.01063472204081651   15   12   12    1
 -0.001618438262180227   15   12   12    3
 -0.009748627984526413   15   12   12    9
 0.001196727266792742   15   12   14    5
 -0.02991089020662444   15   12   14   11
 0.001174741411049883   15   12   15    6
 0.03447147866845999   15   12   15   12
 0.04109454218530631   15   13    4    2
 -0.0409055846920891   15   13    7    1
 -0.006809544007848631   15   13    7    3
 0.004178655439440924   15   13    8    4
 -0.0003306155995920802   15   13    9    7
 -0.01160028788556931   15   13   10    2
 9.520410158890354e-05   15   13   10    8
 -0.0106347220408165   15   13   13    1
 -0.001618438262180226   15   13   13    3
 -0.009748627984526411   15   13   13    9
 0.001196727266792747   15   13   14    4
 -0.02991089020662444   15   13   14   10
 0.001174741411049893   15   13   15    7
 0.03447147866845998   15   13   15   13
 -0.1995834708047534   15   14    2    1
 -0.06131484807669821   15   14    3    2
 0.1852120142171943   15   14    6    5
 0.1852120142171943   15   14    7    4
 -0.04047585009125113   15   14    8    1
 -0.1883656700100362   15   14    8    3
 -0.01006832551576476   15   14    9    2
 0.06931887307868986   15   14    9    8
 -0.05692918720553888   15   14   10    7
 -0.05692918720553884   15   14   11    6
 0.05280133974913297   15   14   12    5
 -0.1647565536634086   15   14   12   11
 0.05280133974913295   15   14   13    4
 -0.1647565536634086   15   14   13   10
 -0.03921129680317789   15   14   14    1
 -0.03502628786065013   15   14   14    3
 0.06618175240223834   15   14   14    9
 0.04561591305042271   15   14   15    2
 0.01617838015725539   15   14   15    8
 0.200369180604489   15   14   15   14
 0.3412338661643795   15   15    1    1
 0.3451450621903437   15   15    2    2
 0.03144946928635222   15   15    3    1
 0.3312104760795153   15   15    3    3
 0.3272644748410537   15   15    4    4
 0.3272644748410537   15   15    5    5
 0.3287373270424457   15   15    6    6
 0.3287373270424457   15   15    7    7
 0.0281266813592825   15   15    8    2
 0.3365894761554865   15   15    8    8
 0.01001899992912444   15   15    9    1
 -0.05040511157611299   15   15    9    3
 0.2964356268759359   15   15    9    9
 -0.05722434865651759   15   15   10    4
 0.3053229256117633   15   15   10   10
 -0.0572243486565176   15   15   11    5
 0.3053229256117634   15   15   11   11
 0.05650746889435536   15   15   12    6
 0.3054642716962649   15   15   12   12
 0.05650746889435537   15   15   13    7
 0.3054642716962649   15   15   13   13
 0.04320413995331383   15   15   14    2
 0.03910720815107303   15   15   14    8
 0.3292062391345389   15   15   14   14
 -0.04550419565347229   15   15   15    1
 -0.02909864640980087   15   15   15    3
 0.01849558529417065   15   15   15    9
 0.3206571728966996   15   15   15   15
 -0.0488274924394432   16    1    2    1
 0.0107877646196142   16    1    3    2
 0.04223578379935081   16    1    6    5
 0.04223578379935082   16    1    7    4
 0.01757174041956194   16    1    8    1
 -0.04254005154767426   16    1    8    3
 -0.02568594758183128   16    1    9    2
 0.03901754709169081   16    1    9    8
 -0.03301480945290553   16    1   10    7
 -0.03301480945290552   16    1   11    6
 0.03230313926886384   16    1   12    5
 -0.03652494097833444   16    1   12   11
 0.03230313926886382   16    1   13    4
 -0.03652494097833445   16    1   13   10
 -0.011696053725266   16    1   14    1
 -0.01196050457554905   16    1   14    3
 0.01068135021871694   16    1   14    9
 0.01989794116836969   16    1   15    2
 0.001167099868628891   16    1   15    8
 0.02336643905172971   16    1   15   14
 0.02936309474128392   16    1   16    1
 -0.04473555888611978   16    2    1    1
 -0.04443856063203655   16    2    2    2
 0.01173964272323036   16    2    3    1
 -0.0347133169924656   16    2    3    3
 -0.03793380084361635   16    2    4    4
 -0.03793380084361635   16    2    5    5
 -0.03864181712373757   16    2    6    6
 -0.03864181712373758   16    2    7    7
 0.01535844852960184   16    2    8    2
 -0.04227748401390247   16    2    8    8
 -0.02642083966372697   16    2    9    1
 0.03348139731616946   16    2    9    3
 -0.03882242278902193   16    2    9    9
 0.03164646508598865   16    2   10    4
 -0.03273695564473405   16    2   10   10
 0.03164646508598865   16    2   11    5
 -0.03273695564473405   16    2   11   11
 -0.03148282983596898   16    2   12    6
 -0.03266731701612964   16    2   12   12
 -0.03148282983596898   16    2   13    7
 -0.03266731701612962   16    2   13   13
 -0.011590038192645   16    2   14    2
 -0.01056539753305641   16    2   14    8
 -0.02234551976102853   16    2   14   14
 0.01875062533521949   16    2   15    1
 0.002348030953071773   16    2   15    3
 0.001394035035851608   16    2   15    9
 -0.02145891749699618   16    2   15   15
 0.02761703552383664   16    2   16    2
 0.05242191850337235   16    3    2    1
 -0.001981699263338533   16    3    3    2
 -0.04402759462584178   16    3    6    5
 -0.04402759462584179   16    3    7    4
 -0.009061216565353455   16    3    8    1
 0.04913954273565371   16    3    8    3
 0.02241749544373057   16    3    9    2
 -0.04773890450542011   16    3    9    8
 0.03412959637838881   16    3   10    7
 0.0341295963783888   16    3   11    6
 -0.03336600194642437   16    3   12    5
 0.03868079178667015   16    3   12   11
 -0.03336600194642438   16    3   13    4
 0.03868079178667016   16    3   13   10
 0.01679829050448969   16    3   14    1
 0.02133033406840558   16    3   14    3
 -0.016186666745244   16    3   14    9
 -0.0247376276720294   16    3   15    2
 -0.008470191912975775   16    3   15    8
 -0.03089700323505814   16    3   15   14
 -0.02867188507567048   16    3   16    1
 0.03540250620112544   16    3   16    3
 -0.004875779855548926   16    4    4    2
 0.004959180323870748   16    4    7    1
 -0.002166884049625733   16    4    7    3
 0.003187025820418405   16    4    8    4
 0.009971872797588759   16    4    9    7
 0.01125306164980946   16    4   10    2
 -0.005796086995595679   16    4   10    8
 0.01147339496130138   16    4   13    1
 -0.004845567871250439   16    4   13    3
 0.00233785125554704   16    4   13    9
 -0.005520095879030773   16    4   14    4
 -0.00113639086082281   16    4   14   10
 -0.008701130185570572   16    4   15    7
 0.0007929290129723318   16    4   15   13
 0.01243098880651303   16    4   16    4
 -0.004875779855548926   16    5    5    2
 0.004959180323870745   16    5    6    1
 -0.002166884049625731   16    5    6    3
 0.003187025820418404   16    5    8    5
 0.009971872797588757   16    5    9    6
 0.01125306164980946   16    5   11    2
 -0.005796086995595679   16    5   11    8
 0.01147339496130138   16    5   12    1
 -0.004845567871250441   16    5   12    3
 0.002337851255547041   16    5   12    9
 -0.005520095879030773   16    5   14    5
 -0.001136390860822809   16    5   14   11
 -0.008701130185570572   16    5   15    6
 0.0007929290129723305   16    5   15   12
 0.01243098880651303   16    5   16    5
 0.003424408380558409   16    6    5    1
 -0.001495399918504136   16    6    5    3
 -0.003642503944289305   16    6    6    2
 0.002843327235019763   16    6    8    6
 0.0110722620047821   16    6    9    5
 -0.01210099050017122   16    6   11    1
 0.005713339831943485   16    6   11    3
 -0.0003803135082289135   16    6   11    9
 -0.01177485977964248   16    6   12    2
 0.006098253276843496   16    6   12    8
 -0.006032207376728902   16    6   14    6
 0.002269416139031243   16    6   14   12
 -0.009440368842536838   16    6   15    5
 -0.002041383297547481   16    6   15   11
 0.0134827142459421   16    6   16    6
 0.003424408380558418   16    7    4    1
 -0.001495399918504138   16    7    4    3
 -0.003642503944289316   16    7    7    2
 0.002843327235019767   16    7    8    7
 0.0110722620047821   16    7    9    4
 -0.01210099050017122   16    7   10    1
 0.005713339831943484   16    7   10    3
 -0.0003803135082289189   16    7   10    9
 -0.01177485977964247   16    7   13    2
 0.006098253276843495   16    7   13    8
 -0.006032207376728902   16    7   14    7
 0.002269416139031242   16    7   14   13
 -0.009440368842536838   16    7   15    4
 -0.00204138329754748   16    7   15   10
 0.0134827142459421   16    7   16    7
 0.06178928566670681   16    8    1    1
 0.06237210873916266   16    8    2    2
 -0.005173392876353718   16    8    3    1
 0.05281783228210105   16    8    3    3
 0.05183047073111981   16    8    4    4
 0.05183047073111981   16    8    5    5
 0.05281737683346782   16    8    6    6
 0.05281737683346782   16    8    7    7
 -0.009555635764941509   16    8    8    2
 0.06276775709675109   16    8    8    8
 0.02929396999236263   16    8    9    1
 -0.05166498021071664   16    8    9    3
 0.0508925314915552   16    8    9    9
 -0.04002671950737948   16    8   10    4
 0.04530908119084659   16    8   10   10
 -0.04002671950737946   16    8   11    5
 0.04530908119084654   16    8   11   11
 0.03965155383582636   16    8   12    6
 0.04553021816085809   16    8   12   12
 0.03965155383582636   16    8   13    7
 0.04553021816085812   16    8   13   13
 0.02040382511349662   16    8   14    2
 0.02372252871120739   16    8   14    8
 0.03976702124456529   16    8   14   14
 -0.02795598127827365   16    8   15    1
 -0.01130391189821435   16    8   15    3
 0.003805410374129797   16    8   15    9
 0.03629719907070621   16    8   15   15
 -0.0322161988614601   16    8   16    2
 0.04618283318705849   16    8   16    8
 -0.1767865005443222   16    9    2    1
 0.01819295332714625   16    9    3    2
 0.1613682208380817   16    9    6    5
 0.1613682208380817   16    9    7    4
 0.03966735634110675   16    9    8    1
 -0.1707331907464334   16    9    8    3
 -0.03899456325110807   16    9    9    2
 0.08223337298260305   16    9    9    8
 -0.06096777412678502   16    9   10    7
 -0.06096777412678493   16    9   11    6
 0.0576115569469934   16    9   12    5
 -0.1425967698744865   16    9   12   11
 0.05761155694699342   16    9   13    4
 -0.1425967698744866   16    9   13   10
 -0.02703482278031865   16    9   14    1
 -0.03788467328126829   16    9   14    3
 0.03962870719272495   16    9   14    9
 0.04034096695830142   16    9   15    2
 0.01623390687363649   16    9   15    8
 0.1163666189341543   16    9   15   14
 0.04099440797419254   16    9   16    1
 -0.04030854369631719   16    9   16    3
 0.1576725460312745   16    9   16    9
 0.02974664234899518   16   10    4    2
 -0.03013031077204146   16   10    7    1
 0.007595450040076465   16   10    7    3
 -0.009925818625980872   16   10    8    4
 -0.004001768889962796   16   10    9    7
 -0.008716517675792785   16   10   10    2
 0.003320751150468268   16   10   10    8
 -0.008136750285414619   16   10   13    1
 0.00132169002947102   16   10   13    3
 -0.0180244451820603   16   10   13    9
 -0.0006956859029737302   16   10   14    4
 -0.01319309208250087   16   10   14   10
 7.312106991299834e-05   16   10   15    7
 0.01928352877782546   16   10   15   13
 -0.00100175847165242   16   10   16    4
 0.02373502917921613   16   10   16   10
 0.02974664234899518   16   11    5    2
 -0.03013031077204146   16   11    6    1
 0.007595450040076467   16   11    6    3
 -0.009925818625980874   16   11    8    5
 -0.004001768889962789   16   11    9    6
 -0.008716517675792785   16   11   11    2
 0.003320751150468266   16   11   11    8
 -0.008136750285414622   16   11   12    1
 0.001321690029471018   16   11   12    3
 -0.01802444518206031   16   11   12    9
 -0.0006956859029737283   16   11   14    5
 -0.01319309208250086   16   11   14   11
 7.312106991299584e-05   16   11   15    6
 0.01928352877782546   16   11   15   12
 -0.001001758471652418   16   11   16    5
 0.02373502917921613   16   11   16   11
 0.03343179983876761   16   12    5    1
 -0.00893554967648928   16   12    5    3
 -0.03309789742548296   16   12    6    2
 0.01090478435983792   16   12    8    6
 0.001664564253448334   16   12    9    5
 -0.00736289434039714   16   12   11    1
 -0.0002938182234741337   16   12   11    3
 -0.02229666429397477   16   12   11    9
 -0.007408701572448417   16   12   12    2
 0.002656220420267523   16   12   12    8
 0.00167211899278086   16   12   14    6
 -0.01567851203739983   16   12   14   12
 0.001622119940128997   16   12   15    5
 0.02224388270790825   16   12   15   11
 -0.000911275242702878   16   12   16    6
 0.02784523593982048   16   12   16   12
 0.03343179983876761   16   13    4    1
 -0.008935549676489279   16   13    4    3
 -0.03309789742548296   16   13    7    2
 0.01090478435983792   16   13    8    7
 0.001664564253448336   16   13    9    4
 -0.007362894340397137   16   13   10    1
 -0.0002938182234741322   16   13   10    3
 -0.02229666429397477   16   13   10    9
 -0.007408701572448409   16   13   13    2
 0.002656220420267523   16   13   13    8
 0.001672118992780854   16   13   14    7
 -0.01567851203739983   16   13   14   13
 0.001622119940128997   16   13   15    4
 0.02224388270790826   16   13   15   10
 -0.0009112752427028679   16   13   16    7
 0.02784523593982047   16   13   16   13
 0.003600611875373723   16   14    1    1
 0.004374950018226837   16   14    2    2
 0.007385729947138687   16   14    3    1
 0.01088079803844423   16   14    3    3
 -0.0005797890245634973   16   14    4    4
 -0.0005797890245635052   16   14    5    5
 -0.0004586266364300136   16   14    6    6
 -0.0004586266364300027   16   14    7    7
 0.007524989294133623   16   14    8    2
 0.01169487984345083   16   14    8    8
 0.001648195901003765   16   14    9    1
 -0.00901365018926337   16   14    9    3
 0.005060552502326755   16   14    9    9
 -0.006047537750292998   16   14   10    4
 0.0006679841275350559   16   14   10   10
 -0.006047537750292986   16   14   11    5
 0.0006679841275350347   16   14   11   11
 0.006059268543006028   16   14   12    6
 0.0006543047829434046   16   14   12   12
 0.006059268543006041   16   14   13    7
 0.000654304782943423   16   14   13   13
 0.004643814558857272   16   14   14    2
 0.004406651876240409   16   14   14    8
 0.01403869734058504   16   14   14   14
 -0.005228033675393563   16   14   15    1
 -0.002201723539384583   16   14   15    3
 0.008339753172737698   16   14   15    9
 0.009480765156671473   16   14   15   15
 -0.003791786823627751   16   14   16    2
 0.007284628351112684   16   14   16    8
 0.006936829923083003   16   14   16   14
 0.04352311138957034   16   15    2    1
 -0.01260623249429799   16   15    3    2
 -0.04391464982359394   16   15    6    5
 -0.04391464982359393   16   15    7    4
 -0.017708952327115   16   15    8    1
 0.03391190215299088   16   15    8    3
 0.009982047949116297   16   15    9    2
 -0.01407083652918571   16   15    9    8
 0.01108461136502834   16   15   10    7
 0.01108461136502835   16   15   11    6
 -0.01012359970773239   16   15   12    5
 0.03728857186137209   16   15   12   11
 -0.01012359970773237   16   15   13    4
 0.03728857186137204   16   15   13   10
 0.003003454102733401   16   15   14    1
 0.005945116229475039   16   15   14    3
 -0.000861896235854641   16   15   14    9
 -0.005863332264032308   16   15   15    2
 -0.002162550084946642   16   15   15    8
 -0.01928837616175057   16   15   15   14
 -0.007641326597467979   16   15   16    1
 0.004901412617474622   16   15   16    3
 -0.03863017295371643   16   15   16    9
 0.01667521559037858   16   15   16   15
 0.3734516874255841   16   16    1    1
 0.3691087261611242   16   16    2    2
 -0.05584497752669828   16   16    3    1
 0.3658069875595875   16   16    3    3
 0.3534355179091577   16   16    4    4
 0.3534355179091577   16   16    5    5
 0.3541219569661658   16   16    6    6
 0.3541219569661659   16   16    7    7
 -0.05999950676290148   16   16    8    2
 0.3757635252440154   16   16    8    8
 0.03302202696562914   16   16    9    1
 -0.04685474536213746   16   16    9    3
 0.399070690455274   16   16    9    9
 -0.06143417953501608   16   16   10    4
 0.3321344517722789   16   16   10   10
 -0.06143417953501607   16   16   11    5
 0.3321344517722788   16   16   11   11
 0.06231020430511178   16   16   12    6
 0.329405453540797   16   16   12   12
 0.06231020430511182   16   16   13    7
 0.3294054535407969   16   16   13   13
 0.03306908441634976   16   16   14    2
 0.04762358697008164   16   16   14    8
 0.2802532862604333   16   16   14   14
 -0.04131197711962892   16   16   15    1
 -0.03468514273755968   16   16   15    3
 -0.02311165856233336   16   16   15    9
 0.2866003992036233   16   16   15   15
 -0.03557605353780721   16   16   16    2
 0.04518970454491764   16   16   16    8
 2.57836211370252e-05   16   16   16   14
 0.3913607478361431   16   16   16   16
 -4.244814917873497    1    1  0  0
 -4.243900025321454    2    2  0  0
 0.07349091281693766    3    1  0  0
 -3.659708821098891    3    3  0  0
 -3.654888728861894    4    4  0  0
 -3.654888728861895    5    5  0  0
 -3.664004207817954    6    6  0  0
 -3.664004207817955    7    7  0  0
 0.1309017335920263    8    2  0  0
 -3.719579102457843    8    8  0  0
 -0.2226578849368908    9    1  0  0
 0.5799895618026466    9    3  0  0
 -2.799445926446957    9    9  0  0
 0.7075684016172653   10    4  0  0
 -2.533321189765488   10   10  0  0
 0.707568401617265   11    5  0  0
 -2.533321189765489   11   11  0  0
 -0.7091449125922189   12    6  0  0
 -1.293313197166635e-15   12   11  0  0
 -2.486101776377608   12   12  0  0
 -0.7091449125922192   13    7  0  0
 -1.041195305740514e-15   13   10  0  0
 -2.486101776377606   13   13  0  0
 -0.4156375451080355   14    2  0  0
 -0.5001210069307626   14    8  0  0
 -1.664031498437782e-15   14    9  0  0
 -2.305721085848074   14   14  0  0
 0.4703582585640373   15    1  0  0
 0.3567494265320321   15    3  0  0
 0.001955561182020913   15    9  0  0
 4.155502158020095e-15   15   14  0  0
 -2.275000867601002   15   15  0  0
 0.2945102483723428   16    2  0  0
 -0.4728365529747663   16    8  0  0
 1.951590775388151e-15   16    9  0  0
 -0.04838951337340717   16   14  0  0
 -3.195295725280702e-15   16   15  0  0
 -2.433455789859646   16   16  0  0
 -85.44186746513954  0  0  0  0
