 &FCI NORB=  16,NELEC=10,MS2=0,
  ORBSYM=1,1,1,1,1,1,1,1,1,1,1,1,1,1,1,1
  ISYM=1,
 &END
 0.4311188028719548    1    1    1    1
 0.260104226989778    2    1    2    1
 0.43210383306713    2    2    1    1
 0.434134179997905    2    2    2    2
 -0.009543824077075923    3    1    1    1
 -0.001396632905051748    3    1    2    2
 0.0676045141977334    3    1    3    1
 0.03198465679818299    3    2    2    1
 0.06317805030780745    3    2    3    2
 0.4055548228623336    3    3    1    1
 0.4059149210852331    3    3    2    2
 -0.008219078051726079    3    3    3    1
 0.4080456782985874    3    3    3    3
 0.06700277075911168    4    1    4    1
 0.06455667469221034    4    2    4    2
 0.001224232231687733    4    3    4    1
 0.01620647135831216    4    3    4    3
 0.4067605180642053    4    4    1    1
 0.4078496748425738    4    4    2    2
 -0.007025117060338135    4    4    3    1
 0.374904616309616    4    4    3    3
 0.4082284202361552    4    4    4    4
 0.06700277075911168    5    1    5    1
 0.06455667469221034    5    2    5    2
 0.001224232231687733    5    3    5    1
 0.01620647135831216    5    3    5    3
 0.01626107726104884    5    4    5    4
 0.4067605180642053    5    5    1    1
 0.4078496748425738    5    5    2    2
 -0.007025117060338135    5    5    3    1
 0.374904616309616    5    5    3    3
 0.3757062657140576    5    5    4    4
 0.4082284202361552    5    5    5    5
 -0.06459104916592359    6    1    5    2
 0.06466549434985173    6    1    6    1
 -0.06775491706978166    6    2    5    1
 -0.002344279749738018    6    2    5    3
 0.06861244007825651    6    2    6    2
 -0.003765431330887658    6    3    5    2
 0.002984135336813568    6    3    6    1
 0.01554056950170675    6    3    6    3
 0.01635425546920992    6    4    6    4
 -0.2394535566715885    6    5    2    1
 -0.0282366708802972    6    5    3    2
 0.2442938931765057    6    5    6    5
 0.4095695840646593    6    6    1    1
 0.4108361661578198    6    6    2    2
 -0.006109573654606237    6    6    3    1
 0.3767916686941661    6    6    3    3
 0.3781033951576068    6    6    4    4
 0.4111045931799202    6    6    5    5
 0.4140901224818906    6    6    6    6
 -0.06459104916592361    7    1    4    2
 0.06466549434985175    7    1    7    1
 -0.06775491706978168    7    2    4    1
 -0.002344279749738019    7    2    4    3
 0.06861244007825652    7    2    7    2
 -0.003765431330887658    7    3    4    2
 0.00298413533681357    7    3    7    1
 0.01554056950170676    7    3    7    3
 -0.2394535566715886    7    4    2    1
 -0.0282366708802972    7    4    3    2
 0.211585382238086    7    4    6    5
 0.2442938931765058    7    4    7    4
 0.01635425546920992    7    5    6    4
 0.01635425546920993    7    5    7    5
 0.01650059901115672    7    6    5    4
 0.01675292634526306    7    6    7    6
 0.4095695840646595    7    7    1    1
 0.4108361661578199    7    7    2    2
 -0.006109573654606235    7    7    3    1
 0.3767916686941662    7    7    3    3
 0.4111045931799203    7    7    4    4
 0.3781033951576069    7    7    5    5
 0.3805842697913647    7    7    6    6
 0.4140901224818908    7    7    7    7
 -0.005441652660037971    8    1    2    1
 0.06142960250144677    8    1    3    2
 0.005740881248540976    8    1    6    5
 0.00574088124854098    8    1    7    4
 0.06528799533828512    8    1    8    1
 -0.01827247886395262    8    2    1    1
 -0.01026484512371351    8    2    2    2
 0.06864981257975371    8    2    3    1
 -0.0125462395899318    8    2    3    3
 -0.01543984808040198    8    2    4    4
 -0.01543984808040199    8    2    5    5
 -0.01479756847633924    8    2    6    6
 -0.01479756847633924    8    2    7    7
 0.07089268434112697    8    2    8    2
 0.2326136125572567    8    3    2    1
 0.02946565003362182    8    3    3    2
 -0.2053742758798256    8    3    6    5
 -0.2053742758798257    8    3    7    4
 -0.004783657971576967    8    3    8    1
 0.2305393616480492    8    3    8    3
 -0.002534649003577031    8    4    4    2
 0.003355526125121747    8    4    7    1
 -0.01587784968612541    8    4    7    3
 0.01690332225941843    8    4    8    4
 -0.002534649003577031    8    5    5    2
 0.003355526125121746    8    5    6    1
 -0.0158778496861254    8    5    6    3
 0.01690332225941843    8    5    8    5
 0.004361809768462499    8    6    5    1
 -0.01648195070691602    8    6    5    3
 -0.003352049469497789    8    6    6    2
 0.0174877846521403    8    6    8    6
 0.004361809768462501    8    7    4    1
 -0.01648195070691603    8    7    4    3
 -0.003352049469497791    8    7    7    2
 0.01748778465214031    8    7    8    7
 0.4198254641291367    8    8    1    1
 0.4200361637627693    8    8    2    2
 -0.01357548595869158    8    8    3    1
 0.4183394124713057    8    8    3    3
 0.3868794961330541    8    8    4    4
 0.3868794961330541    8    8    5    5
 0.3891863800060064    8    8    6    6
 0.3891863800060066    8    8    7    7
 -0.01994042005695957    8    8    8    2
 0.4333889344974737    8    8    8    8
 0.03889101998673426    9    1    1    1
 0.03760922190531248    9    1    2    2
 -0.02005613561761298    9    1    3    1
 0.02706246465696223    9    1    3    3
 0.03321973549704801    9    1    4    4
 0.03321973549704801    9    1    5    5
 0.03418560735148447    9    1    6    6
 0.0341856073514845    9    1    7    7
 -0.02509348737800493    9    1    8    2
 0.03799607636318722    9    1    8    8
 0.03100066248106692    9    1    9    1
 0.04167167178246886    9    2    2    1
 -0.02107809018818588    9    2    3    2
 -0.03735528326962481    9    2    6    5
 -0.03735528326962483    9    2    7    4
 -0.02895023607035608    9    2    8    1
 0.0363451654304839    9    2    8    3
 0.02816762489807528    9    2    9    2
 -0.07093588101672928    9    3    1    1
 -0.07347150874116568    9    3    2    2
 -0.006376856734389638    9    3    3    1
 -0.05963091911113397    9    3    3    3
 -0.05945581049109541    9    3    4    4
 -0.05945581049109539    9    3    5    5
 -0.0614198178077155    9    3    6    6
 -0.06141981780771556    9    3    7    7
 0.0002786757849275636    9    3    8    2
 -0.07381992289874795    9    3    8    8
 -0.0319042206737094    9    3    9    1
 0.06052126816278273    9    3    9    3
 0.004709353823983016    9    4    4    1
 -0.003654465899841726    9    4    4    3
 -0.004895312573939555    9    4    7    2
 0.005563591516245293    9    4    8    7
 0.01149214545904799    9    4    9    4
 0.004709353823983016    9    5    5    1
 -0.003654465899841725    9    5    5    3
 -0.004895312573939552    9    5    6    2
 0.005563591516245288    9    5    8    6
 0.01149214545904799    9    5    9    5
 -0.007160946229882313    9    6    5    2
 0.007445194676363666    9    6    6    1
 -0.005038722019897753    9    6    6    3
 0.006478137453091014    9    6    8    5
 0.01002404209501184    9    6    9    6
 -0.007160946229882325    9    7    4    2
 0.007445194676363683    9    7    7    1
 -0.00503872201989776    9    7    7    3
 0.006478137453091021    9    7    8    4
 0.01002404209501185    9    7    9    7
 -0.1098902965611227    9    8    2    1
 -0.0009951288790593449    9    8    3    2
 0.09513640053688906    9    8    6    5
 0.09513640053688911    9    8    7    4
 0.0167315263555076    9    8    8    1
 -0.1052010079582248    9    8    8    3
 -0.03413268470683675    9    8    9    2
 0.07509812258435027    9    8    9    8
 0.3943242161539802    9    9    1    1
 0.3882392475002093    9    9    2    2
 -0.0584734854030611    9    9    3    1
 0.3928974026344345    9    9    3    3
 0.3688185651504616    9    9    4    4
 0.3688185651504616    9    9    5    5
 0.3696026492033407    9    9    6    6
 0.3696026492033408    9    9    7    7
 -0.06248584826924602    9    9    8    2
 0.4029297073015901    9    9    8    8
 0.03701111116495531    9    9    9    1
 -0.04460477145568555    9    9    9    3
 0.4369784084262014    9    9    9    9
 0.02259907806347296   10    1    4    1
 0.00172691045682451   10    1    4    3
 -0.02330517020733284   10    1    7    2
 0.001374023944834533   10    1    8    7
 0.009787617181831611   10    1    9    4
 0.02076131859472785   10    1   10    1
 0.02461149529380056   10    2    4    2
 -0.0246301422400439   10    2    7    1
 -0.001428136510135037   10    2    7    3
 -0.001578729619514824   10    2    8    4
 -0.008841317400964515   10    2    9    7
 0.0208436885423363   10    2   10    2
 0.003446967946002115   10    3    4    1
 0.003420435394947708   10    3    4    3
 -0.003503056372053245   10    3    7    2
 -0.004052269200004874   10    3    8    7
 -0.006944245066040815   10    3    9    4
 0.0004710394680277606   10    3   10    1
 0.008004004880398834   10    3   10    3
 0.09198107708700866   10    4    1    1
 0.09380035882235477   10    4    2    2
 0.003261664882219231   10    4    3    1
 0.07422236009554049   10    4    3    3
 0.08713054721435347   10    4    4    4
 0.07805021930673796   10    4    5    5
 0.07975016367213504   10    4    6    6
 0.08926541716384472   10    4    7    7
 -0.002601847969145832   10    4    8    2
 0.08312381668569618   10    4    8    8
 0.02662320786661952   10    4    9    1
 -0.04583790466030507   10    4    9    3
 0.06913944652567316   10    4    9    9
 0.0684028286150975   10    4   10    4
 0.004540163953807771   10    5    5    4
 0.004757626745854815   10    5    7    6
 0.007515342315342794   10    5   10    5
 0.004945944469348611   10    6    6    4
 0.004945944469348615   10    6    7    5
 0.00746912580589245   10    6   10    6
 -0.09362643258483244   10    7    2    1
 -0.008234320915358232   10    7    3    2
 0.07952886892258396   10    7    6    5
 0.08942075786128122   10    7    7    4
 0.006147628084590484   10    7    8    1
 -0.07797736960953974   10    7    8    3
 -0.02530304770310545   10    7    9    2
 0.05572909856097857   10    7    9    8
 0.07011118657848264   10    7   10    7
 -0.002392249786574533   10    8    4    2
 0.002651980743977921   10    8    7    1
 -0.004941246093917924   10    8    7    3
 0.005605742088191826   10    8    8    4
 0.006954758160504095   10    8    9    7
 -0.0009456984806245239   10    8   10    2
 0.0076963310315963   10    8   10    8
 0.02589327803694875   10    9    4    1
 -0.01085228788201316   10    9    4    3
 -0.02522430089204942   10    9    7    2
 0.01266899589592514   10    9    8    7
 0.002150525869745666   10    9    9    4
 0.005407628694534279   10    9   10    1
 -5.164603320320443e-06   10    9   10    3
 0.0226910649695349   10    9   10    9
 0.3668563281259513   10   10    1    1
 0.3674034570451887   10   10    2    2
 -0.008145672804673905   10   10    3    1
 0.3438765650398653   10   10    3    3
 0.3678907291190174   10   10    4    4
 0.3436779218973008   10   10    5    5
 0.3456030875454478   10   10    6    6
 0.3700714947694001   10   10    7    7
 -0.01469332159431685   10   10    8    2
 0.3534466118842608   10   10    8    8
 0.02795753673188152   10   10    9    1
 -0.05014735983226103   10   10    9    3
 0.3479135085724212   10   10    9    9
 0.07391685833743093   10   10   10    4
 0.3482503459870569   10   10   10   10
 0.02259907806347296   11    1    5    1
 0.00172691045682451   11    1    5    3
 -0.02330517020733283   11    1    6    2
 0.001374023944834532   11    1    8    6
 0.009787617181831612   11    1    9    5
 0.02076131859472785   11    1   11    1
 0.02461149529380056   11    2    5    2
 -0.02463014224004388   11    2    6    1
 -0.001428136510135037   11    2    6    3
 -0.001578729619514824   11    2    8    5
 -0.008841317400964509   11    2    9    6
 0.0208436885423363   11    2   11    2
 0.003446967946002115   11    3    5    1
 0.003420435394947708   11    3    5    3
 -0.003503056372053245   11    3    6    2
 -0.004052269200004869   11    3    8    6
 -0.006944245066040815   11    3    9    5
 0.0004710394680277605   11    3   11    1
 0.008004004880398834   11    3   11    3
 0.004540163953807772   11    4    5    4
 0.004757626745854815   11    4    7    6
 0.007515342315342795   11    4   10    5
 0.007515342315342795   11    4   11    4
 0.09198107708700867   11    5    1    1
 0.09380035882235478   11    5    2    2
 0.00326166488221923   11    5    3    1
 0.07422236009554047   11    5    3    3
 0.07805021930673796   11    5    4    4
 0.08713054721435351   11    5    5    5
 0.08926541716384467   11    5    6    6
 0.07975016367213511   11    5    7    7
 -0.002601847969145833   11    5    8    2
 0.08312381668569616   11    5    8    8
 0.02662320786661953   11    5    9    1
 -0.04583790466030505   11    5    9    3
 0.0691394465256731   11    5    9    9
 0.05337214398441194   11    5   10    4
 0.0682258193185894   11    5   10   10
 0.0684028286150975   11    5   11    5
 -0.09362643258483234   11    6    2    1
 -0.008234320915358216   11    6    3    2
 0.08942075786128106   11    6    6    5
 0.07952886892258387   11    6    7    4
 0.00614762808459048   11    6    8    1
 -0.07797736960953963   11    6    8    3
 -0.02530304770310544   11    6    9    2
 0.0557290985609785   11    6    9    8
 0.05517293496669774   11    6   10    7
 0.07011118657848259   11    6   11    6
 0.004945944469348617   11    7    6    4
 0.004945944469348621   11    7    7    5
 0.007469125805892453   11    7   10    6
 0.007469125805892454   11    7   11    7
 -0.002392249786574533   11    8    5    2
 0.002651980743977921   11    8    6    1
 -0.00494124609391792   11    8    6    3
 0.005605742088191826   11    8    8    5
 0.006954758160504093   11    8    9    6
 -0.0009456984806245241   11    8   11    2
 0.007696331031596301   11    8   11    8
 0.02589327803694875   11    9    5    1
 -0.01085228788201316   11    9    5    3
 -0.02522430089204941   11    9    6    2
 0.01266899589592514   11    9    8    6
 0.002150525869745669   11    9    9    5
 0.005407628694534277   11    9   11    1
 -5.164603320319591e-06   11    9   11    3
 0.0226910649695349   11    9   11    9
 0.01210640361085828   11   10    5    4
 0.01223420361197612   11   10    7    6
 0.002845519509420794   11   10   10    5
 0.002845519509420794   11   10   11    4
 0.0121583558581428   11   10   11   10
 0.3668563281259514   11   11    1    1
 0.3674034570451887   11   11    2    2
 -0.008145672804673904   11   11    3    1
 0.3438765650398653   11   11    3    3
 0.3436779218973008   11   11    4    4
 0.3678907291190174   11   11    5    5
 0.3700714947694   11   11    6    6
 0.3456030875454479   11   11    7    7
 -0.01469332159431685   11   11    8    2
 0.3534466118842608   11   11    8    8
 0.02795753673188153   11   11    9    1
 -0.05014735983226096   11   11    9    3
 0.347913508572421   11   11    9    9
 0.06822581931858947   11   11   10    4
 0.3239336342707714   11   11   10   10
 0.07391685833743099   11   11   11    5
 0.3482503459870568   11   11   11   11
 0.05307502553885941   12    1    2    1
 0.01952041238113652   12    1    3    2
 -0.04559732280540783   12    1    6    5
 -0.04559732280540784   12    1    7    4
 0.01214483135353647   12    1    8    1
 0.04411435479137067   12    1    8    3
 0.003435092130350938   12    1    9    2
 -0.02906211536953862   12    1    9    8
 -0.0364988690818538   12    1   10    7
 -0.03649886908185377   12    1   11    6
 0.03177425554407595   12    1   12    1
 0.06017216335869074   12    2    1    1
 0.06287091473486922   12    2    2    2
 0.01659485802612036   12    2    3    1
 0.05183742384956339   12    2    3    3
 0.05265376115019894   12    2    4    4
 0.05265376115019894   12    2    5    5
 0.05379981265045219   12    2    6    6
 0.05379981265045223   12    2    7    7
 0.01413496866863209   12    2    8    2
 0.05396526838977796   12    2    8    8
 0.004779920795286111   12    2    9    1
 -0.02714250143393695   12    2    9    3
 0.03960874390130352   12    2    9    9
 0.03835280220773927   12    2   10    4
 0.04590119172595866   12    2   10   10
 0.03835280220773927   12    2   11    5
 0.04590119172595866   12    2   11   11
 0.03618764664481636   12    2   12    2
 0.05797794114530859   12    3    2    1
 0.01186063327100743   12    3    3    2
 -0.04869376389299909   12    3    6    5
 -0.04869376389299911   12    3    7    4
 0.003217140333544585   12    3    8    1
 0.05321411669289955   12    3    8    3
 0.00538723418019298   12    3    9    2
 -0.03787583350403567   12    3    9    8
 -0.03682998199661577   12    3   10    7
 -0.03682998199661573   12    3   11    6
 0.0331326203566184   12    3   12    1
 0.0414508939229799   12    3   12    3
 0.007078888179307449   12    4    4    2
 -0.006940861824689436   12    4    7    1
 -0.003289559808156008   12    4    7    3
 0.002304301152364897   12    4    8    4
 -0.00217326119282888   12    4    9    7
 0.01310433264914432   12    4   10    2
 0.004529743174583837   12    4   10    8
 0.01333910352846795   12    4   12    4
 0.007078888179307449   12    5    5    2
 -0.006940861824689428   12    5    6    1
 -0.003289559808156005   12    5    6    3
 0.002304301152364896   12    5    8    5
 -0.00217326119282888   12    5    9    6
 0.01310433264914432   12    5   11    2
 0.004529743174583836   12    5   11    8
 0.01333910352846795   12    5   12    5
 -0.006125835130620815   12    6    5    1
 -0.003637181109417463   12    6    5    3
 0.006627170798228776   12    6    6    2
 0.002632759645165072   12    6    8    6
 -0.002743960705691942   12    6    9    5
 -0.01322841412326622   12    6   11    1
 -0.005118172387260025   12    6   11    3
 0.002027394727765809   12    6   11    9
 0.01387942033147178   12    6   12    6
 -0.006125835130620835   12    7    4    1
 -0.003637181109417467   12    7    4    3
 0.006627170798228805   12    7    7    2
 0.002632759645165077   12    7    8    7
 -0.002743960705691942   12    7    9    4
 -0.01322841412326622   12    7   10    1
 -0.005118172387260025   12    7   10    3
 0.002027394727765803   12    7   10    9
 0.01387942033147179   12    7   12    7
 0.06344999279444796   12    8    1    1
 0.06465803554568568   12    8    2    2
 0.004515906813354145   12    8    3    1
 0.05984467894233216   12    8    3    3
 0.05414105952755826   12    8    4    4
 0.05414105952755825   12    8    5    5
 0.05501666886297867   12    8    6    6
 0.05501666886297873   12    8    7    7
 0.002364279043899149   12    8    8    2
 0.06326961326714323   12    8    8    8
 0.005850381478819375   12    8    9    1
 -0.02994292797716231   12    8    9    3
 0.05619435452309439   12    8    9    9
 0.03437638029992399   12    8   10    4
 0.04825800247510446   12    8   10   10
 0.03437638029992399   12    8   11    5
 0.04825800247510444   12    8   11   11
 0.03432322842847904   12    8   12    2
 0.04017532708015963   12    8   12    8
 -0.04915740968776738   12    9    2    1
 -0.01888418590021398   12    9    3    2
 0.04134121368496985   12    9    6    5
 0.04134121368496987   12    9    7    4
 -0.01183624676682287   12    9    8    1
 -0.0532003984909632   12    9    8    3
 -0.004534814828974699   12    9    9    2
 0.02643988312031123   12    9    9    8
 0.02032342755351124   12    9   10    7
 0.02032342755351121   12    9   11    6
 -0.01493490616088211   12    9   12    1
 -0.01633287745485124   12    9   12    3
 0.01943128632290756   12    9   12    9
 0.0333901124372166   12   10    4    2
 -0.03302332167605872   12   10    7    1
 -0.009479588842693884   12   10    7    3
 0.006740750417109668   12   10    8    4
 0.0005197080214083124   12   10    9    7
 0.009864778273596778   12   10   10    2
 0.00095151854608127   12   10   10    8
 0.001944393727562813   12   10   12    4
 0.02631984650622832   12   10   12   10
 0.0333901124372166   12   11    5    2
 -0.0330233216760587   12   11    6    1
 -0.009479588842693884   12   11    6    3
 0.006740750417109668   12   11    8    5
 0.0005197080214083146   12   11    9    6
 0.009864778273596778   12   11   11    2
 0.0009515185460812677   12   11   11    8
 0.001944393727562813   12   11   12    5
 0.02631984650622832   12   11   12   11
 0.3454807935344376   12   12    1    1
 0.3518667017678441   12   12    2    2
 0.04201060435479702   12   12    3    1
 0.3400838936166254   12   12    3    3
 0.3294126547432645   12   12    4    4
 0.3294126547432645   12   12    5    5
 0.3318620492423058   12   12    6    6
 0.3318620492423059   12   12    7    7
 0.03787254907279604   12   12    8    2
 0.3463988375506423   12   12    8    8
 0.01233658969616953   12   12    9    1
 -0.05360369420115945   12   12    9    3
 0.2954062000785869   12   12    9    9
 0.06118086669971204   12   12   10    4
 0.3081535616789333   12   12   10   10
 0.06118086669971208   12   12   11    5
 0.3081535616789334   12   12   11   11
 0.04778087978839061   12   12   12    2
 0.04198478474973968   12   12   12    8
 0.3448371154930271   12   12   12   12
 -0.02262851592955342   13    1    5    2
 0.02266102178370968   13    1    6    1
 0.001021198483922772   13    1    6    3
 0.00182320345485028   13    1    8    5
 0.0090378833713521   13    1    9    6
 -0.02026119656538077   13    1   11    2
 0.001235240035981425   13    1   11    8
 -0.01281827546266081   13    1   12    5
 -0.008643951459683644   13    1   12   11
 0.01976033415093673   13    1   13    1
 -0.02207171646661079   13    2    5    1
 -0.001488079758561139   13    2    5    3
 0.02272362091786693   13    2    6    2
 -0.00145636600841829   13    2    8    6
 -0.009186413523781294   13    2    9    5
 -0.02053238286536122   13    2   11    1
 -0.001125106518038729   13    2   11    3
 -0.005674082321351994   13    2   11    9
 0.01356842690731682   13    2   12    6
 0.02041125047358092   13    2   13    2
 -0.001503259372975369   13    3    5    2
 0.001296320122259299   13    3    6    1
 0.004184326054713772   13    3    6    3
 -0.00437389140459501   13    3    8    5
 -0.00558918646359778   13    3    9    6
 -0.001460563560320155   13    3   11    2
 -0.007086906968275002   13    3   11    8
 -0.005502055106074697   13    3   12    5
 -0.002382579552235405   13    3   12   11
 0.001087901738314337   13    3   13    1
 0.006870100535740413   13    3   13    3
 0.004401464843919208   13    4    6    4
 0.004401464843919212   13    4    7    5
 0.007406322172148812   13    4   10    6
 0.007406322172148815   13    4   11    7
 0.007363699865079612   13    4   13    4
 -0.08597735042978243   13    5    2    1
 -0.007093638883283457   13    5    3    2
 0.08148583661017678   13    5    6    5
 0.07268290692233838   13    5    7    4
 0.006228792649761873   13    5    8    1
 -0.07141132965056879   13    5    8    3
 -0.02432047250955391   13    5    9    2
 0.05298172410106602   13    5    9    8
 0.05301586589560495   13    5   10    7
 0.06782851023990255   13    5   11    6
 -0.03532455110866185   13    5   12    1
 -0.03557569700677807   13    5   12    3
 0.01902342721036803   13    5   12    9
 0.06581582161267385   13    5   13    5
 0.09161984469127457   13    6    1    1
 0.09322030190606616   13    6    2    2
 0.001841638392782854   13    6    3    1
 0.07462274158080749   13    6    3    3
 0.07774157512945168   13    6    4    4
 0.08638541581853619   13    6    5    5
 0.08843268119035466   13    6    6    6
 0.07937889085992919   13    6    7    7
 -0.003829269532159715   13    6    8    2
 0.08321197746934919   13    6    8    8
 0.02626604694065382   13    6    9    1
 -0.04470841831463433   13    6    9    3
 0.0713611728447681   13    6    9    9
 0.0531708801184829   13    6   10    4
 0.06834488408944638   13    6   10   10
 0.06823042685452804   13    6   11    5
 0.07389096936434834   13    6   11   11
 0.03837809086418147   13    6   12    2
 0.03465982182895967   13    6   12    8
 0.05995608669069037   13    6   12   12
 0.06821855369990651   13    6   13    6
 0.004321920344542255   13    7    5    4
 0.00452689516521277   13    7    7    6
 0.007529773368022554   13    7   10    5
 0.007529773368022554   13    7   11    4
 0.002773042637451025   13    7   11   10
 0.007570111278264518   13    7   13    7
 0.002322841164379404   13    8    5    1
 -0.004237063847370789   13    8    5    3
 -0.002218719238565648   13    8    6    2
 0.00521152387254295   13    8    8    6
 0.00725272937591886   13    8    9    5
 0.00150514596703021   13    8   11    1
 -0.007450548055587832   13    8   11    3
 0.00372625257438608   13    8   11    9
 0.004518916751263711   13    8   12    6
 -0.0009491064290862813   13    8   13    2
 0.007755539072795557   13    8   13    8
 -0.02083609047533147   13    9    5    2
 0.02134027848442529   13    9    6    1
 -0.008438532356495498   13    9    6    3
 0.01085298568121416   13    9    8    5
 0.005579787910736782   13    9    9    6
 -0.007001548996970993   13    9   11    2
 0.004625325732241451   13    9   11    8
 0.0009842222360257346   13    9   12    5
 -0.006651817182129386   13    9   12   11
 0.006534315832378935   13    9   13    1
 -0.002606000027639805   13    9   13    3
 0.01593135104797244   13    9   13    9
 0.01195747678018104   13   10    6    4
 0.01195747678018104   13   10    7    5
 0.003148707450595799   13   10   10    6
 0.003148707450595805   13   10   11    7
 0.00272288391296521   13   10   13    4
 0.01181942238650239   13   10   13   10
 -0.199024792281652   13   11    2    1
 -0.02498184166702304   13   11    3    2
 0.2032303925989837   13   11    6    5
 0.1793154390386217   13   11    7    4
 0.00339175205200243   13   11    8    1
 -0.1737031826673196   13   11    8    3
 -0.03172981411311281   13   11    9    2
 0.08200685035281434   13   11    9    8
 0.06829016368688681   13   11   10    7
 0.07458757858807832   13   11   11    6
 -0.03849004506526654   13   11   12    1
 -0.04146107527045011   13   11   12    3
 0.03780044025401039   13   11   12    9
 0.06789160298497655   13   11   13    5
 0.183459317089779   13   11   13   11
 -0.03548283515912879   13   12    5    1
 -0.008722710260096909   13   12    5    3
 0.03630380386882247   13   12    6    2
 0.006392486287842302   13   12    8    6
 0.001982206440996457   13   12    9    5
 -0.008565001384533186   13   12   11    1
 -0.00355594735197441   13   12   11    3
 -0.009423082761989946   13   12   11    9
 0.001027833787288344   13   12   12    6
 0.00821895063410822   13   12   13    2
 0.0007560230178684894   13   12   13    8
 0.02909074423858968   13   12   13   12
 0.3643642492692851   13   13    1    1
 0.3652381847668532   13   13    2    2
 -0.00586549634250863   13   13    3    1
 0.3407160309096316   13   13    3    3
 0.3416614761445338   13   13    4    4
 0.3660763602337339   13   13    5    5
 0.3683570902702463   13   13    6    6
 0.3436575334083978   13   13    7    7
 -0.01260806233224915   13   13    8    2
 0.3506764218595296   13   13    8    8
 0.02813151116607999   13   13    9    1
 -0.05127341129636551   13   13    9    3
 0.3421153094043498   13   13    9    9
 0.06751509632485365   13   13   10    4
 0.3219495266754411   13   13   10   10
 0.07278970488399072   13   13   11    5
 0.3464765823853058   13   13   11   11
 0.04503576948399896   13   13   12    2
 0.04706298141469061   13   13   12    8
 0.3085149207777088   13   13   12   12
 0.07251023390965752   13   13   13    6
 0.3451911009604609   13   13   13   13
 -0.02262851592955338   14    1    4    2
 0.02266102178370966   14    1    7    1
 0.001021198483922771   14    1    7    3
 0.001823203454850278   14    1    8    4
 0.0090378833713521   14    1    9    7
 -0.02026119656538075   14    1   10    2
 0.001235240035981424   14    1   10    8
 -0.01281827546266081   14    1   12    4
 -0.008643951459683618   14    1   12   10
 0.0197603341509367   14    1   14    1
 -0.02207171646661075   14    2    4    1
 -0.001488079758561138   14    2    4    3
 0.0227236209178669   14    2    7    2
 -0.001456366008418289   14    2    8    7
 -0.009186413523781292   14    2    9    4
 -0.0205323828653612   14    2   10    1
 -0.001125106518038726   14    2   10    3
 -0.00567408232135197   14    2   10    9
 0.01356842690731682   14    2   12    7
 0.02041125047358089   14    2   14    2
 -0.001503259372975367   14    3    4    2
 0.001296320122259298   14    3    7    1
 0.004184326054713768   14    3    7    3
 -0.004373891404595001   14    3    8    4
 -0.00558918646359778   14    3    9    7
 -0.001460563560320154   14    3   10    2
 -0.007086906968274999   14    3   10    8
 -0.005502055106074696   14    3   12    4
 -0.002382579552235404   14    3   12   10
 0.001087901738314336   14    3   14    1
 0.006870100535740408   14    3   14    3
 -0.08597735042978229   14    4    2    1
 -0.00709363888328344   14    4    3    2
 0.07268290692233825   14    4    6    5
 0.08148583661017668   14    4    7    4
 0.006228792649761871   14    4    8    1
 -0.07141132965056866   14    4    8    3
 -0.02432047250955389   14    4    9    2
 0.05298172410106598   14    4    9    8
 0.06782851023990255   14    4   10    7
 0.0530158658956049   14    4   11    6
 -0.03532455110866183   14    4   12    1
 -0.03557569700677807   14    4   12    3
 0.01902342721036797   14    4   12    9
 0.05108842188251462   14    4   13    5
 0.06244583515904607   14    4   13   11
 0.06581582161267378   14    4   14    4
 0.0044014648439192   14    5    6    4
 0.004401464843919204   14    5    7    5
 0.007406322172148812   14    5   10    6
 0.007406322172148814   14    5   11    7
 0.007363699865079612   14    5   13    4
 0.002722883912965206   14    5   13   10
 0.00736369986507961   14    5   14    5
 0.004321920344542239   14    6    5    4
 0.004526895165212754   14    6    7    6
 0.007529773368022553   14    6   10    5
 0.007529773368022553   14    6   11    4
 0.002773042637451016   14    6   11   10
 0.007570111278264517   14    6   13    7
 0.007570111278264513   14    6   14    6
 0.09161984469127452   14    7    1    1
 0.09322030190606612   14    7    2    2
 0.001841638392782853   14    7    3    1
 0.07462274158080749   14    7    3    3
 0.08638541581853613   14    7    4    4
 0.07774157512945166   14    7    5    5
 0.07937889085992914   14    7    6    6
 0.0884326811903547   14    7    7    7
 -0.003829269532159712   14    7    8    2
 0.0832119774693492   14    7    8    8
 0.02626604694065381   14    7    9    1
 -0.04470841831463433   14    7    9    3
 0.07136117284476809   14    7    9    9
 0.06823042685452803   14    7   10    4
 0.07389096936434843   14    7   10   10
 0.05317088011848295   14    7   11    5
 0.06834488408944642   14    7   11   11
 0.03837809086418145   14    7   12    2
 0.03465982182895967   14    7   12    8
 0.05995608669069036   14    7   12   12
 0.05307833114337751   14    7   13    6
 0.06746142154014946   14    7   13   13
 0.0682185536999065   14    7   14    7
 0.002322841164379402   14    8    4    1
 -0.00423706384737078   14    8    4    3
 -0.002218719238565646   14    8    7    2
 0.005211523872542945   14    8    8    7
 0.007252729375918857   14    8    9    4
 0.001505145967030209   14    8   10    1
 -0.007450548055587832   14    8   10    3
 0.00372625257438608   14    8   10    9
 0.00451891675126371   14    8   12    7
 -0.0009491064290862793   14    8   14    2
 0.007755539072795553   14    8   14    8
 -0.02083609047533147   14    9    4    2
 0.02134027848442529   14    9    7    1
 -0.008438532356495498   14    9    7    3
 0.01085298568121416   14    9    8    4
 0.005579787910736793   14    9    9    7
 -0.007001548996970984   14    9   10    2
 0.00462532573224145   14    9   10    8
 0.0009842222360257318   14    9   12    4
 -0.006651817182129379   14    9   12   10
 0.006534315832378916   14    9   14    1
 -0.002606000027639801   14    9   14    3
 0.01593135104797243   14    9   14    9
 -0.199024792281652   14   10    2    1
 -0.02498184166702304   14   10    3    2
 0.1793154390386216   14   10    6    5
 0.2032303925989837   14   10    7    4
 0.003391752052002425   14   10    8    1
 -0.1737031826673195   14   10    8    3
 -0.03172981411311278   14   10    9    2
 0.08200685035281434   14   10    9    8
 0.07458757858807843   14   10   10    7
 0.06829016368688676   14   10   11    6
 -0.03849004506526651   14   10   12    1
 -0.04146107527045012   14   10   12    3
 0.03780044025401045   14   10   12    9
 0.06244583515904618   14   10   13    5
 0.1598204723167743   14   10   13   11
 0.06789160298497644   14   10   14    4
 0.1834593170897791   14   10   14   10
 0.01195747678018104   14   11    6    4
 0.01195747678018104   14   11    7    5
 0.003148707450595798   14   11   10    6
 0.003148707450595806   14   11   11    7
 0.00272288391296521   14   11   13    4
 0.0118194223865024   14   11   13   10
 0.002722883912965202   14   11   14    5
 0.0118194223865024   14   11   14   11
 -0.03548283515912878   14   12    4    1
 -0.008722710260096909   14   12    4    3
 0.03630380386882247   14   12    7    2
 0.006392486287842302   14   12    8    7
 0.001982206440996457   14   12    9    4
 -0.008565001384533175   14   12   10    1
 -0.00355594735197441   14   12   10    3
 -0.009423082761989944   14   12   10    9
 0.001027833787288359   14   12   12    7
 0.008218950634108192   14   12   14    2
 0.0007560230178684869   14   12   14    8
 0.02909074423858967   14   12   14   12
 0.01220744204460002   14   13    5    4
 0.01234977843092433   14   13    7    6
 0.00263730427956855   14   13   10    5
 0.00263730427956855   14   13   11    4
 0.0122635278549324   14   13   11   10
 0.002524406184754073   14   13   13    7
 0.00252440618475406   14   13   14    6
 0.01244878221442894   14   13   14   13
 0.364364249269285   14   14    1    1
 0.365238184766853   14   14    2    2
 -0.005865496342508632   14   14    3    1
 0.3407160309096315   14   14    3    3
 0.3660763602337338   14   14    4    4
 0.3416614761445338   14   14    5    5
 0.3436575334083977   14   14    6    6
 0.3683570902702464   14   14    7    7
 -0.01260806233224915   14   14    8    2
 0.3506764218595296   14   14    8    8
 0.02813151116607997   14   14    9    1
 -0.05127341129636553   14   14    9    3
 0.3421153094043498   14   14    9    9
 0.07278970488399071   14   14   10    4
 0.3464765823853059   14   14   10   10
 0.06751509632485364   14   14   11    5
 0.3219495266754411   14   14   11   11
 0.04503576948399893   14   14   12    2
 0.04706298141469063   14   14   12    8
 0.3085149207777086   14   14   12   12
 0.06746142154014945   14   14   13    6
 0.3202935365316032   14   14   13   13
 0.07251023390965745   14   14   14    7
 0.3451911009604609   14   14   14   14
 -0.06541114011938239   15    1    1    1
 -0.06773648972830866   15    1    2    2
 -0.01205248150740183   15    1    3    1
 -0.05545885133382264   15    1    3    3
 -0.05688841697752271   15    1    4    4
 -0.05688841697752271   15    1    5    5
 -0.0581672605643317   15    1    6    6
 -0.05816726056433175   15    1    7    7
 -0.008786575478557278   15    1    8    2
 -0.05945476778694048   15    1    8    8
 -0.01074273912236895   15    1    9    1
 0.03190780910966414   15    1    9    3
 -0.04601060957240859   15    1    9    9
 -0.04243290333178559   15    1   10    4
 -0.04956513974588037   15    1   10   10
 -0.0424329033317856   15    1   11    5
 -0.04956513974588038   15    1   11   11
 -0.03574498709086085   15    1   12    2
 -0.03379245959351015   15    1   12    8
 -0.04851215446441726   15    1   12   12
 -0.04243308546617349   15    1   13    6
 -0.0486876236132031   15    1   13   13
 -0.04243308546617349   15    1   14    7
 -0.04868762361320306   15    1   14   14
 0.03657505227633285   15    1   15    1
 -0.06629645147824588   15    2    2    1
 -0.0168581642567409   15    2    3    2
 0.05703726237531447   15    2    6    5
 0.05703726237531449   15    2    7    4
 -0.007183427589747898   15    2    8    1
 -0.05605926436070757   15    2    8    3
 -0.009660753060729853   15    2    9    2
 0.03910582106448573   15    2    9    8
 0.04489439191812297   15    2   10    7
 0.04489439191812293   15    2   11    6
 -0.03522646367284998   15    2   12    1
 -0.03730947744008791   15    2   12    3
 0.01746304276313421   15    2   12    9
 0.04342389657179956   15    2   13    5
 0.04834443829089425   15    2   13   11
 0.04342389657179951   15    2   14    4
 0.04834443829089421   15    2   14   10
 0.04030826979262118   15    2   15    2
 -0.05168199957084277   15    3    1    1
 -0.05295176104460849   15    3    2    2
 -0.007059450894765235   15    3    3    1
 -0.04870376969326465   15    3    3    3
 -0.04468644385314055   15    3    4    4
 -0.04468644385314054   15    3    5    5
 -0.04533235683759675   15    3    6    6
 -0.04533235683759679   15    3    7    7
 -0.005829852242842581   15    3    8    2
 -0.04979105927045623   15    3    8    8
 9.242535274754065e-05   15    3    9    1
 0.02052038748033678   15    3    9    3
 -0.04406648002649115   15    3    9    9
 -0.02749177204146155   15    3   10    4
 -0.03987401118507131   15    3   10   10
 -0.02749177204146155   15    3   11    5
 -0.0398740111850713   15    3   11   11
 -0.03091523765605873   15    3   12    2
 -0.03519846178839622   15    3   12    8
 -0.0353163942737061   15    3   12   12
 -0.02782370041249936   15    3   13    6
 -0.03870643299721076   15    3   13   13
 -0.02782370041249936   15    3   14    7
 -0.03870643299721073   15    3   14   14
 0.02937858421148575   15    3   15    1
 0.03205448245771484   15    3   15    3
 -0.006355857578169042   15    4    4    1
 -0.002957933143790808   15    4    4    3
 0.006889058859233199   15    4    7    2
 0.001634009100484342   15    4    8    7
 -0.005197621368011776   15    4    9    4
 -0.01533989974448447   15    4   10    1
 -0.003720292029153723   15    4   10    3
 0.001823981466320716   15    4   10    9
 0.01470646946524602   15    4   12    7
 0.01559031892718045   15    4   14    2
 0.003046763302278155   15    4   14    8
 0.0001564545521839121   15    4   14   12
 0.01609621813573723   15    4   15    4
 -0.006355857578169042   15    5    5    1
 -0.002957933143790807   15    5    5    3
 0.00688905885923319   15    5    6    2
 0.00163400910048434   15    5    8    6
 -0.005197621368011775   15    5    9    5
 -0.01533989974448447   15    5   11    1
 -0.003720292029153724   15    5   11    3
 0.001823981466320715   15    5   11    9
 0.01470646946524602   15    5   12    6
 0.01559031892718045   15    5   13    2
 0.003046763302278156   15    5   13    8
 0.0001564545521839218   15    5   13   12
 0.01609621813573723   15    5   15    5
 0.008295531251260429   15    6    5    2
 -0.008200517328827241   15    6    6    1
 -0.002542996018940595   15    6    6    3
 0.001273440593773973   15    6    8    5
 -0.004412742251662303   15    6    9    6
 0.01538271044000764   15    6   11    2
 0.003181398045895832   15    6   11    8
 0.01430198802291529   15    6   12    5
 0.001738353747446239   15    6   12   11
 -0.01514949942310216   15    6   13    1
 -0.00444780065294243   15    6   13    3
 0.0001326177188098048   15    6   13    9
 0.01580059167548409   15    6   15    6
 0.008295531251260452   15    7    4    2
 -0.00820051732882727   15    7    7    1
 -0.002542996018940602   15    7    7    3
 0.001273440593773975   15    7    8    4
 -0.004412742251662303   15    7    9    7
 0.01538271044000765   15    7   10    2
 0.003181398045895832   15    7   10    8
 0.01430198802291529   15    7   12    4
 0.001738353747446258   15    7   12   10
 -0.01514949942310216   15    7   14    1
 -0.004447800652942429   15    7   14    3
 0.0001326177188098024   15    7   14    9
 0.01580059167548409   15    7   15    7
 -0.03312458864350577   15    8    2    1
 -0.01071252188415149   15    8    3    2
 0.02692236082776294   15    8    6    5
 0.02692236082776296   15    8    7    4
 -0.005996667238189454   15    8    8    1
 -0.03021509891109443   15    8    8    3
 0.001885315769821956   15    8    9    2
 0.02173584546960282   15    8    9    8
 0.02382201611707565   15    8   10    7
 0.02382201611707563   15    8   11    6
 -0.0260761503270502   15    8   12    1
 -0.03298511674428351   15    8   12    3
 0.01050577766982967   15    8   12    9
 0.0231955592002126   15    8   13    5
 0.02264800357998234   15    8   13   11
 0.0231955592002126   15    8   14    4
 0.02264800357998235   15    8   14   10
 0.02805647864702321   15    8   15    2
 0.02806529328797776   15    8   15    8
 0.0006187210445288493   15    9    1    1
 0.003408794069343196   15    9    2    2
 0.02247483208385792   15    9    3    1
 0.007212094312336485   15    9    3    3
 -0.002398482728825015   15    9    4    4
 -0.002398482728825006   15    9    5    5
 -0.001997628781136984   15    9    6    6
 -0.001997628781136986   15    9    7    7
 0.02291582974410714   15    9    8    2
 0.006744720749493807   15    9    8    8
 -0.003961052318606362   15    9    9    1
 -0.009230526193164413   15    9    9    3
 -0.01186369249833618   15    9    9    9
 0.005948550326944995   15    9   10    4
 -0.001656462942793555   15    9   10   10
 0.005948550326944974   15    9   11    5
 -0.00165646294279361   15    9   11   11
 0.008883630369388634   15    9   12    2
 0.006098663394258223   15    9   12    8
 0.02315014310209346   15    9   12   12
 0.00557369211522251   15    9   13    6
 -0.001031551386039828   15    9   13   13
 0.00557369211522253   15    9   14    7
 -0.001031551386039775   15    9   14   14
 -0.007883910132316837   15    9   15    1
 -0.005467386858565769   15    9   15    3
 0.01273431071512062   15    9   15    9
 -0.04108242945531968   15   10    4    1
 -0.006598698388787135   15   10    4    3
 0.04180483924853721   15   10    7    2
 0.003782327874173497   15   10    8    7
 0.001244641495521855   15   10    9    4
 -0.01024312647468476   15   10   10    1
 -0.003558859544660608   15   10   10    3
 -0.01390224515272985   15   10   10    9
 0.001081724852252492   15   10   12    7
 0.009915817780380231   15   10   14    2
 6.995999360844365e-05   15   10   14    8
 0.03102865478931774   15   10   14   12
 0.0002931897404691245   15   10   15    4
 0.03391487195523941   15   10   15   10
 -0.04108242945531968   15   11    5    1
 -0.006598698388787134   15   11    5    3
 0.0418048392485372   15   11    6    2
 0.003782327874173497   15   11    8    6
 0.001244641495521855   15   11    9    5
 -0.01024312647468475   15   11   11    1
 -0.003558859544660606   15   11   11    3
 -0.01390224515272985   15   11   11    9
 0.001081724852252476   15   11   12    6
 0.009915817780380256   15   11   13    2
 6.995999360844397e-05   15   11   13    8
 0.03102865478931774   15   11   13   12
 0.0002931897404691228   15   11   15    5
 0.03391487195523941   15   11   15   11
 -0.1993765964404519   15   12    2    1
 -0.06654346139529212   15   12    3    2
 0.1844757291244628   15   12    6    5
 0.1844757291244629   15   12    7    4
 -0.03976608457282149   15   12    8    1
 -0.1879981825862299   15   12    8    3
 -0.01342396586398278   15   12    9    2
 0.0728259321145945   15   12    9    8
 0.05914995468836295   15   12   10    7
 0.05914995468836286   15   12   11    6
 -0.03956136889495658   15   12   12    1
 -0.03648956565319685   15   12   12    3
 0.05344355292095312   15   12   12    9
 0.05284890441700911   15   12   13    5
 0.1637265051378591   15   12   13   11
 0.052848904417009   15   12   14    4
 0.1637265051378591   15   12   14   10
 0.04595575066453458   15   12   15    2
 0.01958263942461088   15   12   15    8
 0.2060413091309854   15   12   15   12
 0.03953623098790863   15   13    5    2
 -0.03926872584565139   15   13    6    1
 -0.007954084302844793   15   13    6    3
 0.004573815543809145   15   13    8    5
 -0.0005036894121128011   15   13    9    6
 0.0113384198440545   15   13   11    2
 -0.0001356763178504014   15   13   11    8
 0.001261123622543792   15   13   12    5
 0.02913104059914636   15   13   12   11
 -0.009953876993007933   15   13   13    1
 -0.0017754570608984   15   13   13    3
 -0.01064490672316014   15   13   13    9
 0.001164237409268937   15   13   15    6
 0.0330300401401707   15   13   15   13
 0.03953623098790863   15   14    4    2
 -0.03926872584565139   15   14    7    1
 -0.007954084302844789   15   14    7    3
 0.004573815543809145   15   14    8    4
 -0.0005036894121128025   15   14    9    7
 0.0113384198440545   15   14   10    2
 -0.0001356763178504025   15   14   10    8
 0.001261123622543785   15   14   12    4
 0.02913104059914635   15   14   12   10
 -0.009953876993007909   15   14   14    1
 -0.001775457060898395   15   14   14    3
 -0.01064490672316013   15   14   14    9
 0.001164237409268946   15   14   15    7
 0.03303004014017068   15   14   15   14
 0.3443858067262592   15   15    1    1
 0.3498568142325471   15   15    2    2
 0.03486833696409648   15   15    3    1
 0.3357996284749227   15   15    3    3
 0.3300713410015519   15   15    4    4
 0.3300713410015519   15   15    5    5
 0.3323652397525457   15   15    6    6
 0.3323652397525457   15   15    7    7
 0.03063183372944716   15   15    8    2
 0.3418796013236546   15   15    8    8
 0.01251776489771022   15   15    9    1
 -0.04904486775981668   15   15    9    3
 0.2974783730543194   15   15    9    9
 0.05807159984986329   15   15   10    4
 0.3083989914449694   15   15   10   10
 0.05807159984986326   15   15   11    5
 0.3083989914449694   15   15   11   11
 0.04460197821433829   15   15   12    2
 0.03969382714015455   15   15   12    8
 0.3357745444115264   15   15   12   12
 0.05694819508652529   15   15   13    6
 0.3085926061445425   15   15   13   13
 0.05694819508652527   15   15   14    7
 0.3085926061445425   15   15   14   14
 -0.04540386137400613   15   15   15    1
 -0.03355151373066735   15   15   15    3
 0.01821318681929872   15   15   15    9
 0.3287761258812964   15   15   15   15
 -0.04788626257442122   16    1    2    1
 0.008805462922398592   16    1    3    2
 0.04132726046081452   16    1    6    5
 0.04132726046081454   16    1    7    4
 0.01728675157782822   16    1    8    1
 -0.0421571770034755   16    1    8    3
 -0.02650745888142001   16    1    9    2
 0.03954963121668516   16    1    9    8
 0.03311749508062095   16    1   10    7
 0.03311749508062093   16    1   11    6
 -0.01163948635040626   16    1   12    1
 -0.01233353133871873   16    1   12    3
 0.009674773391699127   16    1   12    9
 0.03206769632178916   16    1   13    5
 0.03581711470960381   16    1   13   11
 0.03206769632178915   16    1   14    4
 0.0358171147096038   16    1   14   10
 0.01828860366190632   16    1   15    2
 0.003630688115095581   16    1   15    8
 0.02420450839683185   16    1   15   12
 0.02888864817554569   16    1   16    1
 -0.04372260833776771   16    2    1    1
 -0.04354740199906138   16    2    2    2
 0.01019563634235799   16    2    3    1
 -0.03375023413073957   16    2    3    3
 -0.03682637486525697   16    2    4    4
 -0.03682637486525698   16    2    5    5
 -0.03789376127617752   16    2    6    6
 -0.03789376127617755   16    2    7    7
 0.01468775116228877   16    2    8    2
 -0.04287335710160672   16    2    8    8
 -0.02732798672130222   16    2    9    1
 0.03254398466773521   16    2    9    3
 -0.03863727821901042   16    2    9    9
 -0.03147195747351111   16    2   10    4
 -0.03198794821994071   16    2   10   10
 -0.03147195747351111   16    2   11    5
 -0.0319879482199407   16    2   11   11
 -0.01163708038999615   16    2   12    2
 -0.01061500288204323   16    2   12    8
 -0.02267489353672984   16    2   12   12
 -0.03122866039346672   16    2   13    6
 -0.03188293998755767   16    2   13   13
 -0.03122866039346672   16    2   14    7
 -0.03188293998755764   16    2   14   14
 0.01685738439548909   16    2   15    1
 0.004841249981860287   16    2   15    3
 -0.0001574208338777019   16    2   15    9
 -0.02139992761516961   16    2   15   15
 0.02677429143597316   16    2   16    2
 0.04758493361677232   16    3    2    1
 -0.001930427085639391   16    3    3    2
 -0.03984298361694354   16    3    6    5
 -0.03984298361694355   16    3    7    4
 -0.01026998769452477   16    3    8    1
 0.04482074419412505   16    3    8    3
 0.02294432316531331   16    3    9    2
 -0.04543564049773526   16    3    9    8
 -0.03248741869600454   16    3   10    7
 -0.0324874186960045   16    3   11    6
 0.0155371165924448   16    3   12    1
 0.02063065461327878   16    3   12    3
 -0.01341379517800493   16    3   12    9
 -0.03145143264437148   16    3   13    5
 -0.03515708969689395   16    3   13   11
 -0.03145143264437147   16    3   14    4
 -0.03515708969689396   16    3   14   10
 -0.02195880639350745   16    3   15    2
 -0.01096311412414267   16    3   15    8
 -0.02784369728905341   16    3   15   12
 -0.02732994517433355   16    3   16    1
 0.03261744115200453   16    3   16    3
 -0.004265747140265824   16    4    4    2
 0.004375949790782152   16    4    7    1
 -0.001804477257261557   16    4    7    3
 0.002983538494923318   16    4    8    4
 0.01038509129718232   16    4    9    7
 -0.01113753297574272   16    4   10    2
 0.005817731302618177   16    4   10    8
 -0.005539146273865185   16    4   12    4
 0.001289012661994099   16    4   12   10
 0.01141671880837739   16    4   14    1
 -0.004575041186403227   16    4   14    3
 0.002165909973600325   16    4   14    9
 -0.008105117689789793   16    4   15    7
 0.001243541574578073   16    4   15   14
 0.01266302178042625   16    4   16    4
 -0.004265747140265824   16    5    5    2
 0.004375949790782146   16    5    6    1
 -0.001804477257261555   16    5    6    3
 0.002983538494923318   16    5    8    5
 0.01038509129718232   16    5    9    6
 -0.01113753297574272   16    5   11    2
 0.005817731302618178   16    5   11    8
 -0.005539146273865184   16    5   12    5
 0.001289012661994098   16    5   12   11
 0.01141671880837739   16    5   13    1
 -0.004575041186403229   16    5   13    3
 0.002165909973600331   16    5   13    9
 -0.008105117689789793   16    5   15    6
 0.001243541574578067   16    5   15   13
 0.01266302178042625   16    5   16    5
 0.002547274229162414   16    6    5    1
 -0.0009285315908106822   16    6    5    3
 -0.002909410004200918   16    6    6    2
 0.002638517626364204   16    6    8    6
 0.01185832139241549   16    6    9    5
 0.0122242120800231   16    6   11    1
 -0.005760669712022578   16    6   11    3
 -0.0003766362426956054   16    6   11    9
 -0.006148072946819402   16    6   12    6
 -0.01178113719493939   16    6   13    2
 0.006101567926613994   16    6   13    8
 0.002661424255737112   16    6   13   12
 -0.008886844609867973   16    6   15    5
 0.002447512627758197   16    6   15   11
 0.01389336555052664   16    6   16    6
 0.002547274229162432   16    7    4    1
 -0.0009285315908106867   16    7    4    3
 -0.002909410004200943   16    7    7    2
 0.002638517626364213   16    7    8    7
 0.01185832139241549   16    7    9    4
 0.0122242120800231   16    7   10    1
 -0.005760669712022577   16    7   10    3
 -0.000376636242695591   16    7   10    9
 -0.0061480729468194   16    7   12    7
 -0.01178113719493939   16    7   14    2
 0.006101567926613994   16    7   14    8
 0.002661424255737108   16    7   14   12
 -0.008886844609867973   16    7   15    4
 0.002447512627758188   16    7   15   10
 0.01389336555052665   16    7   16    7
 0.06092893090561639   16    8    1    1
 0.06160590784450167   16    8    2    2
 -0.006114446130746878   16    8    3    1
 0.0515598969579288   16    8    3    3
 0.05105406606816108   16    8    4    4
 0.05105406606816108   16    8    5    5
 0.05251874960380948   16    8    6    6
 0.05251874960380953   16    8    7    7
 -0.01169034305480335   16    8    8    2
 0.06369935328941505   16    8    8    8
 0.03163543180967589   16    8    9    1
 -0.04973494747648996   16    8    9    3
 0.05256724682526983   16    8    9    9
 0.03987124920548371   16    8   10    4
 0.04500638856915946   16    8   10   10
 0.0398712492054837   16    8   11    5
 0.04500638856915942   16    8   11   11
 0.02008369945037512   16    8   12    2
 0.02383345965081506   16    8   12    8
 0.03812364057653109   16    8   12   12
 0.03935998089158821   16    8   13    6
 0.04524037893651395   16    8   13   13
 0.0393599808915882   16    8   14    7
 0.04524037893651395   16    8   14   14
 -0.02544843584490143   16    8   15    1
 -0.01501012875307903   16    8   15    3
 0.00413276556434689   16    8   15    9
 0.0352784433299675   16    8   15   15
 -0.03159154280170818   16    8   16    2
 0.04540656113873107   16    8   16    8
 -0.1715757280114615   16    9    2    1
 0.01442909629082961   16    9    3    2
 0.1571027489042282   16    9    6    5
 0.1571027489042282   16    9    7    4
 0.04124122586327276   16    9    8    1
 -0.1642976090423205   16    9    8    3
 -0.04305749381432478   16    9    9    2
 0.08533690658289307   16    9    9    8
 0.06170507295526792   16    9   10    7
 0.06170507295526785   16    9   11    6
 -0.02602422078245859   16    9   12    1
 -0.03811362677298429   16    9   12    3
 0.03123560493621825   16    9   12    9
 0.05678162592528097   16    9   13    5
 0.1381380459084261   16    9   13   11
 0.0567816259252809   16    9   14    4
 0.1381380459084261   16    9   14   10
 0.03762150033958339   16    9   15    2
 0.01973522639110288   16    9   15    8
 0.1146766398673404   16    9   15   12
 0.04048307342565002   16    9   16    1
 -0.03808168049493815   16    9   16    3
 0.1521283066264751   16    9   16    9
 -0.02979216874784259   16   10    4    2
 0.03025796656928756   16   10    7    1
 -0.007071958202713724   16   10    7    3
 0.01020052441295977   16   10    8    4
 0.004544650290276973   16   10    9    7
 -0.008956472778696503   16   10   10    2
 0.003628187695569249   16   10   10    8
 0.0005867731598680221   16   10   12    4
 -0.01305225565796237   16   10   12   10
 0.008118324157442285   16   10   14    1
 -0.001202636574211663   16   10   14    3
 0.01892294751792005   16   10   14    9
 3.949990395748661e-05   16   10   15    7
 -0.0180752945520213   16   10   15   14
 0.0004244057939775132   16   10   16    4
 0.0239218554928999   16   10   16   10
 -0.02979216874784259   16   11    5    2
 0.03025796656928756   16   11    6    1
 -0.007071958202713724   16   11    6    3
 0.01020052441295977   16   11    8    5
 0.004544650290276963   16   11    9    6
 -0.008956472778696503   16   11   11    2
 0.003628187695569248   16   11   11    8
 0.0005867731598680232   16   11   12    5
 -0.01305225565796237   16   11   12   11
 0.008118324157442305   16   11   13    1
 -0.001202636574211665   16   11   13    3
 0.01892294751792006   16   11   13    9
 3.949990395749541e-05   16   11   15    6
 -0.0180752945520213   16   11   15   13
 0.0004244057939775121   16   11   16    5
 0.02392185549289991   16   11   16   11
 0.002515741165945132   16   12    1    1
 0.003553120879139842   16   12    2    2
 0.007679383312143653   16   12    3    1
 0.009752329002546883   16   12    3    3
 -0.001567320207735654   16   12    4    4
 -0.001567320207735643   16   12    5    5
 -0.001356257896348001   16   12    6    6
 -0.001356257896348005   16   12    7    7
 0.007802643703088162   16   12    8    2
 0.01095127611715114   16   12    8    8
 0.002335892595289421   16   12    9    1
 -0.009253705876327593   16   12    9    3
 0.002483129669762358   16   12    9    9
 0.005921861523865606   16   12   10    4
 -0.0002477978015204456   16   12   10   10
 0.005921861523865569   16   12   11    5
 -0.0002477978015204903   16   12   11   11
 0.004129272584119347   16   12   12    2
 0.003648008918112428   16   12   12    8
 0.01404246246467284   16   12   12   12
 0.005883566466024144   16   12   13    6
 -0.000163283833784788   16   12   13   13
 0.005883566466024183   16   12   14    7
 -0.0001632838337847451   16   12   14   14
 -0.004645792317110503   16   12   15    1
 -0.002126047008924156   16   12   15    3
 0.007992610539443109   16   12   15    9
 0.01036204272762941   16   12   15   15
 -0.004320050164021172   16   12   16    2
 0.007264140361997078   16   12   16    8
 0.007333616237173658   16   12   16   12
 0.03424633348936314   16   13    5    1
 -0.008801456414541267   16   13    5    3
 -0.03382739985644515   16   13    6    2
 0.01133007557942486   16   13    8    6
 0.001431613362200434   16   13    9    5
 0.007230077294285693   16   13   11    1
 0.0009911432320508493   16   13   11    3
 0.0245193048458812   16   13   11    9
 0.001721568728207887   16   13   12    6
 -0.007301349835327797   16   13   13    2
 0.003000647316767062   16   13   13    8
 -0.01609532991697002   16   13   13   12
 0.001900534133892671   16   13   15    5
 -0.02114304663723186   16   13   15   11
 -0.001768127325500747   16   13   16    6
 0.02872882004096379   16   13   16   13
 0.03424633348936315   16   14    4    1
 -0.008801456414541267   16   14    4    3
 -0.03382739985644515   16   14    7    2
 0.01133007557942486   16   14    8    7
 0.001431613362200429   16   14    9    4
 0.007230077294285688   16   14   10    1
 0.0009911432320508498   16   14   10    3
 0.0245193048458812   16   14   10    9
 0.001721568728207886   16   14   12    7
 -0.007301349835327779   16   14   14    2
 0.003000647316767054   16   14   14    8
 -0.01609532991697003   16   14   14   12
 0.001900534133892681   16   14   15    4
 -0.02114304663723186   16   14   15   10
 -0.001768127325500743   16   14   16    7
 0.02872882004096379   16   14   16   14
 0.03060193290201808   16   15    2    1
 -0.01038419845452898   16   15    3    2
 -0.03220674052417644   16   15    6    5
 -0.03220674052417644   16   15    7    4
 -0.0149630391019156   16   15    8    1
 0.02105922436281231   16   15    8    3
 0.007793824235932021   16   15    9    2
 -0.009413057808153049   16   15    9    8
 -0.007398174366117966   16   15   10    7
 -0.007398174366117959   16   15   11    6
 0.001576538573485818   16   15   12    1
 0.004042245116011708   16   15   12    3
 0.002493435216072961   16   15   12    9
 -0.006321394230373137   16   15   13    5
 -0.02675847455926645   16   15   13   11
 -0.006321394230373114   16   15   14    4
 -0.02675847455926641   16   15   14   10
 -0.003147706472805326   16   15   15    2
 -0.001930375742913123   16   15   15    8
 -0.01026089436073253   16   15   15   12
 -0.004329965104848547   16   15   16    1
 0.002116951547720475   16   15   16    3
 -0.02717257679919999   16   15   16    9
 0.01215118848693493   16   15   16   15
 0.3797940075183672   16   16    1    1
 0.3742320555228013   16   16    2    2
 -0.05571985382987894   16   16    3    1
 0.3712072366827447   16   16    3    3
 0.3596201543794691   16   16    4    4
 0.359620154379469   16   16    5    5
 0.3605101626669153   16   16    6    6
 0.3605101626669153   16   16    7    7
 -0.06075042796316612   16   16    8    2
 0.3827152411968976   16   16    8    8
 0.0359768992124117   16   16    9    1
 -0.04243329045634451   16   16    9    3
 0.4098577034599933   16   16    9    9
 0.06095474551117348   16   16   10    4
 0.3386268722573137   16   16   10   10
 0.06095474551117344   16   16   11    5
 0.3386268722573136   16   16   11   11
 0.03299262137201817   16   16   12    2
 0.04854410711515883   16   16   12    8
 0.2849625967654694   16   16   12   12
 0.0624969258338534   16   16   13    6
 0.3341839210095978   16   16   13   13
 0.06249692583385346   16   16   14    7
 0.3341839210095978   16   16   14   14
 -0.0388281689116084   16   16   15    1
 -0.03799038272775   16   16   15    3
 -0.01487899370271515   16   16   15    9
 0.2886665316301291   16   16   15   15
 -0.03439529840374018   16   16   16    2
 0.04665302012039677   16   16   16    8
 -0.001400039076953666   16   16   16   12
 0.3941808618638794   16   16   16   16
 -4.303239622713976    1    1  0  0
 -4.299426135210816    2    2  0  0
 0.08308975744181647    3    1  0  0
 -3.725035049296316    3    3  0  0
 -3.709093516683823    4    4  0  0
 -3.709093516683823    5    5  0  0
 -3.721808616218954    6    6  0  0
 -3.721808616218954    7    7  0  0
 0.1526155785002517    8    2  0  0
 -3.786699518976715    8    8  0  0
 -0.2563989900422496    9    1  0  0
 0.5378242151186508    9    3  0  0
 -2.902630364671335    9    9  0  0
 -0.7080665377568058   10    4  0  0
 -2.596503470355809   10   10  0  0
 -0.7080665377568054   11    5  0  0
 -2.59650347035581   11   11  0  0
 -0.4184117047395135   12    2  0  0
 -0.5083671336553679   12    8  0  0
 -2.34682033328494   12   12  0  0
 -0.7117234880418875   13    6  0  0
 -2.523976084967224   13   13  0  0
 -0.7117234880418872   14    7  0  0
 -2.523976084967222   14   14  0  0
 0.4532877246136653   15    1  0  0
 1.029612009769522e-15   15    2  0  0
 0.4018900504266282   15    3  0  0
 -0.02316363537590256   15    9  0  0
 1.255475966254077e-15   15   12  0  0
 -2.314467616676843   15   15  0  0
 0.2874496803769908   16    2  0  0
 -0.4696434117646506   16    8  0  0
 -0.03909730593917508   16   12  0  0
 -2.437188430030833   16   16  0  0
 -85.15489604342577  0  0  0  0
