 &FCI NORB=  16,NELEC=10,MS2=0,
  ORBSYM=1,1,1,1,1,1,1,1,1,1,1,1,1,1,1,1
  ISYM=1,
 &END
 0.4706965701056333    1    1    1    1
 0.2189169047328537    2    1    2    1
 0.4620305332189904    2    2    1    1
 0.4677483057817791    2    2    2    2
 -0.03024088846336217    3    1    1    1
 0.002352555729845856    3    1    2    2
 0.07570555147437207    3    1    3    1
 0.07073073785123003    3    2    2    1
 0.0781463359013408    3    2    3    2
 0.4492661807985933    3    3    1    1
 0.4470076950702376    3    3    2    2
 -0.01195461490430264    3    3    3    1
 0.45823992437709    3    3    3    3
 0.06839261690867963    4    1    4    1
 0.06152524209293815    4    2    4    2
 0.002108441403799892    4    3    4    1
 0.01831867713452628    4    3    4    3
 0.4377599746021293    4    4    1    1
 0.4347298518259087    4    4    2    2
 -0.01621179521810957    4    4    3    1
 0.4116814269968728    4    4    3    3
 0.434024174602714    4    4    4    4
 0.06839261690867963    5    1    5    1
 0.06152524209293815    5    2    5    2
 0.002108441403799892    5    3    5    1
 0.01831867713452628    5    3    5    3
 0.01614593973888627    5    4    5    4
 0.4377599746021293    5    5    1    1
 0.4347298518259087    5    5    2    2
 -0.01621179521810957    5    5    3    1
 0.4116814269968728    5    5    3    3
 0.4017322951249415    5    5    4    4
 0.4340241746027141    5    5    5    5
 -0.061203285140209    6    1    5    2
 0.06124097434411283    6    1    6    1
 -0.06953488336406398    6    2    5    1
 -0.00747777504587168    6    2    5    3
 0.07251428176676941    6    2    6    2
 -0.01173349074969095    6    3    5    2
 0.009394761520149449    6    3    6    1
 0.01679840257974959    6    3    6    3
 0.01611031032173653    6    4    6    4
 -0.2046853122828717    6    5    2    1
 -0.06382385210967167    6    5    3    2
 0.2145624557044967    6    5    6    5
 0.4436946138773009    6    6    1    1
 0.4440398239589108    6    6    2    2
 -0.009591031368773366    6    6    3    1
 0.416749527181064    6    6    3    3
 0.4074705803464656    6    6    4    4
 0.4409699613577315    6    6    5    5
 0.4498358812361819    6    6    6    6
 -0.06120328514020901    7    1    4    2
 0.06124097434411285    7    1    7    1
 -0.06953488336406399    7    2    4    1
 -0.007477775045871682    7    2    4    3
 0.07251428176676944    7    2    7    2
 -0.01173349074969095    7    3    4    2
 0.009394761520149453    7    3    7    1
 0.01679840257974959    7    3    7    3
 -0.2046853122828717    7    4    2    1
 -0.06382385210967169    7    4    3    2
 0.1823418350610237    7    4    6    5
 0.2145624557044968    7    4    7    4
 0.01611031032173653    7    5    6    4
 0.01611031032173653    7    5    7    5
 0.01674969050563299    7    6    5    4
 0.01763121700656639    7    6    7    6
 0.4436946138773011    7    7    1    1
 0.444039823958911    7    7    2    2
 -0.009591031368773375    7    7    3    1
 0.4167495271810641    7    7    3    3
 0.4409699613577317    7    7    4    4
 0.4074705803464657    7    7    5    5
 0.4145734472230492    7    7    6    6
 0.449835881236182    7    7    7    7
 -0.02970154579267885    8    1    2    1
 0.04889102408078572    8    1    3    2
 0.0288448479390125    8    1    6    5
 0.02884484793901252    8    1    7    4
 0.06639852693907219    8    1    8    1
 -0.04328874712639968    8    2    1    1
 -0.01423545779933262    8    2    2    2
 0.07056558036957201    8    2    3    1
 -0.0153526454335808    8    2    3    3
 -0.03134052490264462    8    2    4    4
 -0.03134052490264462    8    2    5    5
 -0.0272061351067263    8    2    6    6
 -0.02720613510672631    8    2    7    7
 0.07223494010328312    8    2    8    2
 0.1957417899332956    8    3    2    1
 0.06767106666098567    8    3    3    2
 -0.1743038176976134    8    3    6    5
 -0.1743038176976135    8    3    7    4
 -0.02469386651197687    8    3    8    1
 0.1976348157021493    8    3    8    3
 -0.008005308116446055    8    4    4    2
 0.01042076178989664    8    4    7    1
 -0.01415529592404578    8    4    7    3
 0.0180075511512014    8    4    8    4
 -0.008005308116446055    8    5    5    2
 0.01042076178989664    8    5    6    1
 -0.01415529592404578    8    5    6    3
 0.0180075511512014    8    5    8    5
 0.01335750910006262    8    6    5    1
 -0.01630270835644614    8    6    5    3
 -0.009378421313913707    8    6    6    2
 0.01971898650493231    8    6    8    6
 0.01335750910006262    8    7    4    1
 -0.01630270835644615    8    7    4    3
 -0.009378421313913718    8    7    7    2
 0.01971898650493232    8    7    8    7
 0.4678067287015706    8    8    1    1
 0.4594257913005098    8    8    2    2
 -0.03056597615339712    8    8    3    1
 0.4658007904025329    8    8    3    3
 0.4256013666198761    8    8    4    4
 0.425601366619876    8    8    5    5
 0.4316096379588661    8    8    6    6
 0.4316096379588663    8    8    7    7
 -0.03950638278431277    8    8    8    2
 0.4899938507797245    8    8    8    8
 0.02036571160017921    9    1    4    1
 0.004924951140661831    9    1    4    3
 -0.02342622224243355    9    1    7    2
 0.003915899025076377    9    1    8    7
 0.02148338175790571    9    1    9    1
 0.02705495398364803    9    2    4    2
 -0.02700542638468992    9    2    7    1
 -0.004915897066319255    9    2    7    3
 -0.004568878877378967    9    2    8    4
 0.02235431522229539    9    2    9    2
 0.009182471097266737    9    3    4    1
 0.003441482380893316    9    3    4    3
 -0.009315363466883589    9    3    7    2
 -0.003410021509496446    9    3    8    7
 0.001341739829272452    9    3    9    1
 0.009605613040341925    9    3    9    3
 0.09069714818341609    9    4    1    1
 0.09706370317789115    9    4    2    2
 0.006791045630665368    9    4    3    1
 0.07938225980479491    9    4    3    3
 0.08504165948299895    9    4    4    4
 0.07700940632379834    9    4    5    5
 0.08311480247325975    9    4    6    6
 0.09319199253396293    9    4    7    7
 -0.006230300333953916    9    4    8    2
 0.09089916761857854    9    4    8    8
 0.06981973371332943    9    4    9    4
 0.004016126579600327    9    5    5    4
 0.005038595030351568    9    5    7    6
 0.00794036345884166    9    5    9    5
 0.005776016871382811    9    6    6    4
 0.005776016871382817    9    6    7    5
 0.007671465699961364    9    6    9    6
 -0.09670790411369808    9    7    2    1
 -0.02591895440571846    9    7    3    2
 0.08375832269592842    9    7    6    5
 0.09531035643869408    9    7    7    4
 0.01980963671140027    9    7    8    1
 -0.08187870958541825    9    7    8    3
 0.07594207537594751    9    7    9    7
 -0.005899942835107864    9    8    4    2
 0.006962800135670747    9    8    7    1
 -0.005344218558996943    9    8    7    3
 0.007897319014899724    9    8    8    4
 -0.003129637016505145    9    8    9    2
 0.008749927464313601    9    8    9    8
 0.4040008938543452    9    9    1    1
 0.4005019146316304    9    9    2    2
 -0.01616136431268542    9    9    3    1
 0.383476559326799    9    9    3    3
 0.4007208133764837    9    9    4    4
 0.375178982225759    9    9    5    5
 0.379911782000782    9    9    6    6
 0.4058155074262879    9    9    7    7
 -0.02859011083328901    9    9    8    2
 0.3959949529534472    9    9    8    8
 0.07572393920009654    9    9    9    4
 0.386375795057186    9    9    9    9
 0.02036571160017921   10    1    5    1
 0.004924951140661831   10    1    5    3
 -0.02342622224243353   10    1    6    2
 0.003915899025076375   10    1    8    6
 0.02148338175790571   10    1   10    1
 0.02705495398364803   10    2    5    2
 -0.02700542638468991   10    2    6    1
 -0.004915897066319254   10    2    6    3
 -0.004568878877378968   10    2    8    5
 0.02235431522229539   10    2   10    2
 0.009182471097266737   10    3    5    1
 0.003441482380893316   10    3    5    3
 -0.009315363466883587   10    3    6    2
 -0.003410021509496441   10    3    8    6
 0.001341739829272451   10    3   10    1
 0.009605613040341927   10    3   10    3
 0.004016126579600327   10    4    5    4
 0.005038595030351568   10    4    7    6
 0.00794036345884166   10    4    9    5
 0.00794036345884166   10    4   10    4
 0.09069714818341609   10    5    1    1
 0.09706370317789115   10    5    2    2
 0.006791045630665365   10    5    3    1
 0.07938225980479492   10    5    3    3
 0.07700940632379832   10    5    4    4
 0.08504165948299894   10    5    5    5
 0.09319199253396282   10    5    6    6
 0.08311480247325981   10    5    7    7
 -0.006230300333953911   10    5    8    2
 0.09089916761857857   10    5    8    8
 0.05393900679564611   10    5    9    4
 0.07063567683344681   10    5    9    9
 0.06981973371332939   10    5   10    5
 -0.09670790411369798   10    6    2    1
 -0.02591895440571843   10    6    3    2
 0.09531035643869391   10    6    6    5
 0.08375832269592834   10    6    7    4
 0.01980963671140025   10    6    8    1
 -0.08187870958541812   10    6    8    3
 0.06059914397602475   10    6    9    7
 0.0759420753759474   10    6   10    6
 0.005776016871382821   10    7    6    4
 0.005776016871382825   10    7    7    5
 0.007671465699961368   10    7    9    6
 0.007671465699961371   10    7   10    7
 -0.005899942835107864   10    8    5    2
 0.006962800135670745   10    8    6    1
 -0.005344218558996939   10    8    6    3
 0.007897319014899724   10    8    8    5
 -0.003129637016505145   10    8   10    2
 0.008749927464313601   10    8   10    8
 0.01277091557536239   10    9    5    4
 0.01295186271275292   10    9    7    6
 0.002544131183324856   10    9    9    5
 0.002544131183324856   10    9   10    4
 0.01340739252339047   10    9   10    9
 0.4040008938543452   10   10    1    1
 0.4005019146316304   10   10    2    2
 -0.01616136431268543   10   10    3    1
 0.3834765593267989   10   10    3    3
 0.375178982225759   10   10    4    4
 0.4007208133764837   10   10    5    5
 0.4058155074262878   10   10    6    6
 0.3799117820007821   10   10    7    7
 -0.028590110833289   10   10    8    2
 0.3959949529534472   10   10    8    8
 0.07063567683344683   10   10    9    4
 0.359561010010405   10   10    9    9
 0.07572393920009647   10   10   10    5
 0.3863757950571859   10   10   10   10
 0.0351485870429199   11    1    2    1
 0.0260274397878953   11    1    3    2
 -0.03112247745273337   11    1    6    5
 -0.03112247745273339   11    1    7    4
 0.01050015697422118   11    1    8    1
 0.02732349881274572   11    1    8    3
 -0.0267983237668331   11    1    9    7
 -0.02679832376683308   11    1   10    6
 0.0224736466483071   11    1   11    1
 0.05275690743631983   11    2    1    1
 0.06274537430301311   11    2    2    2
 0.0203921802485948   11    2    3    1
 0.05334328286799976   11    2    3    3
 0.04874203079025478   11    2    4    4
 0.04874203079025478   11    2    5    5
 0.05252674740036817   11    2    6    6
 0.05252674740036821   11    2    7    7
 0.01470195102843311   11    2    8    2
 0.04856504972245084   11    2    8    8
 0.03416853041635397   11    2    9    4
 0.04524115549750356   11    2    9    9
 0.03416853041635397   11    2   10    5
 0.04524115549750357   11    2   10   10
 0.03593650424672779   11    2   11    2
 0.06850763064279654   11    3    2    1
 0.02374340094566319   11    3    3    2
 -0.0585734099340727   11    3    6    5
 -0.05857340993407271   11    3    7    4
 -0.009725446720719375   11    3    8    1
 0.06441104919224147   11    3    8    3
 -0.04762493883089943   11    3    9    7
 -0.0476249388308994   11    3   10    6
 0.02924341263033927   11    3   11    1
 0.0553034464954073   11    3   11    3
 0.007446743915852999   11    4    4    2
 -0.006904023013321876   11    4    7    1
 -0.004490966549178237   11    4    7    3
 0.001826501802213159   11    4    8    4
 0.01094826169219627   11    4    9    2
 0.004297035022137149   11    4    9    8
 0.01029950328258633   11    4   11    4
 0.007446743915852999   11    5    5    2
 -0.00690402301332187   11    5    6    1
 -0.004490966549178232   11    5    6    3
 0.001826501802213159   11    5    8    5
 0.01094826169219627   11    5   10    2
 0.004297035022137151   11    5   10    8
 0.01029950328258633   11    5   11    5
 -0.00582461888665209   11    6    5    1
 -0.004832951778133024   11    6    5    3
 0.007546959782337831   11    6    6    2
 0.002231975075433121   11    6    8    6
 -0.01058198191540251   11    6   10    1
 -0.006897532980971976   11    6   10    3
 0.01173580286674362   11    6   11    6
 -0.00582461888665211   11    7    4    1
 -0.004832951778133033   11    7    4    3
 0.00754695978233786   11    7    7    2
 0.002231975075433128   11    7    8    7
 -0.01058198191540252   11    7    9    1
 -0.00689753298097198   11    7    9    3
 0.01173580286674361   11    7   11    7
 0.07972801221562252   11    8    1    1
 0.07928266998934995   11    8    2    2
 -0.005848766296954703   11    8    3    1
 0.07834059947226789   11    8    3    3
 0.06663302136820322   11    8    4    4
 0.0666330213682032   11    8    5    5
 0.06913515924817884   11    8    6    6
 0.0691351592481789   11    8    7    7
 -0.01082121340885027   11    8    8    2
 0.08431627173004726   11    8    8    8
 0.03921198793825794   11    8    9    4
 0.06294998751826454   11    8    9    9
 0.03921198793825794   11    8   10    5
 0.06294998751826451   11    8   10   10
 0.03417485782037376   11    8   11    2
 0.05034207265251656   11    8   11    8
 0.02559494676706814   11    9    4    2
 -0.02418971907950695   11    9    7    1
 -0.01299945585404902   11    9    7    3
 0.005592661844782267   11    9    8    4
 0.009730792372754191   11    9    9    2
 0.001047587973414909   11    9    9    8
 0.003431573785402763   11    9   11    4
 0.01901796373025785   11    9   11    9
 0.02559494676706814   11   10    5    2
 -0.02418971907950694   11   10    6    1
 -0.01299945585404902   11   10    6    3
 0.00559266184478227   11   10    8    5
 0.009730792372754191   11   10   10    2
 0.001047587973414907   11   10   10    8
 0.00343157378540276   11   10   11    5
 0.01901796373025784   11   10   11   10
 0.3591895723929018   11   11    1    1
 0.3781965896088471   11   11    2    2
 0.03779265008667494   11   11    3    1
 0.3743974816065231   11   11    3    3
 0.3436079596309611   11   11    4    4
 0.3436079596309611   11   11    5    5
 0.3525688466359964   11   11    6    6
 0.3525688466359965   11   11    7    7
 0.02971646272269276   11   11    8    2
 0.3744569231525766   11   11    8    8
 0.06472221079943997   11   11    9    4
 0.3272047043906204   11   11    9    9
 0.06472221079943992   11   11   10    5
 0.3272047043906204   11   11   10   10
 0.04511281187103496   11   11   11    2
 0.04515226834062278   11   11   11    8
 0.3666662705111269   11   11   11   11
 0.07234476847848234   12    1    1    1
 0.07745901770410417   12    1    2    2
 0.00482890647411483   12    1    3    1
 0.06357925011275174   12    1    3    3
 0.06262554581523834   12    1    4    4
 0.06262554581523834   12    1    5    5
 0.06813528756063561   12    1    6    6
 0.06813528756063568   12    1    7    7
 -0.006183053225877858   12    1    8    2
 0.07426584217428027   12    1    8    8
 0.04905073510100989   12    1    9    4
 0.05732186122087506   12    1    9    9
 0.04905073510100989   12    1   10    5
 0.05732186122087506   12    1   10   10
 0.03020596297317612   12    1   11    2
 0.03677015134706288   12    1   11    8
 0.0496717297698814   12    1   11   11
 0.04212207480641693   12    1   12    1
 0.0771391287703667   12    2    2    1
 0.0209034545662388   12    2    3    2
 -0.06845692097604365   12    2    6    5
 -0.06845692097604368   12    2    7    4
 -0.01607592990758958   12    2    8    1
 0.06664987025279971   12    2    8    3
 -0.05514372144200804   12    2    9    7
 -0.05514372144200801   12    2   10    6
 0.02583372143620887   12    2   11    1
 0.04661429135486699   12    2   11    3
 0.04883813787349109   12    2   12    2
 0.03263769088037631   12    3    1    1
 0.03356033337395523   12    3    2    2
 0.003260401297811644   12    3    3    1
 0.03482079204623818   12    3    3    3
 0.02949785935828842   12    3    4    4
 0.02949785935828842   12    3    5    5
 0.02895650150170504   12    3    6    6
 0.02895650150170506   12    3    7    7
 0.004756077112561847   12    3    8    2
 0.02565513520451481   12    3    8    8
 0.01197317724475907   12    3    9    4
 0.02875562262339168   12    3    9    9
 0.01197317724475907   12    3   10    5
 0.02875562262339167   12    3   10   10
 0.02340449405824605   12    3   11    2
 0.02399849797197542   12    3   11    8
 0.01774688764603996   12    3   11   11
 0.01163305632103868   12    3   12    1
 0.0239413278803449   12    3   12    3
 0.005479900457357656   12    4    4    1
 0.003384044438204758   12    4    4    3
 -0.007975124807840279   12    4    7    2
 0.002053734363329638   12    4    8    7
 0.01862340454679753   12    4    9    1
 0.0009637901648196863   12    4    9    3
 -0.01191865075780683   12    4   11    7
 0.01997459731264676   12    4   12    4
 0.005479900457357656   12    5    5    1
 0.003384044438204758   12    5    5    3
 -0.007975124807840267   12    5    6    2
 0.002053734363329637   12    5    8    6
 0.01862340454679753   12    5   10    1
 0.0009637901648196849   12    5   10    3
 -0.01191865075780683   12    5   11    6
 0.01997459731264676   12    5   12    5
 -0.01309031926812845   12    6    5    2
 0.0133001148576726   12    6    6    1
 0.001066429350266097   12    6    6    3
 0.004182028814134156   12    6    8    5
 -0.01837478197428278   12    6   10    2
 0.001711406580707867   12    6   10    8
 -0.01115270251894045   12    6   11    5
 -0.002607792432192065   12    6   11   10
 0.01827576713355111   12    6   12    6
 -0.01309031926812848   12    7    4    2
 0.01330011485767264   12    7    7    1
 0.001066429350266107   12    7    7    3
 0.004182028814134157   12    7    8    4
 -0.01837478197428279   12    7    9    2
 0.001711406580707873   12    7    9    8
 -0.01115270251894045   12    7   11    4
 -0.00260779243219209   12    7   11    9
 0.01827576713355112   12    7   12    7
 -0.02814041460265616   12    8    2    1
 0.004796987952229691   12    8    3    2
 0.0271590104139326   12    8    6    5
 0.02715901041393259   12    8    7    4
 0.01868327245625984   12    8    8    1
 -0.02889284103347688   12    8    8    3
 0.008468123733052257   12    8    9    7
 0.008468123733052255   12    8   10    6
 0.01127487113086961   12    8   11    1
 0.009139383861911991   12    8   11    3
 -0.001523024002132559   12    8   12    2
 0.02317345900946845   12    8   12    8
 0.05088196521329109   12    9    4    1
 0.002856899827052006   12    9    4    3
 -0.05150489478531795   12    9    7    2
 0.007154232575756352   12    9    8    7
 0.01087091614189156   12    9    9    1
 0.008119738688979975   12    9    9    3
 -0.001722125251338931   12    9   11    7
 -0.00138551065485233   12    9   12    4
 0.04536692945786839   12    9   12    9
 0.05088196521329109   12   10    5    1
 0.002856899827052007   12   10    5    3
 -0.05150489478531794   12   10    6    2
 0.007154232575756348   12   10    8    6
 0.01087091614189156   12   10   10    1
 0.008119738688979975   12   10   10    3
 -0.001722125251338912   12   10   11    6
 -0.001385510654852331   12   10   12    5
 0.04536692945786839   12   10   12   10
 0.1271083255486899   12   11    2    1
 0.07729872073308161   12   11    3    2
 -0.1197180375832108   12   11    6    5
 -0.1197180375832108   12   11    7    4
 0.02123617288001883   12   11    8    1
 0.1214692794318587   12   11    8    3
 -0.04402810215152218   12   11    9    7
 -0.04402810215152211   12   11   10    6
 0.02116684827319497   12   11   11    1
 0.02696644232560438   12   11   11    3
 0.0319124226121281   12   11   12    2
 -0.01661548359583012   12   11   12    8
 0.1142743410486325   12   11   12   11
 0.3806608706795671   12   12    1    1
 0.382696875142247   12   12    2    2
 -0.001048285614900512   12   12    3    1
 0.374578023694998   12   12    3    3
 0.3637296686834522   12   12    4    4
 0.3637296686834522   12   12    5    5
 0.3687161216348095   12   12    6    6
 0.3687161216348095   12   12    7    7
 -0.009010404911379919   12   12    8    2
 0.380919195589086   12   12    8    8
 0.0577297668875061   12   12    9    4
 0.3450130734868505   12   12    9    9
 0.05772976688750608   12   12   10    5
 0.3450130734868504   12   12   10   10
 0.03624691004180546   12   12   11    2
 0.04694464339039228   12   12   11    8
 0.3334102254163361   12   12   11   11
 0.04443417720751045   12   12   12    1
 0.02053377124086407   12   12   12    3
 0.3360684115452851   12   12   12   12
 -0.02061414786188149   13    1    5    2
 0.02090685735679763   13    1    6    1
 0.00178378086045387   13    1    6    3
 0.005788470397948644   13    1    8    5
 -0.01968644279178177   13    1   10    2
 0.003852802969528034   13    1   10    8
 -0.009464237312328018   13    1   11    5
 -0.005999113140938374   13    1   11   10
 0.01729209424114355   13    1   12    6
 0.01801581376456463   13    1   13    1
 -0.01995861483974633   13    2    5    1
 -0.002544820902446167   13    2    5    3
 0.02191651477564702   13    2    6    2
 -0.0049882944833794   13    2    8    6
 -0.01999868197629178   13    2   10    1
 -0.003757356382424539   13    2   10    3
 0.01171668315720941   13    2   11    6
 -0.01799127102304524   13    2   12    5
 -0.011137723982549   13    2   12   10
 0.01997897406289342   13    2   13    2
 -0.001519209833950928   13    3    5    2
 0.0007382058157808682   13    3    6    1
 0.004834471852494935   13    3    6    3
 -0.004571801584034145   13    3    8    5
 -0.003653180200129456   13    3   10    2
 -0.006626191046882796   13    3   10    8
 -0.007096977561663583   13    3   11    5
 -0.002710625505130709   13    3   11   10
 0.004178360387361939   13    3   12    6
 0.002444206851801497   13    3   13    1
 0.006931226279010055   13    3   13    3
 0.003902080908124148   13    4    6    4
 0.003902080908124154   13    4    7    5
 0.007215153125832236   13    4    9    6
 0.007215153125832237   13    4   10    7
 0.007014069705279411   13    4   13    4
 -0.07365225469051551   13    5    2    1
 -0.01640545812852289   13    5    3    2
 0.07076124725292485   13    5    6    5
 0.06295708543667655   13    5    7    4
 0.01910607736013713   13    5    8    1
 -0.06241326319707869   13    5    8    3
 0.05204249055860802   13    5    9    7
 0.06647279681027243   13    5   10    6
 -0.0233718663839813   13    5   11    1
 -0.04198767871633367   13    5   11    3
 -0.04847325293864622   13    5   12    2
 0.00537801848624396   13    5   12    8
 -0.02851022021452226   13    5   12   11
 0.06003718819831151   13    5   13    5
 0.0948034110815435   13    6    1    1
 0.09722902726625278   13    6    2    2
 -0.001693488475636121   13    6    3    1
 0.08322360168146008   13    6    3    3
 0.0796813061187709   13    6    4    4
 0.08699217040598593   13    6    5    5
 0.09338372431491633   13    6    6    6
 0.08462239981898301   13    6    7    7
 -0.0129213798709554   13    6    8    2
 0.09478639756448311   13    6    8    8
 0.05301321137756397   13    6    9    4
 0.074368441813675   13    6    9    9
 0.06819479796300888   13    6   10    5
 0.07996612780047005   13    6   10   10
 0.03414981761865321   13    6   11    2
 0.04171488593269787   13    6   11    8
 0.06078970460291273   13    6   11   11
 0.04835242308808076   13    6   12    1
 0.01511703385471744   13    6   12    3
 0.05871836191449828   13    6   12   12
 0.06924377500947722   13    6   13    6
 0.003655432143607521   13    7    5    4
 0.004380662247966716   13    7    7    6
 0.007590793292722448   13    7    9    5
 0.007590793292722449   13    7   10    4
 0.002798842993397564   13    7   10    9
 0.007709675028187249   13    7   13    7
 0.009130458984167927   13    8    5    1
 -0.004283578295394967   13    8    5    3
 -0.008660691625910544   13    8    6    2
 0.007643179420317236   13    8    8    6
 0.004340176599337446   13    8   10    1
 -0.006255228809985496   13    8   10    3
 0.004874971240923416   13    8   11    6
 0.001090549796594149   13    8   12    5
 0.006449154124430236   13    8   12   10
 -0.002709401132447601   13    8   13    2
 0.009055232003464491   13    8   13    8
 0.0115816158673395   13    9    6    4
 0.01158161586733951   13    9    7    5
 0.003918615657071291   13    9    9    6
 0.003918615657071299   13    9   10    7
 0.00248223093571418   13    9   13    4
 0.01129697237753445   13    9   13    9
 -0.1675935369077639   13   10    2    1
 -0.05442684910444637   13   10    3    2
 0.1756641709958936   13   10    6    5
 0.1525009392612145   13   10    7    4
 0.02192802553908587   13   10    8    1
 -0.1457773463733348   13   10    8    3
 0.07186382009750658   13   10    9    7
 0.0797010514116491   13   10   10    6
 -0.02583397075235349   13   10   11    1
 -0.04988956093100481   13   10   11    3
 -0.05787431507229426   13   10   12    2
 0.02381560096848503   13   10   12    8
 -0.1056645065913783   13   10   12   11
 0.0592324057498901   13   10   13    5
 0.1577936445785939   13   10   13   10
 -0.02817880342659494   13   11    5    1
 -0.01171700458711483   13   11    5    3
 0.03131223327230824   13   11    6    2
 0.005839494231510813   13   11    8    6
 -0.006425229950965964   13   11   10    1
 -0.005621324228409402   13   11   10    3
 0.001529727547406013   13   11   11    6
 0.00153593024011721   13   11   12    5
 -0.0273071000647908   13   11   12   10
 0.005043901045581178   13   11   13    2
 -0.00151215032908732   13   11   13    8
 0.02448686520512984   13   11   13   11
 -0.04245199043185961   13   12    5    2
 0.04194965483014444   13   12    6    1
 0.009903555431839317   13   12    6    3
 0.003294596548692184   13   12    8    5
 -0.01515282506616871   13   12   10    2
 0.004900054207686385   13   12   10    8
 -0.001386923233777926   13   12   11    5
 -0.02293690760555644   13   12   11   10
 0.003876881506093321   13   12   12    6
 0.01049589367889497   13   12   13    1
 -0.0007001920886999123   13   12   13    3
 0.03693195776569987   13   12   13   12
 0.3864530476229314   13   13    1    1
 0.3871607813512673   13   13    2    2
 -0.006693814554152734   13   13    3    1
 0.3678025801084321   13   13    3    3
 0.3612759717131292   13   13    4    4
 0.3859128186771938   13   13    5    5
 0.392660779400369   13   13    6    6
 0.3670336658111184   13   13    7    7
 -0.02019653561160656   13   13    8    2
 0.3801980518943895   13   13    8    8
 0.06688924558492985   13   13    9    4
 0.3461029753639037   13   13    9    9
 0.07129384448252125   13   13   10    5
 0.3715546357870516   13   13   10   10
 0.04098649099627533   13   13   11    2
 0.05556170621368346   13   13   11    8
 0.3249443531417065   13   13   11   11
 0.05367041344095098   13   13   12    1
 0.02223666728724185   13   13   12    3
 0.3361325970825431   13   13   12   12
 0.07195972568646283   13   13   13    6
 0.3628443256928961   13   13   13   13
 -0.02061414786188146   14    1    4    2
 0.02090685735679761   14    1    7    1
 0.001783780860453865   14    1    7    3
 0.005788470397948638   14    1    8    4
 -0.01968644279178176   14    1    9    2
 0.00385280296952803   14    1    9    8
 -0.009464237312328013   14    1   11    4
 -0.005999113140938353   14    1   11    9
 0.01729209424114355   14    1   12    7
 0.0180158137645646   14    1   14    1
 -0.01995861483974629   14    2    4    1
 -0.002544820902446162   14    2    4    3
 0.02191651477564699   14    2    7    2
 -0.004988294483379395   14    2    8    7
 -0.01999868197629176   14    2    9    1
 -0.003757356382424533   14    2    9    3
 0.01171668315720941   14    2   11    7
 -0.01799127102304524   14    2   12    4
 -0.01113772398254896   14    2   12    9
 0.0199789740628934   14    2   14    2
 -0.001519209833950922   14    3    4    2
 0.0007382058157808647   14    3    7    1
 0.00483447185249493   14    3    7    3
 -0.004571801584034136   14    3    8    4
 -0.003653180200129454   14    3    9    2
 -0.006626191046882792   14    3    9    8
 -0.00709697756166358   14    3   11    4
 -0.002710625505130704   14    3   11    9
 0.004178360387361941   14    3   12    7
 0.002444206851801497   14    3   14    1
 0.006931226279010051   14    3   14    3
 -0.07365225469051542   14    4    2    1
 -0.01640545812852287   14    4    3    2
 0.06295708543667644   14    4    6    5
 0.07076124725292479   14    4    7    4
 0.01910607736013712   14    4    8    1
 -0.06241326319707863   14    4    8    3
 0.06647279681027245   14    4    9    7
 0.05204249055860794   14    4   10    6
 -0.02337186638398129   14    4   11    1
 -0.04198767871633366   14    4   11    3
 -0.0484732529386462   14    4   12    2
 0.005378018486243924   14    4   12    8
 -0.02851022021452221   14    4   12   11
 0.04600904878775266   14    4   13    5
 0.05426794387846166   14    4   13   10
 0.06003718819831143   14    4   14    4
 0.00390208090812414   14    5    6    4
 0.003902080908124145   14    5    7    5
 0.007215153125832233   14    5    9    6
 0.007215153125832235   14    5   10    7
 0.007014069705279408   14    5   13    4
 0.002482230935714174   14    5   13    9
 0.007014069705279407   14    5   14    5
 0.003655432143607504   14    6    5    4
 0.004380662247966698   14    6    7    6
 0.007590793292722444   14    6    9    5
 0.007590793292722444   14    6   10    4
 0.002798842993397545   14    6   10    9
 0.007709675028187246   14    6   13    7
 0.007709675028187242   14    6   14    6
 0.09480341108154357   14    7    1    1
 0.09722902726625285   14    7    2    2
 -0.001693488475636115   14    7    3    1
 0.08322360168146013   14    7    3    3
 0.08699217040598599   14    7    4    4
 0.07968130611877094   14    7    5    5
 0.08462239981898299   14    7    6    6
 0.0933837243149165   14    7    7    7
 -0.01292137987095541   14    7    8    2
 0.09478639756448316   14    7    8    8
 0.0681947979630089   14    7    9    4
 0.07996612780047015   14    7    9    9
 0.05301321137756401   14    7   10    5
 0.07436844181367507   14    7   10   10
 0.03414981761865322   14    7   11    2
 0.04171488593269787   14    7   11    8
 0.06078970460291289   14    7   11   11
 0.04835242308808078   14    7   12    1
 0.01511703385471744   14    7   12    3
 0.05871836191449858   14    7   12   12
 0.05382442495310277   14    7   13    6
 0.0683195954553107   14    7   13   13
 0.06924377500947723   14    7   14    7
 0.00913045898416792   14    8    4    1
 -0.004283578295394959   14    8    4    3
 -0.00866069162591054   14    8    7    2
 0.007643179420317231   14    8    8    7
 0.004340176599337445   14    8    9    1
 -0.006255228809985492   14    8    9    3
 0.004874971240923412   14    8   11    7
 0.001090549796594151   14    8   12    4
 0.006449154124430231   14    8   12    9
 -0.002709401132447595   14    8   14    2
 0.009055232003464484   14    8   14    8
 -0.1675935369077638   14    9    2    1
 -0.05442684910444637   14    9    3    2
 0.1525009392612145   14    9    6    5
 0.1756641709958935   14    9    7    4
 0.02192802553908585   14    9    8    1
 -0.1457773463733348   14    9    8    3
 0.07970105141164908   14    9    9    7
 0.07186382009750646   14    9   10    6
 -0.02583397075235348   14    9   11    1
 -0.04988956093100484   14    9   11    3
 -0.05787431507229424   14    9   12    2
 0.023815600968485   14    9   12    8
 -0.1056645065913783   14    9   12   11
 0.05426794387846172   14    9   13    5
 0.1351996998235249   14    9   13   10
 0.05923240574988994   14    9   14    4
 0.1577936445785937   14    9   14    9
 0.0115816158673395   14   10    6    4
 0.0115816158673395   14   10    7    5
 0.003918615657071285   14   10    9    6
 0.003918615657071293   14   10   10    7
 0.002482230935714175   14   10   13    4
 0.01129697237753444   14   10   13    9
 0.002482230935714169   14   10   14    5
 0.01129697237753443   14   10   14   10
 -0.02817880342659492   14   11    4    1
 -0.01171700458711483   14   11    4    3
 0.03131223327230823   14   11    7    2
 0.005839494231510811   14   11    8    7
 -0.006425229950965957   14   11    9    1
 -0.005621324228409398   14   11    9    3
 0.001529727547406025   14   11   11    7
 0.00153593024011721   14   11   12    4
 -0.0273071000647908   14   11   12    9
 0.005043901045581154   14   11   14    2
 -0.00151215032908733   14   11   14    8
 0.02448686520512983   14   11   14   11
 -0.04245199043185961   14   12    4    2
 0.04194965483014444   14   12    7    1
 0.009903555431839316   14   12    7    3
 0.003294596548692182   14   12    8    4
 -0.0151528250661687   14   12    9    2
 0.004900054207686388   14   12    9    8
 -0.001386923233777929   14   12   11    4
 -0.02293690760555644   14   12   11    9
 0.003876881506093349   14   12   12    7
 0.01049589367889494   14   12   14    1
 -0.0007001920886999183   14   12   14    3
 0.03693195776569984   14   12   14   12
 0.01231842348203234   14   13    5    4
 0.01281355679462534   14   13    7    6
 0.002202299448795693   14   13    9    5
 0.002202299448795693   14   13   10    4
 0.01272583021157393   14   13   10    9
 0.001820065115576112   14   13   13    7
 0.001820065115576096   14   13   14    6
 0.01315053878856781   14   13   14   13
 0.3864530476229313   14   14    1    1
 0.3871607813512672   14   14    2    2
 -0.006693814554152738   14   14    3    1
 0.367802580108432   14   14    3    3
 0.3859128186771937   14   14    4    4
 0.361275971713129   14   14    5    5
 0.3670336658111182   14   14    6    6
 0.392660779400369   14   14    7    7
 -0.02019653561160654   14   14    8    2
 0.3801980518943893   14   14    8    8
 0.07129384448252114   14   14    9    4
 0.3715546357870514   14   14    9    9
 0.06688924558492979   14   14   10    5
 0.3461029753639037   14   14   10   10
 0.04098649099627528   14   14   11    2
 0.05556170621368358   14   14   11    8
 0.3249443531417064   14   14   11   11
 0.05367041344095094   14   14   12    1
 0.02223666728724185   14   14   12    3
 0.336132597082543   14   14   12   12
 0.06831959545531061   14   14   13    6
 0.3365432481157603   14   14   13   13
 0.07195972568646281   14   14   14    7
 0.3628443256928958   14   14   14   14
 -0.01597374368472011   15    1    1    1
 -0.01097074241810268   15    1    2    2
 0.01686277605488359   15    1    3    1
 -0.003902827048462062   15    1    3    3
 -0.01145284220217463   15    1    4    4
 -0.01145284220217463   15    1    5    5
 -0.01361198532017054   15    1    6    6
 -0.01361198532017056   15    1    7    7
 0.02388470268851077   15    1    8    2
 -0.02305098485169039   15    1    8    8
 -0.01377369845559465   15    1    9    4
 -0.009212711076169503   15    1    9    9
 -0.01377369845559465   15    1   10    5
 -0.009212711076169498   15    1   10   10
 0.009377348944967228   15    1   11    2
 -0.0007656211760724773   15    1   11    8
 -0.00101750739435769   15    1   11   11
 -0.01131757496060796   15    1   12    1
 0.01633022193475612   15    1   12    3
 -0.005283400137923364   15    1   12   12
 -0.01213734872217373   15    1   13    6
 -0.01145040730025418   15    1   13   13
 -0.01213734872217373   15    1   14    7
 -0.01145040730025417   15    1   14   14
 0.02554310583719371   15    1   15    1
 -0.01178028466176814   15    2    2    1
 0.02252136776118788   15    2    3    2
 0.01256580563063226   15    2    6    5
 0.01256580563063227   15    2    7    4
 0.02957651835991757   15    2    8    1
 -0.01054662996470231   15    2    8    3
 0.005646772038067696   15    2    9    7
 0.005646772038067695   15    2   10    6
 0.01323121939220369   15    2   11    1
 0.008662680096746913   15    2   11    3
 -0.0007439985201562175   15    2   12    2
 0.01983889843064481   15    2   12    8
 0.005259999992208853   15    2   12   11
 0.004854448400628508   15    2   13    5
 0.01072824762532862   15    2   13   10
 0.004854448400628496   15    2   14    4
 0.01072824762532861   15    2   14    9
 0.0222076694868701   15    2   15    2
 0.07564747081552292   15    3    1    1
 0.08474774458475179   15    3    2    2
 0.01208654507762948   15    3    3    1
 0.07450856426191764   15    3    3    3
 0.06407254349635866   15    3    4    4
 0.06407254349635864   15    3    5    5
 0.0709645581756643   15    3    6    6
 0.07096455817566438   15    3    7    7
 -7.89560199237412e-05   15    3    8    2
 0.08897605401504739   15    3    8    8
 0.05157775895345361   15    3    9    4
 0.05919649833594229   15    3    9    9
 0.05157775895345357   15    3   10    5
 0.05919649833594225   15    3   10   10
 0.03380268259208629   15    3   11    2
 0.04734780819724649   15    3   11    8
 0.0620869077584108   15    3   11   11
 0.04689924035908248   15    3   12    1
 0.01079226700071401   15    3   12    3
 0.04822582327284786   15    3   12   12
 0.04908212258979051   15    3   13    6
 0.05821215560253896   15    3   13   13
 0.04908212258979056   15    3   14    7
 0.05821215560253896   15    3   14   14
 -0.01483716222627019   15    3   15    1
 0.06456001460682362   15    3   15    3
 -0.0003865542425688597   15    4    4    1
 0.001740734174775634   15    4    4    3
 0.00124042349362531   15    4    7    2
 -0.005089520767488074   15    4    8    7
 -0.005806109668585937   15    4    9    1
 0.008810752994817974   15    4    9    3
 -0.003729099090461863   15    4   11    7
 -0.004470796284012341   15    4   12    4
 0.002047840187049356   15    4   12    9
 0.002884889102326825   15    4   14    2
 -0.008077419313958938   15    4   14    8
 -0.002018440625725888   15    4   14   11
 0.01056493390590564   15    4   15    4
 -0.0003865542425688596   15    5    5    1
 0.001740734174775634   15    5    5    3
 0.001240423493625308   15    5    6    2
 -0.005089520767488069   15    5    8    6
 -0.005806109668585937   15    5   10    1
 0.008810752994817976   15    5   10    3
 -0.003729099090461863   15    5   11    6
 -0.004470796284012342   15    5   12    5
 0.002047840187049355   15    5   12   10
 0.002884889102326826   15    5   13    2
 -0.008077419313958943   15    5   13    8
 -0.002018440625725887   15    5   13   11
 0.01056493390590564   15    5   15    5
 0.005986628895283334   15    6    5    2
 -0.006987102141936799   15    6    6    1
 0.004947519032102281   15    6    6    3
 -0.0074949127921642   15    6    8    5
 0.002938613376466871   15    6   10    2
 -0.008517316334969896   15    6   10    8
 -0.00429586671917243   15    6   11    5
 -0.0009343539559902599   15    6   11   10
 -0.001458805386866783   15    6   12    6
 -0.003588710519797104   15    6   13    1
 0.006520728745664752   15    6   13    3
 -0.004823795742149702   15    6   13   12
 0.008323115242442065   15    6   15    6
 0.005986628895283337   15    7    4    2
 -0.006987102141936804   15    7    7    1
 0.004947519032102294   15    7    7    3
 -0.007494912792164209   15    7    8    4
 0.002938613376466872   15    7    9    2
 -0.008517316334969898   15    7    9    8
 -0.004295866719172431   15    7   11    4
 -0.0009343539559902688   15    7   11    9
 -0.001458805386866788   15    7   12    7
 -0.003588710519797101   15    7   14    1
 0.006520728745664751   15    7   14    3
 -0.004823795742149699   15    7   14   12
 0.008323115242442074   15    7   15    7
 0.1088607138822465   15    8    2    1
 0.01852425966376249   15    8    3    2
 -0.09531671730803384   15    8    6    5
 -0.09531671730803389   15    8    7    4
 -0.03565984951303806   15    8    8    1
 0.1064618021424827   15    8    8    3
 -0.06680613640316048   15    8    9    7
 -0.06680613640316042   15    8   10    6
 0.02338377621362551   15    8   11    1
 0.06114651307816292   15    8   11    3
 0.05955035819055771   15    8   12    2
 -0.01223464702539246   15    8   12    8
 0.04279057056483129   15    8   12   11
 -0.05743250657573779   15    8   13    5
 -0.08223539198530977   15    8   13   10
 -0.05743250657573774   15    8   14    4
 -0.08223539198530978   15    8   14    9
 -0.01133793444518157   15    8   15    2
 0.092359987722888   15    8   15    8
 -0.01616548241123454   15    9    4    1
 0.01440169078230825   15    9    4    3
 0.01179082376050245   15    9    7    2
 -0.01607367744116172   15    9    8    7
 -0.0001132350407137129   15    9    9    1
 -0.0007449480184101254   15    9    9    3
 -0.002625681440989639   15    9   11    7
 0.002544605940623354   15    9   12    4
 -0.01245202918937352   15    9   12    9
 0.002677170761471192   15    9   14    2
 -0.005757114376455155   15    9   14    8
 -0.003718282683161975   15    9   14   11
 9.398147814969771e-05   15    9   15    4
 0.02017072933151308   15    9   15    9
 -0.01616548241123454   15   10    5    1
 0.01440169078230825   15   10    5    3
 0.01179082376050244   15   10    6    2
 -0.01607367744116171   15   10    8    6
 -0.0001132350407137121   15   10   10    1
 -0.0007449480184101274   15   10   10    3
 -0.002625681440989633   15   10   11    6
 0.002544605940623356   15   10   12    5
 -0.01245202918937352   15   10   12   10
 0.002677170761471196   15   10   13    2
 -0.005757114376455156   15   10   13    8
 -0.003718282683161985   15   10   13   11
 9.39814781496939e-05   15   10   15    5
 0.02017072933151308   15   10   15   10
 0.1286965644856167   15   11    2    1
 0.0638655788309675   15   11    3    2
 -0.1167110658799098   15   11    6    5
 -0.1167110658799098   15   11    7    4
 0.004162183566922291   15   11    8    1
 0.1312445996071611   15   11    8    3
 -0.05376383842074301   15   11    9    7
 -0.05376383842074293   15   11   10    6
 0.02162356695238324   15   11   11    1
 0.04068051047940136   15   11   11    3
 0.04252463105072608   15   11   12    2
 -0.01833038865334132   15   11   12    8
 0.102071332655224   15   11   12   11
 -0.03963352856138646   15   11   13    5
 -0.104426669602249   15   11   13   10
 -0.0396335285613864   15   11   14    4
 -0.104426669602249   15   11   14    9
 -0.0006184298059258303   15   11   15    2
 0.06550081503319022   15   11   15    8
 0.1048308359882949   15   11   15   11
 -0.04214971404679242   15   12    1    1
 -0.01888801357445632   15   12    2    2
 0.05457551266666139   15   12    3    1
 -0.02376430991908399   15   12    3    3
 -0.03234725156108584   15   12    4    4
 -0.03234725156108585   15   12    5    5
 -0.02751961018377067   15   12    6    6
 -0.02751961018377067   15   12    7    7
 0.05289588775737721   15   12    8    2
 -0.03638410292077762   15   12    8    8
 -0.001597909159894755   15   12    9    4
 -0.03090007610722331   15   12    9    9
 -0.00159790915989477   15   12   10    5
 -0.03090007610722335   15   12   10   10
 0.007443053334209572   15   12   11    2
 -0.01303338775749325   15   12   11    8
 0.02439613347877718   15   12   11   11
 -0.00245094461154066   15   12   12    1
 -0.00440228573183748   15   12   12    3
 -0.01254706926760686   15   12   12   12
 -0.009182417339942687   15   12   13    6
 -0.02029325680244816   15   12   13   13
 -0.00918241733994267   15   12   14    7
 -0.02029325680244812   15   12   14   14
 0.01010538936596493   15   12   15    1
 0.0038629154882263   15   12   15    3
 0.04842416832699669   15   12   15   12
 0.002846445169977219   15   13    5    2
 -0.004488561776653305   15   13    6    1
 0.01000017803711413   15   13    6    3
 -0.01191148642735057   15   13    8    5
 0.003118523737173546   15   13   10    2
 -0.005629416871204577   15   13   10    8
 -0.0009542884872047249   15   13   11    5
 -0.007068888807266193   15   13   11   10
 -0.003648176767297389   15   13   12    6
 -0.004187660203509797   15   13   13    1
 0.003134373213881071   15   13   13    3
 0.0004130548911758225   15   13   13   12
 0.005328741641998266   15   13   15    6
 0.01072791463393347   15   13   15   13
 0.002846445169977217   15   14    4    2
 -0.004488561776653305   15   14    7    1
 0.01000017803711413   15   14    7    3
 -0.01191148642735056   15   14    8    4
 0.003118523737173546   15   14    9    2
 -0.005629416871204575   15   14    9    8
 -0.0009542884872047217   15   14   11    4
 -0.007068888807266187   15   14   11    9
 -0.003648176767297393   15   14   12    7
 -0.004187660203509796   15   14   14    1
 0.003134373213881062   15   14   14    3
 0.0004130548911758227   15   14   14   12
 0.005328741641998271   15   14   15    7
 0.01072791463393346   15   14   15   14
 0.4349079379288143   15   15    1    1
 0.4213673443974118   15   15    2    2
 -0.03925229983893553   15   15    3    1
 0.4311003671902255   15   15    3    3
 0.4004593546416714   15   15    4    4
 0.4004593546416715   15   15    5    5
 0.4028569365814801   15   15    6    6
 0.4028569365814803   15   15    7    7
 -0.04384313696613577   15   15    8    2
 0.4493416525821071   15   15    8    8
 0.07525774679298095   15   15    9    4
 0.3830082947126885   15   15    9    9
 0.07525774679298092   15   15   10    5
 0.3830082947126884   15   15   10   10
 0.04315486248757346   15   15   11    2
 0.07773714775658294   15   15   11    8
 0.3484721887480943   15   15   11   11
 0.06124963984793012   15   15   12    1
 0.03046822798975922   15   15   12    3
 0.3620797176429577   15   15   12   12
 0.08306041403939127   15   15   13    6
 0.363755446187527   15   15   13   13
 0.08306041403939135   15   15   14    7
 0.3637554461875271   15   15   14   14
 -0.01393328157492417   15   15   15    1
 0.07010223538449946   15   15   15    3
 -0.04449780366118369   15   15   15   12
 0.4351429034538977   15   15   15   15
 -0.04687222852054156   16    1    2    1
 -0.005660154641789185   16    1    3    2
 0.03888648960509212   16    1    6    5
 0.03888648960509215   16    1    7    4
 0.01838453569399816   16    1    8    1
 -0.04651873066082623   16    1    8    3
 0.03758814987707075   16    1    9    7
 0.03758814987707074   16    1   10    6
 -0.009175223889651007   16    1   11    1
 -0.02421051757570263   16    1   11    3
 -0.03107452013312443   16    1   12    2
 0.01225241445887821   16    1   12    8
 -0.01772963705137744   16    1   12   11
 0.03403215627199231   16    1   13    5
 0.03501328080205993   16    1   13   10
 0.03403215627199229   16    1   14    4
 0.0350132808020599   16    1   14    9
 0.01133012579430165   16    1   15    2
 -0.0437145123740074   16    1   15    8
 -0.02958457839134131   16    1   15   11
 0.02983139663672583   16    1   16    1
 -0.04816188422733784   16    2    1    1
 -0.04947794684192458   16    2    2    2
 0.002210971668398272   16    2    3    1
 -0.04526470246252504   16    2    3    3
 -0.03785383405769006   16    2    4    4
 -0.03785383405769007   16    2    5    5
 -0.04163707146873773   16    2    6    6
 -0.04163707146873778   16    2    7    7
 0.00871601486207319   16    2    8    2
 -0.0565321498665031   16    2    8    8
 -0.03507287968002892   16    2    9    4
 -0.0359665729080029   16    2    9    9
 -0.03507287968002892   16    2   10    5
 -0.0359665729080029   16    2   10   10
 -0.01431907497073119   16    2   11    2
 -0.02122952568070359   16    2   11    8
 -0.03502338443633154   16    2   11   11
 -0.02918225002113577   16    2   12    1
 -0.0009145329490161308   16    2   12    3
 -0.02945866929380831   16    2   12   12
 -0.03472889658440058   16    2   13    6
 -0.03384102425743597   16    2   13   13
 -0.03472889658440059   16    2   14    7
 -0.03384102425743593   16    2   14   14
 0.01481639976116   16    2   15    1
 -0.03199389328059037   16    2   15    3
 0.003647476938785467   16    2   15   12
 -0.0460694034696563   16    2   15   15
 0.0257758688326166   16    2   16    2
 0.0154297628635243   16    3    2    1
 -0.01155401119415167   16    3    3    2
 -0.01269557447308845   16    3    6    5
 -0.01269557447308848   16    3    7    4
 -0.02103083227929657   16    3    8    1
 0.01677839501327748   16    3    8    3
 -0.0151807274278149   16    3    9    7
 -0.01518072742781489   16    3   10    6
 -0.001322199362079687   16    3   11    1
 0.01142484858934943   16    3   11    3
 0.01307065258741242   16    3   12    2
 -0.009242381966206616   16    3   12    8
 -0.004143955940240009   16    3   12   11
 -0.01435596580839023   16    3   13    5
 -0.01231400299257638   16    3   13   10
 -0.01435596580839023   16    3   14    4
 -0.01231400299257638   16    3   14    9
 -0.01236825294743984   16    3   15    2
 0.02689975356471977   16    3   15    8
 0.007249142694602134   16    3   15   11
 -0.01637054837269808   16    3   16    1
 0.01565193404585815   16    3   16    3
 0.000345064815824047   16    4    4    2
 -0.0001283143181244106   16    4    7    1
 -0.0006104612627224333   16    4    7    3
 0.001437410376399975   16    4    8    4
 -0.01111781969565398   16    4    9    2
 0.004737486942038194   16    4    9    8
 -0.005027110916636895   16    4   11    4
 0.002021879090745212   16    4   11    9
 0.01311370539417756   16    4   12    7
 0.01185214314594604   16    4   14    1
 -0.0008159187195421457   16    4   14    3
 -0.003510455784069163   16    4   14   12
 -0.004433192037467768   16    4   15    7
 -0.002320526705073016   16    4   15   14
 0.01578843095684997   16    4   16    4
 0.0003450648158240487   16    5    5    2
 -0.0001283143181244209   16    5    6    1
 -0.0006104612627224323   16    5    6    3
 0.001437410376399975   16    5    8    5
 -0.01111781969565398   16    5   10    2
 0.00473748694203819   16    5   10    8
 -0.005027110916636894   16    5   11    5
 0.002021879090745216   16    5   11   10
 0.01311370539417756   16    5   12    6
 0.01185214314594604   16    5   13    1
 -0.0008159187195421509   16    5   13    3
 -0.003510455784069156   16    5   13   12
 -0.004433192037467768   16    5   15    6
 -0.00232052670507301   16    5   15   13
 0.01578843095684997   16    5   16    5
 -0.004518687420492318   16    6    5    1
 0.001637166386984502   16    6    5    3
 0.002693502964015513   16    6    6    2
 0.001023178935404212   16    6    8    6
 0.0140118851525213   16    6   10    1
 -0.003952427489126067   16    6   10    3
 -0.006158636480952715   16    6   11    6
 0.01633093764352004   16    6   12    5
 -0.007366701816948693   16    6   12   10
 -0.01286460236657097   16    6   13    2
 0.004238970439081655   16    6   13    8
 0.004842655271991237   16    6   13   11
 -0.007619101980021904   16    6   15    5
 0.002904066530725299   16    6   15   10
 0.01831824159995832   16    6   16    6
 -0.004518687420492285   16    7    4    1
 0.001637166386984499   16    7    4    3
 0.002693502964015473   16    7    7    2
 0.001023178935404221   16    7    8    7
 0.0140118851525213   16    7    9    1
 -0.003952427489126061   16    7    9    3
 -0.006158636480952709   16    7   11    7
 0.01633093764352004   16    7   12    4
 -0.007366701816948666   16    7   12    9
 -0.01286460236657098   16    7   14    2
 0.004238970439081667   16    7   14    8
 0.004842655271991214   16    7   14   11
 -0.007619101980021904   16    7   15    4
 0.002904066530725283   16    7   15    9
 0.01831824159995831   16    7   16    7
 0.05394207057464061   16    8    1    1
 0.04771942373326711   16    8    2    2
 -0.02096495441493778   16    8    3    1
 0.04472971256699278   16    8    3    3
 0.04208569422491348   16    8    4    4
 0.04208569422491348   16    8    5    5
 0.04485116427264095   16    8    6    6
 0.04485116427264101   16    8    7    7
 -0.02804611912396125   16    8    8    2
 0.06393749428535733   16    8    8    8
 0.03162343148858834   16    8    9    4
 0.04032187821548801   16    8    9    9
 0.03162343148858832   16    8   10    5
 0.04032187821548793   16    8   10   10
 0.007237559696063412   16    8   11    2
 0.02581443297240745   16    8   11    8
 0.02344476913842414   16    8   11   11
 0.02773296786986465   16    8   12    1
 -0.002784039068228853   16    8   12    3
 0.02873998466718767   16    8   12   12
 0.03209847636286924   16    8   13    6
 0.03792689772812332   16    8   13   13
 0.03209847636286926   16    8   14    7
 0.03792689772812342   16    8   14   14
 -0.02331163267654656   16    8   15    1
 0.03521244912074113   16    8   15    3
 -0.01794080690381524   16    8   15   12
 0.05572840473957555   16    8   15   15
 -0.02531121660042509   16    8   16    2
 0.03602932345793353   16    8   16    8
 -0.03276811586780515   16    9    4    2
 0.03350134036455315   16    9    7    1
 0.0002347804802453759   16    9    7    3
 0.01050566311062874   16    9    8    4
 -0.01151903278783857   16    9    9    2
 0.005340523927942238   16    9    9    8
 -0.0006883047841500596   16    9   11    4
 -0.01183061831956854   16    9   11    9
 0.003572615283949666   16    9   12    7
 0.008624086534694424   16    9   14    1
 -0.001170262546929482   16    9   14    3
 0.0270719101066003   16    9   14   12
 -0.005116746696051046   16    9   15    7
 -0.007309028772389228   16    9   15   14
 -0.004539756932838075   16    9   16    4
 0.02662718286841094   16    9   16    9
 -0.03276811586780515   16   10    5    2
 0.03350134036455314   16   10    6    1
 0.0002347804802453769   16   10    6    3
 0.01050566311062874   16   10    8    5
 -0.01151903278783858   16   10   10    2
 0.005340523927942233   16   10   10    8
 -0.0006883047841500647   16   10   11    5
 -0.01183061831956853   16   10   11   10
 0.003572615283949654   16   10   12    6
 0.008624086534694445   16   10   13    1
 -0.001170262546929481   16   10   13    3
 0.02707191010660032   16   10   13   12
 -0.005116746696051039   16   10   15    6
 -0.007309028772389235   16   10   15   13
 -0.004539756932838068   16   10   16    5
 0.02662718286841096   16   10   16   10
 -0.0009269297200126019   16   11    1    1
 -0.003642048096166989   16   11    2    2
 -0.007195074075703837   16   11    3    1
 0.003285315106696316   16   11    3    3
 -0.005269645876640046   16   11    4    4
 -0.005269645876640039   16   11    5    5
 -0.005479837814833358   16   11    6    6
 -0.005479837814833357   16   11    7    7
 -0.00617230265725554   16   11    8    2
 0.009048608817394783   16   11    8    8
 0.002173592431949068   16   11    9    4
 -0.00360103079877199   16   11    9    9
 0.002173592431949017   16   11   10    5
 -0.003601030798772036   16   11   10   10
 -0.005081839936576397   16   11   11    2
 -0.0005688781752400454   16   11   11    8
 0.003371710424580697   16   11   11   11
 0.001523825051251369   16   11   12    1
 -0.005898525859952189   16   11   12    3
 -0.001473466426632753   16   11   12   12
 0.002772439095498852   16   11   13    6
 -0.003928627194757998   16   11   13   13
 0.002772439095498905   16   11   14    7
 -0.00392862719475794   16   11   14   14
 -0.007339822854663499   16   11   15    1
 0.003696216260696933   16   11   15    3
 -0.001960613672716647   16   11   15   12
 0.008732076686399446   16   11   15   15
 -0.005927918136214511   16   11   16    2
 0.007328415462531054   16   11   16    8
 0.007415307830647582   16   11   16   11
 -0.09687510200205345   16   12    2    1
 -0.01562602962142158   16   12    3    2
 0.09485413126897171   16   12    6    5
 0.09485413126897176   16   12    7    4
 0.02919536148241289   16   12    8    1
 -0.08253949223509198   16   12    8    3
 0.03977622921483356   16   12    9    7
 0.0397762292148335   16   12   10    6
 -0.01090849169943969   16   12   11    1
 -0.03021162567846202   16   12   11    3
 -0.03233498712901588   16   12   12    2
 0.01419272590743481   16   12   12    8
 -0.04634095623355644   16   12   12   11
 0.02936243803111318   16   12   13    5
 0.08128581464455005   16   12   13   10
 0.02936243803111311   16   12   14    4
 0.08128581464455006   16   12   14    9
 0.0112606339212949   16   12   15    2
 -0.05186173607003675   16   12   15    8
 -0.04929368062928585   16   12   15   11
 0.01816577413398743   16   12   16    1
 -0.01044374641858051   16   12   16    3
 0.05479903290883811   16   12   16   12
 0.04290974109702004   16   13    5    1
 -0.003704730762256798   16   13    5    3
 -0.04191777198671037   16   13    6    2
 0.01240649368796022   16   13    8    6
 0.006841053608738389   16   13   10    1
 0.0048164903624213   16   13   10    3
 0.0009465470307720192   16   13   11    6
 -0.003550083857241747   16   13   12    5
 0.03761885580948925   16   13   12   10
 -0.007180999272294104   16   13   13    2
 0.00675126794336304   16   13   13    8
 -0.0175184252966887   16   13   13   11
 0.0003848862810696911   16   13   15    5
 -0.01687912154492413   16   13   15   10
 -0.00922493394064256   16   13   16    6
 0.03694677836011731   16   13   16   13
 0.04290974109702004   16   14    4    1
 -0.0037047307622568   16   14    4    3
 -0.04191777198671037   16   14    7    2
 0.01240649368796022   16   14    8    7
 0.006841053608738375   16   14    9    1
 0.004816490362421303   16   14    9    3
 0.0009465470307720111   16   14   11    7
 -0.003550083857241766   16   14   12    4
 0.03761885580948923   16   14   12    9
 -0.007180999272294076   16   14   14    2
 0.006751267943363032   16   14   14    8
 -0.01751842529668869   16   14   14   11
 0.0003848862810696962   16   14   15    4
 -0.01687912154492413   16   14   15    9
 -0.009224933940642549   16   14   16    7
 0.03694677836011729   16   14   16   14
 0.08854202848346721   16   15    2    1
 0.003260400515781341   16   15    3    2
 -0.08231979181091909   16   15    6    5
 -0.0823197918109191   16   15    7    4
 -0.04017632922245247   16   15    8    1
 0.08657112507033564   16   15    8    3
 -0.04146565085270336   16   15    9    7
 -0.0414656508527033   16   15   10    6
 0.004135687425916682   16   15   11    1
 0.02777270359595116   16   15   11    3
 0.03263347618315274   16   15   12    2
 -0.02245815763242424   16   15   12    8
 0.03916948929193524   16   15   12   11
 -0.03322668128692557   16   15   13    5
 -0.07242810990666035   16   15   13   10
 -0.03322668128692556   16   15   14    4
 -0.07242810990666039   16   15   14    9
 -0.02014093565669641   16   15   15    2
 0.0591006547745617   16   15   15    8
 0.05294854254467669   16   15   15   11
 -0.02753583484694696   16   15   16    1
 0.01741294397294027   16   15   16    3
 -0.04855412629213419   16   15   16   12
 0.05854972015167066   16   15   16   15
 0.4006377691816317   16   16    1    1
 0.3835969976433864   16   16    2    2
 -0.04649964240391486   16   16    3    1
 0.3775110659000104   16   16    3    3
 0.3793412848001801   16   16    4    4
 0.3793412848001801   16   16    5    5
 0.3799276817814691   16   16    6    6
 0.3799276817814692   16   16    7    7
 -0.05433131252355559   16   16    8    2
 0.3975852950300482   16   16    8    8
 0.05107296983341479   16   16    9    4
 0.3610145643091663   16   16    9    9
 0.05107296983341474   16   16   10    5
 0.3610145643091664   16   16   10   10
 0.02627412336261183   16   16   11    2
 0.05642773356435232   16   16   11    8
 0.3018263645601397   16   16   11   11
 0.04177527855439659   16   16   12    1
 0.02153179395243648   16   16   12    3
 0.3358668271253208   16   16   12   12
 0.05773584588946037   16   16   13    6
 0.3451622167102362   16   16   13   13
 0.05773584588946042   16   16   14    7
 0.3451622167102361   16   16   14   14
 -0.01531917227636469   16   16   15    1
 0.04598187219112979   16   16   15    3
 -0.05229405426614483   16   16   15   12
 0.3862727508230491   16   16   15   15
 -0.02662517418133606   16   16   16    2
 0.04167264555573835   16   16   16    8
 0.0005836247812495706   16   16   16   11
 0.3777781243175058   16   16   16   16
 -4.691647879648952    1    1  0  0
 -4.590768678620824    2    2  0  0
 0.1772851934392414    3    1  0  0
 -4.156157998571211    3    3  0  0
 -4.028959220454047    4    4  0  0
 -4.028959220454047    5    5  0  0
 -4.036899503502779    6    6  0  0
 -4.03689950350278    7    7  0  0
 0.2788393559178215    8    2  0  0
 -4.138077947320561    8    8  0  0
 -0.7184683613170169    9    4  0  0
 -2.961102637479016    9    9  0  0
 -0.7184683613170164   10    5  0  0
 -2.961102637479017   10   10  0  0
 -0.3961283218984119   11    2  0  0
 -0.6479684880279708   11    8  0  0
 -2.589919215732225   11   11  0  0
 -0.5135643763146118   12    1  0  0
 -0.2527077430706541   12    3  0  0
 -2.681162715231672   12   12  0  0
 -0.7615378609620364   13    6  0  0
 -2.71341617397545   13   13  0  0
 -0.7615378609620367   14    7  0  0
 -2.713416173975449   14   14  0  0
 0.09106523968436264   15    1  0  0
 -0.6087235357329033   15    3  0  0
 0.2887821822769333   15   12  0  0
 -3.062196673072906   15   15  0  0
 -1.039511131164934e-15   16    1  0  0
 0.3300105588634531   16    2  0  0
 -0.4143714243273049   16    8  0  0
 0.001522236821217694   16   11  0  0
 -2.431327937648555   16   16  0  0
 -83.43306195304115  0  0  0  0
