 &FCI NORB=  16,NELEC=10,MS2=0,
  ORBSYM=1,1,1,1,1,1,1,1,1,1,1,1,1,1,1,1
  ISYM=1,
 &END
 0.533090110761621    1    1    1    1
 0.1699880328361477    2    1    2    1
 0.4816261908792365    2    2    1    1
 0.4906688399299838    2    2    2    2
 -0.06369185517111013    3    1    1    1
 0.003357439327404503    3    1    2    2
 0.07509297245435384    3    1    3    1
 0.09900868021728668    3    2    2    1
 0.1144984230186218    3    2    3    2
 0.4816708622628464    3    3    1    1
 0.4813586038721068    3    3    2    2
 -0.008662250261314114    3    3    3    1
 0.4993820894649358    3    3    3    3
 0.07282031478663625    4    1    4    1
 0.05789918983231886    4    2    4    2
 0.004315302837805596    4    3    4    1
 0.02001367705616324    4    3    4    3
 0.4736320851335737    4    4    1    1
 0.4525902183935352    4    4    2    2
 -0.02765559467622084    4    4    3    1
 0.4382381573324526    4    4    3    3
 0.4592765027227945    4    4    4    4
 0.07282031478663625    5    1    5    1
 0.05789918983231886    5    2    5    2
 0.004315302837805596    5    3    5    1
 0.02001367705616324    5    3    5    3
 0.01685700262953889    5    4    5    4
 0.4736320851335737    5    5    1    1
 0.4525902183935352    5    5    2    2
 -0.02765559467622083    5    5    3    1
 0.4382381573324526    5    5    3    3
 0.4255624974637167    5    5    4    4
 0.4592765027227945    5    5    5    5
 -0.05590606964879533    6    1    5    2
 0.05548685520810798    6    1    6    1
 -0.07031500054232276    6    2    5    1
 -0.01552430353591815    6    2    5    3
 0.07490642236441356    6    2    6    2
 -0.02067315965055806    6    3    5    2
 0.01546922684454521    6    3    6    1
 0.02089808785036894    6    3    6    3
 0.01580384922720594    6    4    6    4
 -0.1703713694403938    6    5    2    1
 -0.09782125372012607    6    5    3    2
 0.1926459850341766    6    5    6    5
 0.473744615445922    6    6    1    1
 0.4644097226797531    6    6    2    2
 -0.01546864918994893    6    6    3    1
 0.4462187339799912    6    6    3    3
 0.4293808936491337    6    6    4    4
 0.463690045014826    6    6    5    5
 0.4732748100883611    6    6    6    6
 -0.05590606964879532    7    1    4    2
 0.05548685520810796    7    1    7    1
 -0.07031500054232276    7    2    4    1
 -0.01552430353591814    7    2    4    3
 0.07490642236441356    7    2    7    2
 -0.02067315965055806    7    3    4    2
 0.0154692268445452    7    3    7    1
 0.02089808785036894    7    3    7    3
 -0.1703713694403938    7    4    2    1
 -0.09782125372012607    7    4    3    2
 0.1610382865797647    7    4    6    5
 0.1926459850341766    7    4    7    4
 0.01580384922720594    7    5    6    4
 0.01580384922720594    7    5    7    5
 0.01715457568284611    7    6    5    4
 0.01828125925890446    7    6    7    6
 0.4737446154459219    7    7    1    1
 0.4644097226797529    7    7    2    2
 -0.01546864918994893    7    7    3    1
 0.4462187339799911    7    7    3    3
 0.4636900450148258    7    7    4    4
 0.4293808936491336    7    7    5    5
 0.4367122915705521    7    7    6    6
 0.4732748100883609    7    7    7    7
 -0.05823931039198391    8    1    2    1
 0.02074447333317607    8    1    3    2
 0.05711963056456101    8    1    6    5
 0.05711963056456101    8    1    7    4
 0.07486372267268224    8    1    8    1
 -0.07057664746410897    8    2    1    1
 -0.01342168995086827    8    2    2    2
 0.06406948480289613    8    2    3    1
 -0.007439972820056142    8    2    3    3
 -0.04341486608470559    8    2    4    4
 -0.04341486608470559    8    2    5    5
 -0.03556530049415114    8    2    6    6
 -0.03556530049415113    8    2    7    7
 0.06663924695040815    8    2    8    2
 0.1536130079996794    8    3    2    1
 0.1017187782503495    8    3    3    2
 -0.1461386618044134    8    3    6    5
 -0.1461386618044134    8    3    7    4
 -0.0475700453213317    8    3    8    1
 0.164402774581818    8    3    8    3
 -0.01338603148424319    8    4    4    2
 0.01789897679869524    8    4    7    1
 -0.01020871301204513    8    4    7    3
 0.01976700620915064    8    4    8    4
 -0.01338603148424319    8    5    5    2
 0.01789897679869524    8    5    6    1
 -0.01020871301204513    8    5    6    3
 0.01976700620915064    8    5    8    5
 0.02424183942313487    8    6    5    1
 -0.01368595126516663    8    6    5    3
 -0.01586570454249712    8    6    6    2
 0.02264581831611952    8    6    8    6
 0.02424183942313487    8    7    4    1
 -0.01368595126516663    8    7    4    3
 -0.01586570454249712    8    7    7    2
 0.02264581831611952    8    7    8    7
 0.5133228934631469    8    8    1    1
 0.4771515595454477    8    8    2    2
 -0.04998315630953302    8    8    3    1
 0.4918632907121653    8    8    3    3
 0.4530586435512998    8    8    4    4
 0.4530586435512998    8    8    5    5
 0.4573057372988102    8    8    6    6
 0.4573057372988101    8    8    7    7
 -0.05177386999649782    8    8    8    2
 0.5228309668806019    8    8    8    8
 0.01164058032400164    9    1    2    1
 0.02502558156994433    9    1    3    2
 -0.01219194807623194    9    1    6    5
 -0.01219194807623195    9    1    7    4
 0.01511105558111593    9    1    8    1
 0.005452607258189548    9    1    8    3
 0.01538217386120845    9    1    9    1
 0.04265446982371294    9    2    1    1
 0.06351901097874799    9    2    2    2
 0.021604950007389    9    2    3    1
 0.05801167150530902    9    2    3    3
 0.04528259931073026    9    2    4    4
 0.04528259931073025    9    2    5    5
 0.05056725988182301    9    2    6    6
 0.05056725988182301    9    2    7    7
 0.013971024612768    9    2    8    2
 0.04008164167272602    9    2    8    8
 0.03626542154786165    9    2    9    2
 0.07281665459403716    9    3    2    1
 0.04248307423051605    9    3    3    2
 -0.06721089104126179    9    3    6    5
 -0.06721089104126181    9    3    7    4
 -0.02964672197758048    9    3    8    1
 0.06982763508798658    9    3    8    3
 0.01606199858731771    9    3    9    1
 0.07008027035864936    9    3    9    3
 0.007193063995676469    9    4    4    2
 -0.005499664459960588    9    4    7    1
 -0.006324530095305389    9    4    7    3
 0.0020720754405526    9    4    8    4
 0.008325943604936903    9    4    9    4
 0.007193063995676469    9    5    5    2
 -0.005499664459960588    9    5    6    1
 -0.006324530095305389    9    5    6    3
 0.0020720754405526    9    5    8    5
 0.008325943604936905    9    5    9    5
 -0.004278108172742479    9    6    5    1
 -0.006327248101144621    9    6    5    3
 0.007620902055373077    9    6    6    2
 0.002264442749351006    9    6    8    6
 0.01041291550831052    9    6    9    6
 -0.004278108172742484    9    7    4    1
 -0.006327248101144623    9    7    4    3
 0.007620902055373082    9    7    7    2
 0.00226444274935101    9    7    8    7
 0.01041291550831052    9    7    9    7
 0.1069794668551654    9    8    1    1
 0.0904760981041734    9    8    2    2
 -0.02311868956492334    9    8    3    1
 0.09528124403159621    9    8    3    3
 0.08263825509911199    9    8    4    4
 0.08263825509911196    9    8    5    5
 0.08383301534239342    9    8    6    6
 0.08383301534239346    9    8    7    7
 -0.02623284811035438    9    8    8    2
 0.1066928602300289    9    8    8    8
 0.0307491863038283    9    8    9    2
 0.06556099596969713    9    8    9    8
 0.3751652371365251    9    9    1    1
 0.3990690489504168    9    9    2    2
 0.01999000223918649    9    9    3    1
 0.4088972381450892    9    9    3    3
 0.3582840709881253    9    9    4    4
 0.3582840709881253    9    9    5    5
 0.3700763457569027    9    9    6    6
 0.3700763457569026    9    9    7    7
 0.01661182890227673    9    9    8    2
 0.3978194120384645    9    9    8    8
 0.04045627493964619    9    9    9    2
 0.05013529140376633    9    9    9    8
 0.3801978724925976    9    9    9    9
 0.01787775086737532   10    1    4    1
 0.00574596694962264   10    1    4    3
 -0.02212418053734336   10    1    7    2
 0.007489890194122439   10    1    8    7
 -0.007214421697720559   10    1    9    7
 0.02096701680280993   10    1   10    1
 0.02737119036253102   10    2    4    2
 -0.02664802814682451   10    2    7    1
 -0.009078493397892582   10    2    7    3
 -0.007686269196878296   10    2    8    4
 0.008960324423228555   10    2    9    4
 0.02303879130721966   10    2   10    2
 0.01003494804832951   10    3    4    1
 0.006663419057165179   10    3    4    3
 -0.01222634662362563   10    3    7    2
 -0.002836118075098201   10    3    8    7
 -0.008586465385415779   10    3    9    7
 0.003164385620343457   10    3   10    1
 0.009733088215433642   10    3   10    3
 0.09326689475783767   10    4    1    1
 0.09955250998177628   10    4    2    2
 0.002402409197061088   10    4    3    1
 0.09044415032286297   10    4    3    3
 0.08451348747439834   10    4    4    4
 0.07809729876549752   10    4    5    5
 0.08610548197437054   10    4    6    6
 0.09591063206694528   10    4    7    7
 -0.01092403377784994   10    4    8    2
 0.09705101373370041   10    4    8    8
 0.03044585481432295   10    4    9    2
 0.04415897619152522   10    4    9    8
 0.06816285789011994   10    4    9    9
 0.07119246456879598   10    4   10    4
 0.003208094354450407   10    5    5    4
 0.004902575046287354   10    5    7    6
 0.008381833302194131   10    5   10    5
 0.006127257057757998   10    6    6    4
 0.006127257057757999   10    6    7    5
 0.007902520672770551   10    6   10    6
 -0.08842191067207528   10    7    2    1
 -0.04514276431171935   10    7    3    2
 0.08141664139253146   10    7    6    5
 0.09367115550804747   10    7    7    4
 0.03763753955374638   10    7    8    1
 -0.07576832716577775   10    7    8    3
 -0.01186417783845945   10    7    9    1
 -0.05623541399639848   10    7    9    3
 0.07809974010756933   10    7   10    7
 -0.009247895083771022   10    8    4    2
 0.0115639628680499   10    8    7    1
 -0.003957208535619957   10    8    7    3
 0.01017989623416164   10    8    8    4
 0.004188613956005061   10    8    9    4
 -0.005540670046357996   10    8   10    2
 0.01035625584038146   10    8   10    8
 0.01935305975182631   10    9    4    2
 -0.01595430869434405   10    9    7    1
 -0.01516083818057995   10    9    7    3
 0.004792123301783228   10    9    8    4
 0.00430185366531859   10    9    9    4
 0.008388981934193355   10    9   10    2
 0.001346600812073725   10    9   10    8
 0.01453127215376488   10    9   10    9
 0.4359838477250749   10   10    1    1
 0.4201721613124841   10   10    2    2
 -0.02197559454909958   10   10    3    1
 0.4081946080502357   10   10    3    3
 0.4257443404729666   10   10    4    4
 0.3981253812470678   10   10    5    5
 0.402121798625699   10   10    6    6
 0.4296279438173533   10   10    7    7
 -0.03671812335153612   10   10    8    2
 0.4216764109990143   10   10    8    8
 0.043906072648822   10   10    9    2
 0.07799384175590043   10   10    9    8
 0.3438471880171143   10   10    9    9
 0.07750048390935371   10   10   10    4
 0.4123235598462777   10   10   10   10
 0.01787775086737532   11    1    5    1
 0.005745966949622641   11    1    5    3
 -0.02212418053734336   11    1    6    2
 0.007489890194122439   11    1    8    6
 -0.007214421697720561   11    1    9    6
 0.02096701680280993   11    1   11    1
 0.02737119036253102   11    2    5    2
 -0.02664802814682451   11    2    6    1
 -0.009078493397892582   11    2    6    3
 -0.007686269196878297   11    2    8    5
 0.008960324423228557   11    2    9    5
 0.02303879130721966   11    2   11    2
 0.01003494804832951   11    3    5    1
 0.006663419057165178   11    3    5    3
 -0.01222634662362563   11    3    6    2
 -0.002836118075098198   11    3    8    6
 -0.008586465385415781   11    3    9    6
 0.003164385620343458   11    3   11    1
 0.009733088215433641   11    3   11    3
 0.003208094354450407   11    4    5    4
 0.004902575046287354   11    4    7    6
 0.008381833302194131   11    4   10    5
 0.008381833302194131   11    4   11    4
 0.09326689475783767   11    5    1    1
 0.09955250998177628   11    5    2    2
 0.002402409197061089   11    5    3    1
 0.09044415032286297   11    5    3    3
 0.07809729876549749   11    5    4    4
 0.08451348747439834   11    5    5    5
 0.09591063206694529   11    5    6    6
 0.0861054819743705   11    5    7    7
 -0.01092403377784995   11    5    8    2
 0.09705101373370041   11    5    8    8
 0.03044585481432296   11    5    9    2
 0.04415897619152524   11    5    9    8
 0.06816285789011993   11    5    9    9
 0.05442879796440764   11    5   10    4
 0.07353539925362609   11    5   10   10
 0.07119246456879598   11    5   11    5
 -0.08842191067207526   11    6    2    1
 -0.04514276431171934   11    6    3    2
 0.09367115550804746   11    6    6    5
 0.08141664139253146   11    6    7    4
 0.03763753955374638   11    6    8    1
 -0.07576832716577772   11    6    8    3
 -0.01186417783845946   11    6    9    1
 -0.05623541399639846   11    6    9    3
 0.06229469876202823   11    6   10    7
 0.07809974010756932   11    6   11    6
 0.006127257057757999   11    7    6    4
 0.006127257057758   11    7    7    5
 0.007902520672770551   11    7   10    6
 0.007902520672770551   11    7   11    7
 -0.009247895083771024   11    8    5    2
 0.0115639628680499   11    8    6    1
 -0.003957208535619957   11    8    6    3
 0.01017989623416164   11    8    8    5
 0.004188613956005065   11    8    9    5
 -0.005540670046357996   11    8   11    2
 0.01035625584038147   11    8   11    8
 0.01935305975182631   11    9    5    2
 -0.01595430869434405   11    9    6    1
 -0.01516083818057995   11    9    6    3
 0.004792123301783231   11    9    8    5
 0.004301853665318581   11    9    9    5
 0.00838898193419336   11    9   11    2
 0.001346600812073714   11    9   11    8
 0.01453127215376489   11    9   11    9
 0.0138094796129494   11   10    5    4
 0.0137530725958272   11   10    7    6
 0.001982542327863785   11   10   10    5
 0.001982542327863785   11   10   11    4
 0.01490440839685299   11   10   11   10
 0.4359838477250749   11   11    1    1
 0.4201721613124841   11   11    2    2
 -0.02197559454909958   11   11    3    1
 0.4081946080502357   11   11    3    3
 0.3981253812470678   11   11    4    4
 0.4257443404729666   11   11    5    5
 0.4296279438173535   11   11    6    6
 0.4021217986256989   11   11    7    7
 -0.03671812335153612   11   11    8    2
 0.4216764109990144   11   11    8    8
 0.04390607264882202   11   11    9    2
 0.07799384175590036   11   11    9    8
 0.3438471880171144   11   11    9    9
 0.07353539925362608   11   11   10    4
 0.3825147430525715   11   11   10   10
 0.0775004839093537   11   11   11    5
 0.4123235598462775   11   11   11   11
 0.05407783545777557   12    1    1    1
 0.06271195379116   12    1    2    2
 0.006981152307504941   12    1    3    1
 0.05707595166865002   12    1    3    3
 0.0483550453171105   12    1    4    4
 0.0483550453171105   12    1    5    5
 0.05391337311348801   12    1    6    6
 0.05391337311348801   12    1    7    7
 -0.001382500205587351   12    1    8    2
 0.05511054764650718   12    1    8    8
 0.02554629292232413   12    1    9    2
 0.03056775444098332   12    1    9    8
 0.04097286867301183   12    1    9    9
 0.03690134405730224   12    1   10    4
 0.04597091494674706   12    1   10   10
 0.03690134405730223   12    1   11    5
 0.04597091494674706   12    1   11   11
 0.02516932582027588   12    1   12    1
 0.06372953163411223   12    2    2    1
 0.04323197008599212   12    2    3    2
 -0.0600573745835102   12    2    6    5
 -0.0600573745835102   12    2    7    4
 -0.01776391116650343   12    2    8    1
 0.05576700698558023   12    2    8    3
 0.01816611420376018   12    2    9    1
 0.05546031677697545   12    2    9    3
 -0.05240666425619264   12    2   10    7
 -0.05240666425619264   12    2   11    6
 0.04999626774488318   12    2   12    2
 0.06757819499870756   12    3    1    1
 0.07579526317999941   12    3    2    2
 0.00655650209979431   12    3    3    1
 0.07571920727529667   12    3    3    3
 0.06034812420795922   12    3    4    4
 0.06034812420795922   12    3    5    5
 0.06343741167738524   12    3    6    6
 0.06343741167738524   12    3    7    7
 0.001865990041032312   12    3    8    2
 0.06473617124744971   12    3    8    8
 0.03827769889317403   12    3    9    2
 0.04562492574760231   12    3    9    8
 0.04621828178047789   12    3    9    9
 0.03558657234564935   12    3   10    4
 0.05838268780099828   12    3   10   10
 0.03558657234564936   12    3   11    5
 0.05838268780099824   12    3   11   11
 0.02887182945496684   12    3   12    1
 0.04557934694488704   12    3   12    3
 0.003754205768127163   12    4    4    1
 0.004422392744368567   12    4    4    3
 -0.00726273525404693   12    4    7    2
 0.001511888892499531   12    4    8    7
 -0.01028983445990724   12    4    9    7
 0.01486111900266379   12    4   10    1
 0.005940531900169171   12    4   10    3
 0.01550834836439165   12    4   12    4
 0.003754205768127163   12    5    5    1
 0.004422392744368567   12    5    5    3
 -0.007262735254046925   12    5    6    2
 0.001511888892499532   12    5    8    6
 -0.01028983445990725   12    5    9    6
 0.01486111900266379   12    5   11    1
 0.005940531900169172   12    5   11    3
 0.01550834836439165   12    5   12    5
 -0.01134679582266202   12    6    5    2
 0.01090386323095756   12    6    6    1
 0.003847155676986921   12    6    6    3
 0.003558198785645662   12    6    8    5
 -0.009750855105573351   12    6    9    5
 -0.01690802615417901   12    6   11    2
 0.0005363825778268543   12    6   11    8
 -0.003024399031686729   12    6   11    9
 0.01658173332727434   12    6   12    6
 -0.01134679582266203   12    7    4    2
 0.01090386323095757   12    7    7    1
 0.003847155676986927   12    7    7    3
 0.003558198785645663   12    7    8    4
 -0.00975085510557335   12    7    9    4
 -0.01690802615417901   12    7   10    2
 0.0005363825778268564   12    7   10    8
 -0.003024399031686734   12    7   10    9
 0.01658173332727433   12    7   12    7
 -0.00102075266913213   12    8    2    1
 0.004714882303107092   12    8    3    2
 0.003583363462883442   12    8    6    5
 0.00358336346288343   12    8    7    4
 0.003644607388637238   12    8    8    1
 -0.002021120414295894   12    8    8    3
 0.01203142011818381   12    8    9    1
 0.02691732634419627   12    8    9    3
 -0.009170425143946257   12    8   10    7
 -0.009170425143946245   12    8   11    6
 0.01998907444429441   12    8   12    2
 0.02255419192638879   12    8   12    8
 0.1294602095882538   12    9    2    1
 0.119098523061906   12    9    3    2
 -0.1297491876082362   12    9    6    5
 -0.1297491876082362   12    9    7    4
 -0.003973025444675376   12    9    8    1
 0.1370666963669223   12    9    8    3
 0.01412440610846212   12    9    9    1
 0.04211268953887191   12    9    9    3
 -0.05595933540861391   12    9   10    7
 -0.05595933540861386   12    9   11    6
 0.04160676157500481   12    9   12    2
 -0.01096116048308165   12    9   12    8
 0.158366661599315   12    9   12    9
 0.04282068243351056   12   10    4    1
 0.01155531386290721   12   10    4    3
 -0.04601753311570288   12   10    7    2
 0.006054477970717414   12   10    8    7
 -0.003355903147922549   12   10    9    7
 0.009139525015440058   12   10   10    1
 0.008656101086890414   12   10   10    3
 0.0005798674884338597   12   10   12    4
 0.03502318526536422   12   10   12   10
 0.04282068243351056   12   11    5    1
 0.01155531386290721   12   11    5    3
 -0.0460175331157029   12   11    6    2
 0.006054477970717406   12   11    8    6
 -0.003355903147922531   12   11    9    6
 0.009139525015440056   12   11   11    1
 0.008656101086890411   12   11   11    3
 0.0005798674884338627   12   11   12    5
 0.03502318526536422   12   11   12   11
 0.3717397309504095   12   12    1    1
 0.3957895237257831   12   12    2    2
 0.02216002621768989   12   12    3    1
 0.39593386817404   12   12    3    3
 0.3615734345067917   12   12    4    4
 0.3615734345067917   12   12    5    5
 0.3721627193464663   12   12    6    6
 0.3721627193464662   12   12    7    7
 0.01463392937102729   12   12    8    2
 0.3810171826490276   12   12    8    8
 0.04125716172751918   12   12    9    2
 0.04536211173678942   12   12    9    8
 0.362799115825685   12   12    9    9
 0.06059714226533504   12   12   10    4
 0.3458993226110491   12   12   10   10
 0.06059714226533504   12   12   11    5
 0.345899322611049   12   12   11   11
 0.03784726349349453   12   12   12    1
 0.04495513355767846   12   12   12    3
 0.3559171180782629   12   12   12   12
 -0.01960387857754387   13    1    5    2
 0.02056634670068463   13    1    6    1
 0.002203199766796038   13    1    6    3
 0.0103523388962798   13    1    8    5
 -0.005575603401250997   13    1    9    5
 -0.01877516525470653   13    1   11    2
 0.007349876772043655   13    1   11    8
 -0.00335856242858598   13    1   11    9
 0.01409331324921761   13    1   12    6
 0.01711245296027311   13    1   13    1
 -0.01909191054226505   13    2    5    1
 -0.00296560180859964   13    2    5    3
 0.02085830590849639   13    2    6    2
 -0.008625266093330284   13    2    8    6
 0.009643123814280195   13    2    9    6
 -0.01875540482456119   13    2   11    1
 -0.006535016531487947   13    2   11    3
 -0.01568933672299908   13    2   12    5
 -0.00913384447247592   13    2   12   11
 0.01974740581310819   13    2   13    2
 -0.001057704890862812   13    3    5    2
 -0.0006959350628022999   13    3    6    1
 0.004886594046569441   13    3    6    3
 -0.004364211904699359   13    3    8    5
 -0.007887822673905075   13    3    9    5
 -0.005603244694336137   13    3   11    2
 -0.006124491180111561   13    3   11    8
 -0.002998930852978855   13    3   11    9
 0.008266043434164681   13    3   12    6
 0.002762614173475291   13    3   13    1
 0.008262777894664616   13    3   13    3
 0.003859145392585614   13    4    6    4
 0.003859145392585615   13    4    7    5
 0.007080820383081473   13    4   10    6
 0.007080820383081472   13    4   11    7
 0.006708053688721353   13    4   13    4
 -0.06286017809994764   13    5    2    1
 -0.02594802931141082   13    5    3    2
 0.06455638826296721   13    5    6    5
 0.056838097477796   13    5    7    4
 0.0335825441380786   13    5    8    1
 -0.05340615839823057   13    5    8    3
 -0.008917871782427872   13    5    9    1
 -0.04684963614525214   13    5    9    3
 0.05052780878504343   13    5   10    7
 0.06468944955120634   13    5   11    6
 -0.04347869661478829   13    5   12    2
 -0.009987326595831954   13    5   12    8
 -0.03276035872092751   13    5   12    9
 0.05634278348225011   13    5   13    5
 0.1061088515739523   13    6    1    1
 0.1007340636999676   13    6    2    2
 -0.01021906242690221   13    6    3    1
 0.0938108863139621   13    6    3    3
 0.08554309074966276   13    6    4    4
 0.09247150102273363   13    6    5    5
 0.09927944088525106   13    6    6    6
 0.09061573465058005   13    6    7    7
 -0.02121437726464041   13    6    8    2
 0.1052790864283312   13    6    8    8
 0.03030101407114539   13    6    9    2
 0.05015911017763579   13    6    9    8
 0.06403726062921845   13    6    9    9
 0.05354318975970171   13    6   10    4
 0.08115442285908522   13    6   10   10
 0.06868852219554895   13    6   11    5
 0.08688946187978204   13    6   11   11
 0.03666211997556644   13    6   12    1
 0.03880828380481029   13    6   12    3
 0.05712109245333424   13    6   12   12
 0.07206535296502845   13    6   13    6
 0.003464205136535442   13    7    5    4
 0.004331853117335501   13    7    7    6
 0.007572666217923608   13    7   10    5
 0.007572666217923608   13    7   11    4
 0.002867519510348462   13    7   11   10
 0.007855762707199412   13    7   13    7
 0.01756909604918556   13    8    5    1
 -0.003332037272153841   13    8    5    3
 -0.01559617469456411   13    8    6    2
 0.0110096830344072   13    8    8    6
 0.005172068574562805   13    8    9    6
 0.007687100446601374   13    8   11    1
 -0.004663309790789908   13    8   11    3
 -0.0005881710613269403   13    8   12    5
 0.00846970735465102   13    8   12   11
 -0.004900712120783454   13    8   13    2
 0.01225591484539279   13    8   13    8
 -0.01915710573511424   13    9    5    1
 -0.01416671905960495   13    9    5    3
 0.02529601241540479   13    9    6    2
 0.005717125318877769   13    9    8    6
 0.001900242148535639   13    9    9    6
 -0.003574713197576326   13    9   11    1
 -0.005871150482232036   13    9   11    3
 0.000853375974517762   13    9   12    5
 -0.02213235490345226   13    9   12   11
 0.002070842412395356   13    9   13    2
 -0.002546788654373028   13    9   13    8
 0.01999010951940056   13    9   13    9
 0.01120449971094568   13   10    6    4
 0.01120449971094567   13   10    7    5
 0.004257438511384448   13   10   10    6
 0.004257438511384451   13   10   11    7
 0.002489027585318284   13   10   13    4
 0.01089862565894392   13   10   13   10
 -0.1390599071287488   13   11    2    1
 -0.08180197777271303   13   11    3    2
 0.1570155882689293   13   11    6    5
 0.134606588847038   13   11    7    4
 0.04604382196913583   13   11    8    1
 -0.1233250844425536   13   11    8    3
 -0.009227568637072999   13   11    9    1
 -0.05728434687140997   13   11    9    3
 0.0702412288734916   13   11   10    7
 0.07875610589626041   13   11   11    6
 -0.05065349309781539   13   11   12    2
 0.003560520153496274   13   11   12    8
 -0.1157583426902578   13   11   12    9
 0.05425048112578668   13   11   13    5
 0.1419461698780517   13   11   13   11
 -0.03709218368691126   13   12    5    2
 0.03418470752041044   13   12    6    1
 0.01843694217932822   13   12    6    3
 0.002493062369856511   13   12    8    5
 -0.002116796563068797   13   12    9    5
 -0.01342759853834746   13   12   11    2
 0.004951547246565146   13   12   11    8
 -0.0193436850185434   13   12   11    9
 0.001360905049039433   13   12   12    6
 0.007478421530129836   13   12   13    1
 -0.001199535013795981   13   12   13    3
 0.03390456174806938   13   12   13   12
 0.4060083921158164   13   13    1    1
 0.3997629641880051   13   13    2    2
 -0.01137684770986371   13   13    3    1
 0.3881576576299759   13   13    3    3
 0.3752379510120713   13   13    4    4
 0.3999450843255228   13   13    5    5
 0.4076278547785476   13   13    6    6
 0.3814504812638946   13   13    7    7
 -0.02598159750372472   13   13    8    2
 0.3982568107976749   13   13    8    8
 0.03702059475782294   13   13    9    2
 0.06456288157562672   13   13    9    8
 0.3377400042381395   13   13    9    9
 0.06710846918485164   13   13   10    4
 0.3607428953556128   13   13   10   10
 0.07077961646925671   13   13   11    5
 0.3869374116270968   13   13   11   11
 0.04023322327679948   13   13   12    1
 0.04738016581142687   13   13   12    3
 0.3388977250466236   13   13   12   12
 0.07308430629377125   13   13   13    6
 0.372975218729747   13   13   13   13
 -0.01960387857754384   14    1    4    2
 0.0205663467006846   14    1    7    1
 0.002203199766796029   14    1    7    3
 0.01035233889627979   14    1    8    4
 -0.00557560340125099   14    1    9    4
 -0.01877516525470651   14    1   10    2
 0.007349876772043643   14    1   10    8
 -0.00335856242858597   14    1   10    9
 0.0140933132492176   14    1   12    7
 0.01711245296027308   14    1   14    1
 -0.01909191054226501   14    2    4    1
 -0.002965601808599633   14    2    4    3
 0.02085830590849636   14    2    7    2
 -0.008625266093330274   14    2    8    7
 0.009643123814280188   14    2    9    7
 -0.01875540482456118   14    2   10    1
 -0.006535016531487937   14    2   10    3
 -0.01568933672299907   14    2   12    4
 -0.009133844472475894   14    2   12   10
 0.01974740581310816   14    2   14    2
 -0.001057704890862802   14    3    4    2
 -0.0006959350628023056   14    3    7    1
 0.004886594046569432   14    3    7    3
 -0.004364211904699352   14    3    8    4
 -0.007887822673905072   14    3    9    4
 -0.005603244694336132   14    3   10    2
 -0.006124491180111559   14    3   10    8
 -0.002998930852978846   14    3   10    9
 0.008266043434164675   14    3   12    7
 0.002762614173475289   14    3   14    1
 0.008262777894664603   14    3   14    3
 -0.06286017809994758   14    4    2    1
 -0.02594802931141079   14    4    3    2
 0.05683809747779592   14    4    6    5
 0.06455638826296711   14    4    7    4
 0.03358254413807859   14    4    8    1
 -0.05340615839823049   14    4    8    3
 -0.008917871782427879   14    4    9    1
 -0.04684963614525212   14    4    9    3
 0.0646894495512063   14    4   10    7
 0.0505278087850434   14    4   11    6
 -0.04347869661478829   14    4   12    2
 -0.009987326595831953   14    4   12    8
 -0.03276035872092745   14    4   12    9
 0.04292667610480745   14    4   13    5
 0.04927242595515017   14    4   13   11
 0.05634278348225006   14    4   14    4
 0.003859145392585606   14    5    6    4
 0.003859145392585607   14    5    7    5
 0.007080820383081468   14    5   10    6
 0.007080820383081468   14    5   11    7
 0.006708053688721349   14    5   13    4
 0.002489027585318277   14    5   13   10
 0.006708053688721347   14    5   14    5
 0.003464205136535429   14    6    5    4
 0.004331853117335489   14    6    7    6
 0.007572666217923605   14    6   10    5
 0.007572666217923605   14    6   11    4
 0.00286751951034845   14    6   11   10
 0.007855762707199409   14    6   13    7
 0.007855762707199405   14    6   14    6
 0.1061088515739522   14    7    1    1
 0.1007340636999675   14    7    2    2
 -0.0102190624269022   14    7    3    1
 0.09381088631396196   14    7    3    3
 0.09247150102273351   14    7    4    4
 0.08554309074966267   14    7    5    5
 0.09061573465057993   14    7    6    6
 0.09927944088525091   14    7    7    7
 -0.0212143772646404   14    7    8    2
 0.1052790864283311   14    7    8    8
 0.03030101407114538   14    7    9    2
 0.05015911017763569   14    7    9    8
 0.06403726062921838   14    7    9    9
 0.06868852219554891   14    7   10    4
 0.08688946187978203   14    7   10   10
 0.05354318975970169   14    7   11    5
 0.08115442285908514   14    7   11   11
 0.03666211997556648   14    7   12    1
 0.03880828380481029   14    7   12    3
 0.05712109245333424   14    7   12   12
 0.05635382755062957   14    7   13    6
 0.07036993094380706   14    7   13   13
 0.07206535296502836   14    7   14    7
 0.01756909604918554   14    8    4    1
 -0.003332037272153833   14    8    4    3
 -0.0155961746945641   14    8    7    2
 0.01100968303440718   14    8    8    7
 0.005172068574562801   14    8    9    7
 0.007687100446601368   14    8   10    1
 -0.004663309790789905   14    8   10    3
 -0.0005881710613269414   14    8   12    4
 0.00846970735465102   14    8   12   10
 -0.004900712120783436   14    8   14    2
 0.01225591484539276   14    8   14    8
 -0.01915710573511423   14    9    4    1
 -0.01416671905960495   14    9    4    3
 0.02529601241540478   14    9    7    2
 0.005717125318877765   14    9    8    7
 0.001900242148535649   14    9    9    7
 -0.003574713197576321   14    9   10    1
 -0.005871150482232032   14    9   10    3
 0.0008533759745177586   14    9   12    4
 -0.02213235490345226   14    9   12   10
 0.002070842412395331   14    9   14    2
 -0.002546788654373013   14    9   14    8
 0.01999010951940053   14    9   14    9
 -0.1390599071287487   14   10    2    1
 -0.08180197777271297   14   10    3    2
 0.1346065888470379   14   10    6    5
 0.1570155882689292   14   10    7    4
 0.0460438219691358   14   10    8    1
 -0.1233250844425536   14   10    8    3
 -0.009227568637072994   14   10    9    1
 -0.05728434687140996   14   10    9    3
 0.07875610589626046   14   10   10    7
 0.07024122887349152   14   10   11    6
 -0.0506534930978154   14   10   12    2
 0.003560520153496315   14   10   12    8
 -0.1157583426902579   14   10   12    9
 0.04927242595515018   14   10   13    5
 0.120148918560164   14   10   13   11
 0.05425048112578665   14   10   14    4
 0.1419461698780518   14   10   14   10
 0.01120449971094567   14   11    6    4
 0.01120449971094567   14   11    7    5
 0.004257438511384444   14   11   10    6
 0.004257438511384447   14   11   11    7
 0.002489027585318279   14   11   13    4
 0.01089862565894391   14   11   13   10
 0.002489027585318274   14   11   14    5
 0.0108986256589439   14   11   14   11
 -0.03709218368691124   14   12    4    2
 0.03418470752041042   14   12    7    1
 0.01843694217932822   14   12    7    3
 0.002493062369856516   14   12    8    4
 -0.002116796563068809   14   12    9    4
 -0.01342759853834744   14   12   10    2
 0.004951547246565145   14   12   10    8
 -0.0193436850185434   14   12   10    9
 0.001360905049039435   14   12   12    7
 0.007478421530129809   14   12   14    1
 -0.001199535013795986   14   12   14    3
 0.03390456174806936   14   12   14   12
 0.01235356665672574   14   13    5    4
 0.01308868675732641   14   13    7    6
 0.001835573642202577   14   13   10    5
 0.001835573642202577   14   13   11    4
 0.01309725813574197   14   13   11   10
 0.001357187674982093   14   13   13    7
 0.001357187674982084   14   13   14    6
 0.01348981535182746   14   13   14   13
 0.4060083921158161   14   14    1    1
 0.3997629641880048   14   14    2    2
 -0.01137684770986372   14   14    3    1
 0.3881576576299756   14   14    3    3
 0.3999450843255226   14   14    4    4
 0.3752379510120711   14   14    5    5
 0.3814504812638945   14   14    6    6
 0.4076278547785472   14   14    7    7
 -0.02598159750372462   14   14    8    2
 0.3982568107976747   14   14    8    8
 0.03702059475782284   14   14    9    2
 0.0645628815756267   14   14    9    8
 0.3377400042381393   14   14    9    9
 0.07077961646925671   14   14   10    4
 0.3869374116270968   14   14   10   10
 0.0671084691848515   14   14   11    5
 0.3607428953556126   14   14   11   11
 0.04023322327679946   14   14   12    1
 0.0473801658114268   14   14   12    3
 0.3388977250466234   14   14   12   12
 0.07036993094380697   14   14   13    6
 0.345995588026092   14   14   13   13
 0.07308430629377115   14   14   14    7
 0.372975218729747   14   14   14   14
 -0.0520787938811384   15    1    1    1
 -0.0435623590262417   15    1    2    2
 0.01393825005989966   15    1    3    1
 -0.04087332571981429   15    1    3    3
 -0.03650233368720606   15    1    4    4
 -0.03650233368720606   15    1    5    5
 -0.04273546523941779   15    1    6    6
 -0.04273546523941779   15    1    7    7
 0.02156148956545788   15    1    8    2
 -0.06400154410328339   15    1    8    8
 -0.002383149441675552   15    1    9    2
 -0.02607983418790672   15    1    9    8
 -0.03264592967240135   15    1    9    9
 -0.03611156724673702   15    1   10    4
 -0.03414123619223838   15    1   10   10
 -0.03611156724673702   15    1   11    5
 -0.03414123619223835   15    1   11   11
 -0.01716276086589713   15    1   12    1
 -0.007264250171012507   15    1   12    3
 -0.02307076294507244   15    1   12   12
 -0.03342622039785612   15    1   13    6
 -0.03483352782747509   15    1   13   13
 -0.0334262203978561   15    1   14    7
 -0.03483352782747507   15    1   14   14
 0.0389418533186604   15    1   15    1
 -0.03016609957465274   15    2    2    1
 0.001333832542093301   15    2    3    2
 0.02940449733795803   15    2    6    5
 0.02940449733795803   15    2    7    4
 0.02944829160160988   15    2    8    1
 -0.0267856437397453   15    2    8    3
 0.007679181984351011   15    2    9    1
 -0.009209458914170004   15    2    9    3
 0.02159255388821943   15    2   10    7
 0.02159255388821942   15    2   11    6
 -0.007710169143687145   15    2   12    2
 0.008104954484991529   15    2   12    8
 -0.01238574832214504   15    2   12    9
 0.01816396176402585   15    2   13    5
 0.02570416437032441   15    2   13   11
 0.01816396176402582   15    2   14    4
 0.02570416437032439   15    2   14   10
 0.01773131235943853   15    2   15    2
 0.0601891444632156   15    3    1    1
 0.05974474482801436   15    3    2    2
 -0.005509320644138433   15    3    3    1
 0.06242724074329815   15    3    3    3
 0.0462218910727082   15    3    4    4
 0.04622189107270819   15    3    5    5
 0.05212751899904148   15    3    6    6
 0.05212751899904149   15    3    7    7
 -0.01086319476434916   15    3    8    2
 0.07350793156285072   15    3    8    8
 0.01789435175011343   15    3    9    2
 0.04098737242111281   15    3    9    8
 0.04465911668893997   15    3    9    9
 0.03743393611015124   15    3   10    4
 0.04528125989316181   15    3   10   10
 0.03743393611015122   15    3   11    5
 0.04528125989316177   15    3   11   11
 0.02288233895130115   15    3   12    1
 0.02547436350100396   15    3   12    3
 0.03544205448414615   15    3   12   12
 0.03616916887245954   15    3   13    6
 0.04263714760283137   15    3   13   13
 0.03616916887245952   15    3   14    7
 0.04263714760283135   15    3   14   14
 -0.03094327914589116   15    3   15    1
 0.03678754031508049   15    3   15    3
 0.005053624961099131   15    4    4    1
 -0.001497091514444447   15    4    4    3
 -0.001178383147128249   15    4    7    2
 -0.002591822169946245   15    4    8    7
 -0.000556645792746656   15    4    9    7
 -0.01360115045489976   15    4   10    1
 0.006082785428374953   15    4   10    3
 -0.008338449621175173   15    4   12    4
 0.005501244104891064   15    4   12   10
 0.008262480937219907   15    4   14    2
 -0.007010312476335434   15    4   14    8
 -0.003218741798863726   15    4   14    9
 0.0182954534306923   15    4   15    4
 0.00505362496109913   15    5    5    1
 -0.001497091514444447   15    5    5    3
 -0.00117838314712825   15    5    6    2
 -0.002591822169946243   15    5    8    6
 -0.0005566457927466574   15    5    9    6
 -0.01360115045489976   15    5   11    1
 0.006082785428374954   15    5   11    3
 -0.008338449621175172   15    5   12    5
 0.005501244104891065   15    5   12   11
 0.00826248093721991   15    5   13    2
 -0.007010312476335438   15    5   13    8
 -0.003218741798863728   15    5   13    9
 0.0182954534306923   15    5   15    5
 0.009154699249184887   15    6    5    2
 -0.01075295688225934   15    6    6    1
 0.001853920590034538   15    6    6    3
 -0.008004946864540308   15    6    8    5
 -0.00141167913119959   15    6    9    5
 0.008919507605717339   15    6   11    2
 -0.009237336219888922   15    6   11    8
 -0.0004858452452709092   15    6   11    9
 -0.004690747869170361   15    6   12    6
 -0.009791834239802859   15    6   13    1
 0.003388975390598747   15    6   13    3
 -0.003764941248829458   15    6   13   12
 0.009777490296342688   15    6   15    6
 0.009154699249184889   15    7    4    2
 -0.01075295688225934   15    7    7    1
 0.001853920590034539   15    7    7    3
 -0.008004946864540311   15    7    8    4
 -0.001411679131199589   15    7    9    4
 0.008919507605717338   15    7   10    2
 -0.009237336219888925   15    7   10    8
 -0.0004858452452709093   15    7   10    9
 -0.004690747869170362   15    7   12    7
 -0.009791834239802852   15    7   14    1
 0.003388975390598746   15    7   14    3
 -0.003764941248829454   15    7   14   12
 0.00977749029634269   15    7   15    7
 0.08221367229053358   15    8    2    1
 0.02244634396413339   15    8    3    2
 -0.07665796063480648   15    8    6    5
 -0.07665796063480648   15    8    7    4
 -0.05893024267555224   15    8    8    1
 0.08194256097843354   15    8    8    3
 -0.002391834883342095   15    8    9    1
 0.05941468902804375   15    8    9    3
 -0.06049240943511838   15    8   10    7
 -0.06049240943511834   15    8   11    6
 0.04349322954121605   15    8   12    2
 0.008843191898860412   15    8   12    8
 0.04094213654022229   15    8   12    9
 -0.05078961558250635   15    8   13    5
 -0.06790127386099667   15    8   13   11
 -0.05078961558250635   15    8   14    4
 -0.06790127386099665   15    8   14   10
 -0.02845488229125927   15    8   15    2
 0.07980618050094984   15    8   15    8
 0.07698683084437896   15    9    2    1
 0.04953062877324386   15    9    3    2
 -0.0741996848870333   15    9    6    5
 -0.07419968488703331   15    9    7    4
 -0.02632020820429247   15    9    8    1
 0.08562729490813206   15    9    8    3
 0.0001462007176925645   15    9    9    1
 0.03502118559566473   15    9    9    3
 -0.04013211611859501   15    9   10    7
 -0.04013211611859498   15    9   11    6
 0.02732902879515387   15    9   12    2
 -0.0038012546932623   15    9   12    8
 0.07739009728239904   15    9   12    9
 -0.02854561496026269   15    9   13    5
 -0.0675126910398597   15    9   13   11
 -0.02854561496026269   15    9   14    4
 -0.06751269103985981   15    9   14   10
 -0.01650095211857679   15    9   15    2
 0.04675230881185145   15    9   15    8
 0.05131007898320669   15    9   15    9
 -0.04165979542661606   15   10    4    1
 0.008592704160109717   15   10    4    3
 0.03332425999536655   15   10    7    2
 -0.02147713434350508   15   10    8    7
 -0.001878577449562938   15   10    9    7
 -0.003260313852722221   15   10   10    1
 -0.003198526900931165   15   10   10    3
 0.003623555859143277   15   10   12    4
 -0.02244902626200089   15   10   12   10
 0.007026404135241497   15   10   14    2
 -0.01156855534454825   15   10   14    8
 0.003508614670403128   15   10   14    9
 -0.009002593407189615   15   10   15    4
 0.03838241674373184   15   10   15   10
 -0.04165979542661606   15   11    5    1
 0.008592704160109719   15   11    5    3
 0.03332425999536655   15   11    6    2
 -0.02147713434350508   15   11    8    6
 -0.001878577449562944   15   11    9    6
 -0.003260313852722227   15   11   11    1
 -0.003198526900931168   15   11   11    3
 0.003623555859143274   15   11   12    5
 -0.02244902626200089   15   11   12   11
 0.007026404135241523   15   11   13    2
 -0.01156855534454826   15   11   13    8
 0.003508614670403128   15   11   13    9
 -0.009002593407189617   15   11   15    5
 0.03838241674373184   15   11   15   11
 -0.02917871064498309   15   12    1    1
 -0.004956459026700626   15   12    2    2
 0.02568816918545648   15   12    3    1
 0.001567313050732949   15   12    3    3
 -0.02165393374757554   15   12    4    4
 -0.02165393374757554   15   12    5    5
 -0.01625556186825291   15   12    6    6
 -0.0162555618682529   15   12    7    7
 0.02767674034061256   15   12    8    2
 -0.01258295587740818   15   12    8    8
 0.004681578801511284   15   12    9    2
 -0.008682227969333945   15   12    9    8
 0.01913531250572919   15   12    9    9
 0.002786786575513784   15   12   10    4
 -0.01842593547445387   15   12   10   10
 0.002786786575513774   15   12   11    5
 -0.01842593547445389   15   12   11   11
 0.00212005532280742   15   12   12    1
 0.0002429146981866343   15   12   12    3
 0.0112261300725733   15   12   12   12
 -0.003614305704074384   15   12   13    6
 -0.01079786865672603   15   12   13   13
 -0.003614305704074368   15   12   14    7
 -0.01079786865672602   15   12   14   14
 -0.0004203708894625844   15   12   15    1
 0.00313601144365516   15   12   15    3
 0.01839731086367363   15   12   15   12
 0.01605552738959499   15   13    5    2
 -0.01835655496917177   15   13    6    1
 0.002839090723943776   15   13    6    3
 -0.01332135837818169   15   13    8    5
 -0.0004581673513964776   15   13    9    5
 0.008489838795500974   15   13   11    2
 -0.007967406104545128   15   13   11    8
 -0.00114177443943762   15   13   11    9
 -0.003395546031317608   15   13   12    6
 -0.00881743290539171   15   13   13    1
 0.002751328434336137   15   13   13    3
 -0.007373571490151609   15   13   13   12
 0.006614082868531087   15   13   15    6
 0.0129097108878588   15   13   15   13
 0.01605552738959498   15   14    4    2
 -0.01835655496917176   15   14    7    1
 0.002839090723943774   15   14    7    3
 -0.01332135837818168   15   14    8    4
 -0.0004581673513964773   15   14    9    4
 0.008489838795500963   15   14   10    2
 -0.007967406104545124   15   14   10    8
 -0.001141774439437615   15   14   10    9
 -0.003395546031317606   15   14   12    7
 -0.008817432905391689   15   14   14    1
 0.002751328434336139   15   14   14    3
 -0.007373571490151621   15   14   14   12
 0.006614082868531095   15   14   15    7
 0.01290971088785879   15   14   15   14
 0.4851702240489362   15   15    1    1
 0.4279947614519413   15   15    2    2
 -0.06953478137855452   15   15    3    1
 0.4353744309310819   15   15    3    3
 0.4326675167935501   15   15    4    4
 0.43266751679355   15   15    5    5
 0.4269249553707276   15   15    6    6
 0.4269249553707274   15   15    7    7
 -0.07098192567740909   15   15    8    2
 0.4742133339160691   15   15    8    8
 0.02967372371789818   15   15    9    2
 0.09764673861606656   15   15    9    8
 0.3482199003905629   15   15    9    9
 0.06929312303452137   15   15   10    4
 0.4119696325279078   15   15   10   10
 0.06929312303452137   15   15   11    5
 0.4119696325279077   15   15   11   11
 0.04002080783225349   15   15   12    1
 0.05652016116572281   15   15   12    3
 0.3416357195430799   15   15   12   12
 0.08756188286796009   15   15   13    6
 0.3791231263402449   15   15   13   13
 0.08756188286795998   15   15   14    7
 0.3791231263402449   15   15   14   14
 -0.04210475052050575   15   15   15    1
 0.05268198599786488   15   15   15    3
 -0.03069188659577307   15   15   15   12
 0.4758232127338202   15   15   15   15
 0.0427439505877612   16    1    2    1
 0.01521700968472761   16    1    3    2
 -0.03657008201218229   16    1    6    5
 -0.03657008201218229   16    1    7    4
 -0.02819994162176132   16    1    8    1
 0.04580754524092667   16    1    8    3
 0.000277499490341985   16    1    9    1
 0.03280245027038207   16    1    9    3
 -0.03885757127828252   16    1   10    7
 -0.03885757127828251   16    1   11    6
 0.02805208542104056   16    1   12    2
 0.003517272316730491   16    1   12    8
 0.02529170187575161   16    1   12    9
 -0.03410022715595101   16    1   13    5
 -0.03362752037765011   16    1   13   11
 -0.03410022715595099   16    1   14    4
 -0.03362752037765008   16    1   14   10
 -0.01761142132894721   16    1   15    2
 0.04401363740700964   16    1   15    8
 0.0261593488031224   16    1   15    9
 0.03117698816752375   16    1   16    1
 0.05577894032029133   16    2    1    1
 0.0575912528888726   16    2    2    2
 -0.001759247877969591   16    2    3    1
 0.06104777043086663   16    2    3    3
 0.04209088426128371   16    2    4    4
 0.04209088426128371   16    2    5    5
 0.04703463621759107   16    2    6    6
 0.04703463621759109   16    2    7    7
 -0.004697985973452903   16    2    8    2
 0.06557884608168663   16    2    8    8
 0.01769454386147502   16    2    9    2
 0.02985930047840697   16    2    9    8
 0.04579137904064593   16    2    9    9
 0.03794002060806195   16    2   10    4
 0.04132092559732365   16    2   10   10
 0.03794002060806195   16    2   11    5
 0.04132092559732365   16    2   11   11
 0.02331088259861389   16    2   12    1
 0.02279207834382621   16    2   12    3
 0.03648328646074497   16    2   12   12
 0.03800183623446454   16    2   13    6
 0.03665206139914499   16    2   13   13
 0.03800183623446451   16    2   14    7
 0.03665206139914495   16    2   14   14
 -0.02461720018769827   16    2   15    1
 0.02597217903526037   16    2   15    3
 0.004444814035943887   16    2   15   12
 0.04511115725629203   16    2   15   15
 0.02859008212238232   16    2   16    2
 0.002197287832934832   16    3    2    1
 0.02406496602610888   16    3    3    2
 -0.002101440167851176   16    3    6    5
 -0.00210144016785117   16    3    7    4
 0.02242627963643841   16    3    8    1
 0.002855034047983834   16    3    8    3
 0.01145406507312686   16    3    9    1
 0.001700469907760559   16    3    9    3
 -2.380364881767101e-05   16    3   10    7
 -2.380364881770005e-05   16    3   11    6
 0.006657887090317871   16    3   12    2
 0.004534753105204167   16    3   12    8
 0.017425031595895   16    3   12    9
 0.001479296687705155   16    3   13    5
 -0.00103476280504551   16    3   13   11
 0.001479296687705183   16    3   14    4
 -0.001034762805045559   16    3   14   10
 0.01001834386593227   16    3   15    2
 -0.0146092295842285   16    3   15    8
 -0.0006835328853778817   16    3   15    9
 -0.005693990259400168   16    3   16    1
 0.01380047696202135   16    3   16    3
 -0.001991674184307163   16    4    4    2
 0.001373469493981647   16    4    7    1
 0.001868249063280844   16    4    7    3
 -0.001380575489810608   16    4    8    4
 0.003479149257288012   16    4    9    4
 0.01094725697607719   16    4   10    2
 -0.0042789268141111   16    4   10    8
 -0.001686925951397859   16    4   10    9
 -0.01180420424761893   16    4   12    7
 -0.0114577619754086   16    4   14    1
 -0.002831317264449963   16    4   14    3
 0.005565829852338866   16    4   14   12
 0.008231953835579623   16    4   15    7
 0.0001836427321802588   16    4   15   14
 0.0169713475455436   16    4   16    4
 -0.001991674184307162   16    5    5    2
 0.001373469493981648   16    5    6    1
 0.001868249063280847   16    5    6    3
 -0.00138057548981061   16    5    8    5
 0.00347914925728801   16    5    9    5
 0.01094725697607718   16    5   11    2
 -0.004278926814111094   16    5   11    8
 -0.001686925951397854   16    5   11    9
 -0.01180420424761893   16    5   12    6
 -0.01145776197540859   16    5   13    1
 -0.002831317264449964   16    5   13    3
 0.005565829852338849   16    5   13   12
 0.008231953835579618   16    5   15    6
 0.0001836427321802638   16    5   15   13
 0.01697134754554359   16    5   16    5
 0.008046542414238288   16    6    5    1
 -8.337276757719443e-05   16    6    5    3
 -0.005759744154417416   16    6    6    2
 -0.0005285675173977543   16    6    8    6
 0.005128806652990334   16    6    9    6
 -0.01435116073836719   16    6   11    1
 7.581085923753508e-05   16    6   11    3
 -0.01430778080404757   16    6   12    5
 0.007869318809189226   16    6   12   11
 0.01349258867714252   16    6   13    2
 -0.00262181625257289   16    6   13    8
 -0.005269663460889813   16    6   13    9
 0.01453501792257782   16    6   15    5
 -0.008993756860153747   16    6   15   11
 0.0208096988524315   16    6   16    6
 0.008046542414238276   16    7    4    1
 -8.337276757719607e-05   16    7    4    3
 -0.005759744154417398   16    7    7    2
 -0.0005285675173977676   16    7    8    7
 0.005128806652990345   16    7    9    7
 -0.01435116073836719   16    7   10    1
 7.581085923753135e-05   16    7   10    3
 -0.01430778080404757   16    7   12    4
 0.007869318809189228   16    7   12   10
 0.01349258867714252   16    7   14    2
 -0.002621816252572875   16    7   14    8
 -0.005269663460889835   16    7   14    9
 0.01453501792257782   16    7   15    4
 -0.008993756860153742   16    7   15   10
 0.02080969885243147   16    7   16    7
 -0.0620576744793648   16    8    1    1
 -0.03575211101814769   16    8    2    2
 0.03264846443372143   16    8    3    1
 -0.03809265363631963   16    8    3    3
 -0.04000849885535075   16    8    4    4
 -0.0400084988553507   16    8    5    5
 -0.04050067421391566   16    8    6    6
 -0.0405006742139157   16    8    7    7
 0.03440684497519753   16    8    8    2
 -0.06478271955549199   16    8    8    8
 0.001913278196313215   16    8    9    2
 -0.03046953167867758   16    8    9    8
 -0.0189459396556396   16    8    9    9
 -0.02578534186530344   16    8   10    4
 -0.03750654113892998   16    8   10   10
 -0.02578534186530346   16    8   11    5
 -0.03750654113892987   16    8   11   11
 -0.01131355448937032   16    8   12    1
 -0.007155817959311176   16    8   12    3
 -0.01287718902668401   16    8   12   12
 -0.02839530342578953   16    8   13    6
 -0.03338026863117029   16    8   13   13
 -0.02839530342578951   16    8   14    7
 -0.03338026863117034   16    8   14   14
 0.03080906385551339   16    8   15    1
 -0.02506326922873484   16    8   15    3
 0.00888566630927163   16    8   15   12
 -0.05856308919433335   16    8   15   15
 -0.01854824838526964   16    8   16    2
 0.03323320460027418   16    8   16    8
 -0.004857851484489262   16    9    1    1
 0.01244327317335659   16    9    2    2
 0.02001937233669807   16    9    3    1
 0.006741914142190071   16    9    3    3
 0.005065234600612614   16    9    4    4
 0.005065234600612504   16    9    5    5
 0.007727364098682975   16    9    6    6
 0.007727364098683068   16    9    7    7
 0.01617115451752515   16    9    8    2
 -0.009479530609831097   16    9    8    8
 0.01313792038814825   16    9    9    2
 0.0004719032073113498   16    9    9    8
 0.005152921187022839   16    9    9    9
 0.002016754999981124   16    9   10    4
 0.005183268969491967   16    9   10   10
 0.002016754999981179   16    9   11    5
 0.005183268969491881   16    9   11   11
 0.004902436566030306   16    9   12    1
 0.009974542986536777   16    9   12    3
 0.01126309444411006   16    9   12   12
 -0.0003543788089642805   16    9   13    6
 0.006157025679061658   16    9   13   13
 -0.0003543788089643055   16    9   14    7
 0.006157025679061639   16    9   14   14
 0.008829162672445139   16    9   15    1
 -0.002185554255713257   16    9   15    3
 0.003142784995389892   16    9   15   12
 -0.01182007758259909   16    9   15   15
 -0.001541519918080481   16    9   16    2
 0.01050315613872185   16    9   16    8
 0.01122225276523291   16    9   16    9
 0.03272467742090464   16   10    4    2
 -0.03268743052673617   16   10    7    1
 -0.008282896681407904   16   10    7    3
 -0.01118907127411442   16   10    8    4
 0.001607712069040319   16   10    9    4
 0.01226438743438124   16   10   10    2
 -0.006477135543489515   16   10   10    8
 0.009896144125795411   16   10   10    9
 -0.002393415743596772   16   10   12    7
 -0.008827293106312731   16   10   14    1
 0.001654246890121465   16   10   14    3
 -0.02477597574754584   16   10   14   12
 0.00430843744206741   16   10   15    7
 0.01435341230820604   16   10   15   14
 -0.006472516607826949   16   10   16    4
 0.02674834857802987   16   10   16   10
 0.03272467742090464   16   11    5    2
 -0.03268743052673617   16   11    6    1
 -0.008282896681407905   16   11    6    3
 -0.01118907127411441   16   11    8    5
 0.001607712069040303   16   11    9    5
 0.01226438743438124   16   11   11    2
 -0.006477135543489491   16   11   11    8
 0.009896144125795377   16   11   11    9
 -0.002393415743596768   16   11   12    6
 -0.008827293106312742   16   11   13    1
 0.00165424689012148   16   11   13    3
 -0.02477597574754589   16   11   13   12
 0.004308437442067396   16   11   15    6
 0.01435341230820603   16   11   15   13
 -0.006472516607826937   16   11   16    5
 0.02674834857802995   16   11   16   11
 0.07051818533188504   16   12    2    1
 0.0448687103367905   16   12    3    2
 -0.07421132843837067   16   12    6    5
 -0.07421132843837065   16   12    7    4
 -0.01916103432263107   16   12    8    1
 0.05961047823318671   16   12    8    3
 0.007759084008604229   16   12    9    1
 0.03118968178590701   16   12    9    3
 -0.03189960205859513   16   12   10    7
 -0.03189960205859512   16   12   11    6
 0.02571103700910187   16   12   12    2
 0.003048307299417079   16   12   12    8
 0.05479770641566097   16   12   12    9
 -0.02015958701107901   16   12   13    5
 -0.06378752516330481   16   12   13   11
 -0.02015958701107897   16   12   14    4
 -0.06378752516330458   16   12   14   10
 -0.007775690618414607   16   12   15    2
 0.0295542646051756   16   12   15    8
 0.02896231130865199   16   12   15    9
 0.01070937944222887   16   12   16    1
 0.002253037839101509   16   12   16    3
 0.0368306530638809   16   12   16   12
 -0.04676842295529798   16   13    5    1
 -0.004334667287581597   16   13    5    3
 0.04584874639988564   16   13    6    2
 -0.01409865290581292   16   13    8    6
 -0.0002566466018451986   16   13    9    6
 -0.006171632663720871   16   13   11    1
 -0.005031929515791556   16   13   11    3
 0.004011783531900896   16   13   12    5
 -0.03381866378697688   16   13   12   11
 0.006195241057328995   16   13   13    2
 -0.0108778421991931   16   13   13    8
 0.01592182936336214   16   13   13    9
 -0.0071425190846111   16   13   15    5
 0.03197935380611414   16   13   15   11
 -0.01343296505223817   16   13   16    6
 0.04099876437188135   16   13   16   13
 -0.04676842295529798   16   14    4    1
 -0.0043346672875816   16   14    4    3
 0.04584874639988563   16   14    7    2
 -0.01409865290581291   16   14    8    7
 -0.0002566466018452085   16   14    9    7
 -0.006171632663720869   16   14   10    1
 -0.005031929515791566   16   14   10    3
 0.00401178353190091   16   14   12    4
 -0.03381866378697686   16   14   12   10
 0.00619524105732898   16   14   14    2
 -0.01087784219919316   16   14   14    8
 0.01592182936336223   16   14   14    9
 -0.007142519084611096   16   14   15    4
 0.03197935380611416   16   14   15   10
 -0.01343296505223812   16   14   16    7
 0.04099876437188114   16   14   16   14
 -0.07794902160510456   16   15    2    1
 -0.02191699515618565   16   15    3    2
 0.07968864059238825   16   15    6    5
 0.07968864059238824   16   15    7    4
 0.05072341871830057   16   15    8    1
 -0.07147878949058355   16   15    8    3
 0.006573765752935476   16   15    9    1
 -0.03056053359303198   16   15    9    3
 0.0384384812861261   16   15   10    7
 0.03843848128612609   16   15   11    6
 -0.02122706216506072   16   15   12    2
 0.005784344458145875   16   15   12    8
 -0.0479237057204655   16   15   12    9
 0.02813983416970967   16   15   13    5
 0.06959808447310359   16   15   13   11
 0.02813983416970964   16   15   14    4
 0.0695980844731038   16   15   14   10
 0.02246421373406855   16   15   15    2
 -0.0507276248381426   16   15   15    8
 -0.04059823412677716   16   15   15    9
 -0.02196218725021552   16   15   16    1
 0.01003707882310974   16   15   16    3
 -0.03295547438067645   16   15   16   12
 0.05473399083754774   16   15   16   15
 0.4163414435416444   16   16    1    1
 0.3882254329450605   16   16    2    2
 -0.03433510384221754   16   16    3    1
 0.3814811551750024   16   16    3    3
 0.3895997934097771   16   16    4    4
 0.3895997934097771   16   16    5    5
 0.3886048360285804   16   16    6    6
 0.3886048360285801   16   16    7    7
 -0.04278054218634379   16   16    8    2
 0.4009077440332237   16   16    8    8
 0.02565596453144697   16   16    9    2
 0.06407553668388666   16   16    9    8
 0.3181006275387531   16   16    9    9
 0.04659953236417656   16   16   10    4
 0.3693355869143675   16   16   10   10
 0.04659953236417651   16   16   11    5
 0.3693355869143677   16   16   11   11
 0.02775595181559893   16   16   12    1
 0.04017035601159463   16   16   12    3
 0.3227178553990036   16   16   12   12
 0.05531117841122424   16   16   13    6
 0.3498844859732996   16   16   13   13
 0.05531117841122417   16   16   14    7
 0.3498844859732994   16   16   14   14
 -0.02448979439436569   16   16   15    1
 0.03399442650638642   16   16   15    3
 -0.02346112986801906   16   16   15   12
 0.3976028086983183   16   16   15   15
 0.02308424074989856   16   16   16    2
 -1.04155485722872e-15   16   16   16    3
 -0.03249842617107625   16   16   16    8
 -9.406943547299231e-05   16   16   16    9
 2.212972714417936e-15   16   16   16   12
 -1.43982048506075e-15   16   16   16   15
 0.3667187436137002   16   16   16   16
 -5.127310578487215    1    1  0  0
 -4.769005454415307    2    2  0  0
 0.2839008913753962    3    1  0  0
 -4.472171256134147    3    3  0  0
 -4.31673114465223    4    4  0  0
 -4.31673114465223    5    5  0  0
 -4.254938380093759    6    6  0  0
 -4.254938380093758    7    7  0  0
 0.3598217557880323    8    2  0  0
 -4.3206039845821    8    8  0  0
 -0.3774728648531798    9    2  0  0
 -0.8129727722153454    9    8  0  0
 -2.812300118816257    9    9  0  0
 -0.7521133981857226   10    4  0  0
 -1.09135782166755e-15   10    7  0  0
 -3.186542322063861   10   10  0  0
 -0.7521133981857226   11    5  0  0
 -1.053478637348938e-15   11    6  0  0
 -3.186542322063861   11   11  0  0
 -0.4092790505108162   12    1  0  0
 -0.5448011922174577   12    3  0  0
 -1.055676605844661e-15   12    8  0  0
 -2.719475373712079   12   12  0  0
 -1.11808010397724e-15   13    5  0  0
 -0.8426100064092522   13    6  0  0
 -1.916054698483327e-15   13   11  0  0
 -2.873211151427143   13   13  0  0
 -1.092152320555499e-15   14    4  0  0
 -0.8426100064092509   14    7  0  0
 -2.205083557210734e-15   14   10  0  0
 -2.873211151427141   14   14  0  0
 0.341390750776316   15    1  0  0
 -1.082423241984217e-15   15    2  0  0
 -0.4749041755762501   15    3  0  0
 0.1356759824812763   15   12  0  0
 -3.196212289892809   15   15  0  0
 -0.3967818120582997   16    2  0  0
 -1.237260098482035e-15   16    4  0  0
 0.399034829162216   16    8  0  0
 -0.02228479829041781   16    9  0  0
 -2.869115837397019e-15   16   12  0  0
 2.684288647324844e-15   16   15  0  0
 -2.533004777088188   16   16  0  0
 -81.92638081564277  0  0  0  0
