 &FCI NORB=  16,NELEC=10,MS2=0,
  ORBSYM=1,1,1,1,1,1,1,1,1,1,1,1,1,1,1,1
  ISYM=1,
 &END
 0.4809822111275661    1    1    1    1
 0.2096178248410571    2    1    2    1
 0.4667315361367727    2    2    1    1
 0.4731232626901892    2    2    2    2
 -0.03661148402331336    3    1    1    1
 0.002787617193723505    3    1    2    2
 0.0765950439644906    3    1    3    1
 0.07776053859467043    3    2    2    1
 0.08410938202006686    3    2    3    2
 0.4569919530109598    3    3    1    1
 0.4546146830036251    3    3    2    2
 -0.01129983233521472    3    3    3    1
 0.46716485717106    3    3    3    3
 0.0690857959403736    4    1    4    1
 0.06080663836748026    4    2    4    2
 0.002349710877329836    4    3    4    1
 0.01875141120728839    4    3    4    3
 0.4444296954249975    4    4    1    1
 0.4389045780633902    4    4    2    2
 -0.01858671481324085    4    4    3    1
 0.4179162982339834    4    4    3    3
 0.4390073791538768    4    4    4    4
 0.0690857959403736    5    1    5    1
 0.06080663836748026    5    2    5    2
 0.002349710877329835    5    3    5    1
 0.01875141120728839    5    3    5    3
 0.01622633400314442    5    4    5    4
 0.4444296954249975    5    5    1    1
 0.4389045780633902    5    5    2    2
 -0.01858671481324086    5    5    3    1
 0.4179162982339834    5    5    3    3
 0.406554711147588    5    5    4    4
 0.4390073791538768    5    5    5    5
 -0.0602660088207027    6    1    5    2
 0.06023784866080058    6    1    6    1
 -0.06981904845694337    6    2    5    1
 -0.008900245102640574    6    2    5    3
 0.07315825428770521    6    2    6    2
 -0.01355961388228507    6    3    5    2
 0.01073981986254068    6    3    6    1
 0.01745326226131127    6    3    6    3
 0.01604470861393745    6    4    6    4
 -0.197743477966306    6    5    2    1
 -0.07112318010740307    6    5    3    2
 0.2094975739233418    6    5    6    5
 0.4499457181624875    6    6    1    1
 0.4491049547749469    6    6    2    2
 -0.01064865464606117    6    6    3    1
 0.4236542238178516    6    6    3    3
 0.4123392787681364    6    6    4    4
 0.4459753938190342    6    6    5    5
 0.4554789498776857    6    6    6    6
 -0.0602660088207027    7    1    4    2
 0.06023784866080058    7    1    7    1
 -0.06981904845694337    7    2    4    1
 -0.008900245102640572    7    2    4    3
 0.0731582542877052    7    2    7    2
 -0.01355961388228506    7    3    4    2
 0.01073981986254069    7    3    7    1
 0.01745326226131127    7    3    7    3
 -0.197743477966306    7    4    2    1
 -0.07112318010740307    7    4    3    2
 0.1774081566954669    7    4    6    5
 0.2094975739233418    7    4    7    4
 0.01604470861393745    7    5    6    4
 0.01604470861393746    7    5    7    5
 0.0168180575254489    7    6    5    4
 0.01778616930509804    7    6    7    6
 0.4499457181624876    7    7    1    1
 0.4491049547749471    7    7    2    2
 -0.01064865464606116    7    7    3    1
 0.4236542238178516    7    7    3    3
 0.4459753938190343    7    7    4    4
 0.4123392787681365    7    7    5    5
 0.4199066112674897    7    7    6    6
 0.4554789498776858    7    7    7    7
 -0.03587959596108607    8    1    2    1
 0.04450623993634643    8    1    3    2
 0.03455733306669747    8    1    6    5
 0.03455733306669748    8    1    7    4
 0.06735132657187341    8    1    8    1
 -0.04905967684140914    8    2    1    1
 -0.01437012353141684    8    2    2    2
 0.07008142647875146    8    2    3    1
 -0.01409433694842723    8    2    3    3
 -0.03413751195847029    8    2    4    4
 -0.0341375119584703    8    2    5    5
 -0.02920162460635007    8    2    6    6
 -0.02920162460635007    8    2    7    7
 0.07167162992946581    8    2    8    2
 0.1880484260501255    8    3    2    1
 0.0756024474327886    8    3    3    2
 -0.168762416226889    8    3    6    5
 -0.1687624162268891    8    3    7    4
 -0.02959636545906147    8    3    8    1
 0.1917199859531194    8    3    8    3
 -0.009110283036326354    8    4    4    2
 0.01194949379104652    8    4    7    1
 -0.01355889392378699    8    4    7    3
 0.0182845826945116    8    4    8    4
 -0.009110283036326354    8    5    5    2
 0.01194949379104652    8    5    6    1
 -0.01355889392378698    8    5    6    3
 0.0182845826945116    8    5    8    5
 0.0154499597446933    8    6    5    1
 -0.01602782724042181    8    6    5    3
 -0.01064164594530112    8    6    6    2
 0.02023768494896051    8    6    8    6
 0.0154499597446933    8    7    4    1
 -0.01602782724042181    8    7    4    3
 -0.01064164594530111    8    7    7    2
 0.02023768494896051    8    7    8    7
 0.4772445916899333    8    8    1    1
 0.4648093982583699    8    8    2    2
 -0.03467955060324504    8    8    3    1
 0.4731375995876124    8    8    3    3
 0.4320548685360086    8    8    4    4
 0.4320548685360087    8    8    5    5
 0.4382210705419034    8    8    6    6
 0.4382210705419035    8    8    7    7
 -0.04284610195296181    8    8    8    2
 0.4990582871756809    8    8    8    8
 0.01973185254114249    9    1    4    1
 0.005362146067674106    9    1    4    3
 -0.02324702914078954    9    1    7    2
 0.00453957721138908    9    1    8    7
 0.02151177230015637    9    1    9    1
 0.02734122022474808    9    2    4    2
 -0.027205024299503    9    2    7    1
 -0.005785801481988955    9    2    7    3
 -0.005208059893737946    9    2    8    4
 0.02263841245777715    9    2    9    2
 0.009874933502334534    9    3    4    1
 0.003931227615596836    9    3    4    3
 -0.01022940665313934    9    3    7    2
 -0.003296095572276963    9    3    8    7
 0.001684305756444052    9    3    9    1
 0.009707469232092696    9    3    9    3
 0.09063437146624036    9    4    1    1
 0.09766024683647288    9    4    2    2
 0.006591076467502812    9    4    3    1
 0.0814538060227708    9    4    3    3
 0.08463591024560436    9    4    4    4
 0.07694085906723283    9    4    5    5
 0.08373244294328726    9    4    6    6
 0.09381659629801639    9    4    7    7
 -0.007091210996875824    9    4    8    2
 0.09230124952570229    9    4    8    8
 0.07015174515666803    9    4    9    4
 0.003847525589185776    9    5    5    4
 0.005042076677364578    9    5    7    6
 0.008051844419283617    9    5    9    5
 0.005895794430407271    9    6    6    4
 0.005895794430407271    9    6    7    5
 0.007733713325593924    9    6    9    6
 -0.09601614837337337    9    7    2    1
 -0.03003889354394304    9    7    3    2
 0.08382720220754486    9    7    6    5
 0.0956187910683594    9    7    7    4
 0.02332553716039733    9    7    8    1
 -0.0816492382273558    9    7    8    3
 0.07687405947132539    9    7    9    7
 -0.006589730007595513    9    8    4    2
 0.007888663857087077    9    8    7    1
 -0.005232523875851763    9    8    7    3
 0.008370295746930153    9    8    8    4
 -0.003613962270873293    9    8    9    2
 0.009045850990351101    9    8    9    8
 0.4110355090122301    9    9    1    1
 0.4056927032480521    9    9    2    2
 -0.01751193358268823    9    9    3    1
 0.3897320184668592    9    9    3    3
 0.4065567857990052    9    9    4    4
 0.3805764947183963    9    9    5    5
 0.3854864342309725    9    9    6    6
 0.4117616933825868    9    9    7    7
 -0.03065452855529851    9    9    8    2
 0.4028075534525925    9    9    8    8
 0.07617564221503038    9    9    9    4
 0.3929756304557774    9    9    9    9
 0.01973185254114249   10    1    5    1
 0.005362146067674106   10    1    5    3
 -0.02324702914078954   10    1    6    2
 0.00453957721138908   10    1    8    6
 0.02151177230015637   10    1   10    1
 0.02734122022474808   10    2    5    2
 -0.027205024299503   10    2    6    1
 -0.005785801481988956   10    2    6    3
 -0.005208059893737946   10    2    8    5
 0.02263841245777715   10    2   10    2
 0.009874933502334534   10    3    5    1
 0.003931227615596836   10    3    5    3
 -0.01022940665313934   10    3    6    2
 -0.003296095572276966   10    3    8    6
 0.001684305756444051   10    3   10    1
 0.009707469232092696   10    3   10    3
 0.003847525589185776   10    4    5    4
 0.005042076677364578   10    4    7    6
 0.008051844419283617   10    4    9    5
 0.008051844419283617   10    4   10    4
 0.09063437146624037   10    5    1    1
 0.0976602468364729   10    5    2    2
 0.006591076467502809   10    5    3    1
 0.0814538060227708   10    5    3    3
 0.07694085906723283   10    5    4    4
 0.08463591024560436   10    5    5    5
 0.09381659629801638   10    5    6    6
 0.08373244294328727   10    5    7    7
 -0.007091210996875823   10    5    8    2
 0.09230124952570229   10    5    8    8
 0.05404805631810077   10    5    9    4
 0.07128459306352754   10    5    9    9
 0.07015174515666801   10    5   10    5
 -0.0960161483733734   10    6    2    1
 -0.03003889354394306   10    6    3    2
 0.09561879106835941   10    6    6    5
 0.08382720220754486   10    6    7    4
 0.02332553716039733   10    6    8    1
 -0.08164923822735581   10    6    8    3
 0.06140663282013754   10    6    9    7
 0.07687405947132539   10    6   10    6
 0.005895794430407267   10    7    6    4
 0.005895794430407266   10    7    7    5
 0.007733713325593922   10    7    9    6
 0.007733713325593923   10    7   10    7
 -0.006589730007595511   10    8    5    2
 0.007888663857087077   10    8    6    1
 -0.005232523875851763   10    8    6    3
 0.008370295746930153   10    8    8    5
 -0.003613962270873292   10    8   10    2
 0.009045850990351097   10    8   10    8
 0.01299014554030444   10    9    5    4
 0.01313762957580719   10    9    7    6
 0.002445524575751422   10    9    9    5
 0.002445524575751422   10    9   10    4
 0.01374750178436026   10    9   10    9
 0.4110355090122301   10   10    1    1
 0.4056927032480521   10   10    2    2
 -0.01751193358268823   10   10    3    1
 0.3897320184668592   10   10    3    3
 0.3805764947183963   10   10    4    4
 0.4065567857990052   10   10    5    5
 0.4117616933825867   10   10    6    6
 0.3854864342309725   10   10    7    7
 -0.03065452855529852   10   10    8    2
 0.4028075534525926   10   10    8    8
 0.07128459306352757   10   10    9    4
 0.3654806268870568   10   10    9    9
 0.07617564221503038   10   10   10    5
 0.3929756304557774   10   10   10   10
 0.03049633923459275   11    1    2    1
 0.0265710703372051   11    1    3    2
 -0.02749357286619254   11    1    6    5
 -0.02749357286619254   11    1    7    4
 0.01071572954108107   11    1    8    1
 0.02300506733383778   11    1    8    3
 -0.02402760867187683   11    1    9    7
 -0.02402760867187682   11    1   10    6
 0.02047512310006461   11    1   11    1
 0.05063628573258688   11    2    1    1
 0.06259619828513675   11    2    2    2
 0.02084421161975686   11    2    3    1
 0.05390424810539116   11    2    3    3
 0.04784079834377267   11    2    4    4
 0.04784079834377268   11    2    5    5
 0.05202506231682284   11    2    6    6
 0.05202506231682282   11    2    7    7
 0.01467804408406955   11    2    8    2
 0.04673283898602577   11    2    8    8
 0.03323798025708075   11    2    9    4
 0.044964837843721   11    2    9    9
 0.03323798025708075   11    2   10    5
 0.044964837843721   11    2   10   10
 0.03581491533081591   11    2   11    2
 0.06989069118466243   11    3    2    1
 0.02690807804605096   11    3    3    2
 -0.0603428958447263   11    3    6    5
 -0.06034289584472632   11    3    7    4
 -0.01350397894005857   11    3    8    1
 0.06611434428190377   11    3    8    3
 -0.04966349798077298   11    3    9    7
 -0.04966349798077296   11    3   10    6
 0.02714261796448851   11    3   11    1
 0.05842271131418712   11    3   11    3
 0.007513379290025111   11    4    4    2
 -0.006806642052209137   11    4    7    1
 -0.004833010070384018   11    4    7    3
 0.001790046923530908   11    4    8    4
 0.0105225554944267   11    4    9    2
 0.004248944492209344   11    4    9    8
 0.009754391131685023   11    4   11    4
 0.007513379290025111   11    5    5    2
 -0.006806642052209138   11    5    6    1
 -0.004833010070384018   11    5    6    3
 0.00179004692353091   11    5    8    5
 0.0105225554944267   11    5   10    2
 0.004248944492209345   11    5   10    8
 0.009754391131685025   11    5   11    5
 -0.005742008548680844   11    6    5    1
 -0.005092442300685449   11    6    5    3
 0.007743298391799732   11    6    6    2
 0.002165392694805034   11    6    8    6
 -0.009918301447324926   11    6   10    1
 -0.007309544256666354   11    6   10    3
 0.01134655247944995   11    6   11    6
 -0.005742008548680838   11    7    4    1
 -0.005092442300685446   11    7    4    3
 0.007743298391799723   11    7    7    2
 0.002165392694805031   11    7    8    7
 -0.009918301447324926   11    7    9    1
 -0.007309544256666356   11    7    9    3
 0.01134655247944995   11    7   11    7
 0.08424090470911487   11    8    1    1
 0.08197861147587485   11    8    2    2
 -0.009098060905315718   11    8    3    1
 0.08223612690896864   11    8    3    3
 0.06962262277201708   11    8    4    4
 0.06962262277201707   11    8    5    5
 0.07217274083268296   11    8    6    6
 0.07217274083268296   11    8    7    7
 -0.01412022564969601   11    8    8    2
 0.08913797484029815   11    8    8    8
 0.04020060376010027   11    8    9    4
 0.06618044952088989   11    8    9    9
 0.04020060376010024   11    8   10    5
 0.06618044952088981   11    8   10   10
 0.03353662726573545   11    8   11    2
 0.05305603472936113   11    8   11    8
 0.02408978166819728   11    9    4    2
 -0.02234428393647203   11    9    7    1
 -0.01356811904805309   11    9    7    3
 0.005412093842402332   11    9    8    4
 0.0095393220625611   11    9    9    2
 0.001122831523523751   11    9    9    8
 0.003669471430793343   11    9   11    4
 0.01781396315629691   11    9   11    9
 0.02408978166819728   11   10    5    2
 -0.02234428393647203   11   10    6    1
 -0.01356811904805309   11   10    6    3
 0.005412093842402331   11   10    8    5
 0.009539322062561102   11   10   10    2
 0.001122831523523751   11   10   10    8
 0.003669471430793343   11   10   11    5
 0.01781396315629691   11   10   11   10
 0.3613155342696903   11   11    1    1
 0.3824818371415378   11   11    2    2
 0.03510939254457255   11   11    3    1
 0.3815769545892607   11   11    3    3
 0.3459933771579245   11   11    4    4
 0.3459933771579245   11   11    5    5
 0.3559460277134432   11   11    6    6
 0.3559460277134432   11   11    7    7
 0.0272594036780094   11   11    8    2
 0.379209787194756   11   11    8    8
 0.06527448583424539   11   11    9    4
 0.3305549376010261   11   11    9    9
 0.06527448583424536   11   11   10    5
 0.3305549376010261   11   11   10   10
 0.04386773423986824   11   11   11    2
 0.04562500916069467   11   11   11    8
 0.3694455179988178   11   11   11   11
 0.06782162831689689   12    1    1    1
 0.07426468522529565   12    1    2    2
 0.007089988390029535   12    1    3    1
 0.06279214491562737   12    1    3    3
 0.05910086424439322   12    1    4    4
 0.05910086424439323   12    1    5    5
 0.06476944213054094   12    1    6    6
 0.06476944213054092   12    1    7    7
 -0.003173056116181667   12    1    8    2
 0.06968773880131425   12    1    8    8
 0.04589462032072229   12    1    9    4
 0.05491191459458926   12    1    9    9
 0.04589462032072231   12    1   10    5
 0.05491191459458928   12    1   10   10
 0.03007753277373972   12    1   11    2
 0.03622736567607449   12    1   11    8
 0.04843834207424371   12    1   11   11
 0.03729912432585407   12    1   12    1
 0.07369959682031747   12    2    2    1
 0.02757219210756814   12    2    3    2
 -0.06566871329653209   12    2    6    5
 -0.06566871329653209   12    2    7    4
 -0.01379661900580745   12    2    8    1
 0.06390016592036138   12    2    8    3
 -0.0542833698856876   12    2    9    7
 -0.05428336988568761   12    2   10    6
 0.02542017382369337   12    2   11    1
 0.04933897344544463   12    2   11    3
 0.04878689047166047   12    2   12    2
 0.04623130867446933   12    3    1    1
 0.04935499371005454   12    3    2    2
 0.005506741163259787   12    3    3    1
 0.04882666253139732   12    3    3    3
 0.04129192423574151   12    3    4    4
 0.04129192423574151   12    3    5    5
 0.04202655001839872   12    3    6    6
 0.04202655001839872   12    3    7    7
 0.004568998180106265   12    3    8    2
 0.04116132179619299   12    3    8    8
 0.02115683831420169   12    3    9    4
 0.03985217649430094   12    3    9    9
 0.02115683831420169   12    3   10    5
 0.03985217649430092   12    3   10   10
 0.02943829631388451   12    3   11    2
 0.03210313436781338   12    3   11    8
 0.02862754990837293   12    3   11   11
 0.02125347602378475   12    3   12    1
 0.02940435405609165   12    3   12    3
 0.004828992588226464   12    4    4    1
 0.003917092221805156   12    4    4    3
 -0.007579645842242012   12    4    7    2
 0.001455118515809584   12    4    8    7
 0.0175406715343639   12    4    9    1
 0.002642279582671382   12    4    9    3
 -0.01177578405911656   12    4   11    7
 0.01847527561161173   12    4   12    4
 0.004828992588226463   12    5    5    1
 0.003917092221805157   12    5    5    3
 -0.007579645842242016   12    5    6    2
 0.001455118515809583   12    5    8    6
 0.0175406715343639   12    5   10    1
 0.002642279582671382   12    5   10    3
 -0.01177578405911656   12    5   11    6
 0.01847527561161173   12    5   12    5
 -0.01233000740992739   12    6    5    2
 0.01237290722477405   12    6    6    1
 0.002091889574598367   12    6    6    3
 0.00346011166750231   12    6    8    5
 -0.01788095460801859   12    6   10    2
 0.0007846415275163852   12    6   10    8
 -0.01112325155357792   12    6   11    5
 -0.002837442751987519   12    6   11   10
 0.01770474750015075   12    6   12    6
 -0.01233000740992738   12    7    4    2
 0.01237290722477405   12    7    7    1
 0.002091889574598364   12    7    7    3
 0.003460111667502309   12    7    8    4
 -0.01788095460801859   12    7    9    2
 0.000784641527516388   12    7    9    8
 -0.01112325155357792   12    7   11    4
 -0.002837442751987524   12    7   11    9
 0.01770474750015075   12    7   12    7
 -0.01293826310057592   12    8    2    1
 0.006412525717517483   12    8    3    2
 0.01396661850765535   12    8    6    5
 0.01396661850765535   12    8    7    4
 0.0135687299326131   12    8    8    1
 -0.01392343999107643   12    8    8    3
 -0.0006710858753040959   12    8    9    7
 -0.0006710858753040726   12    8   10    6
 0.01414771107561161   12    8   11    1
 0.01760579077356807   12    8   11    3
 0.009684779062412677   12    8   12    2
 0.02121072638383515   12    8   12    8
 0.0483291065806236   12    9    4    1
 0.00568542647990352   12    9    4    3
 -0.0496720368374139   12    9    7    2
 0.005705818926716896   12    9    8    7
 0.010530764618924   12    9    9    1
 0.008470177354174314   12    9    9    3
 -0.002444341576346622   12    9   11    7
 -0.0007702171885375852   12    9   12    4
 0.0415171754595786   12    9   12    9
 0.0483291065806236   12   10    5    1
 0.005685426479903517   12   10    5    3
 -0.04967203683741391   12   10    6    2
 0.005705818926716897   12   10    8    6
 0.010530764618924   12   10   10    1
 0.008470177354174314   12   10   10    3
 -0.002444341576346625   12   10   11    6
 -0.0007702171885375864   12   10   12    5
 0.04151717545957861   12   10   12   10
 0.1379780003898188   12   11    2    1
 0.09093394543820295   12   11    3    2
 -0.1303984530410483   12   11    6    5
 -0.1303984530410483   12   11    7    4
 0.01771188650927242   12   11    8    1
 0.1351531596167124   12   11    8    3
 -0.05097752074943315   12   11    9    7
 -0.05097752074943321   12   11   10    6
 0.02193399314086057   12   11   11    1
 0.03279888934990457   12   11   11    3
 0.03773196185140442   12   11   12    2
 -0.01220933509244075   12   11   12    8
 0.1401256878676257   12   11   12   11
 0.3730679498709799   12   12    1    1
 0.3826431593414383   12   12    2    2
 0.01348797100443099   12   12    3    1
 0.3749984764342326   12   12    3    3
 0.3586324355082433   12   12    4    4
 0.3586324355082433   12   12    5    5
 0.365613184127253   12   12    6    6
 0.365613184127253   12   12    7    7
 0.00485951760963125   12   12    8    2
 0.37611517622048   12   12    8    8
 0.05812121493495084   12   12    9    4
 0.3410187608566776   12   12    9    9
 0.05812121493495084   12   12   10    5
 0.3410187608566776   12   12   10   10
 0.038459220660157   12   12   11    2
 0.0451337897216535   12   12   11    8
 0.344040822791977   12   12   11   11
 0.04291982518242054   12   12   12    1
 0.0288502710751799   12   12   12    3
 0.3373791967109314   12   12   12   12
 -0.02030394927889977   13    1    5    2
 0.02068696913197919   13    1    6    1
 0.001856685302256355   13    1    6    3
 0.006696989009781123   13    1    8    5
 -0.01953116163892195   13    1   10    2
 0.00450466381147483   13    1   10    8
 -0.008664742180724336   13    1   11    5
 -0.005448064492665427   13    1   11   10
 0.0164172221696106   13    1   12    6
 0.01772283439906538   13    1   13    1
 -0.01967933598453868   13    2    5    1
 -0.002633878777077741   13    2    5    3
 0.02174447539980597   13    2    6    2
 -0.005758890575454444   13    2    8    6
 -0.01978625303047962   13    2   10    1
 -0.004372461922421857   13    2   10    3
 0.01126995767247411   13    2   11    6
 -0.01728988662904442   13    2   12    5
 -0.01058481550053777   13    2   12   10
 0.01991800495294277   13    2   13    2
 -0.001395043806882486   13    3    5    2
 0.0004359661435246384   13    3    6    1
 0.004929807295376064   13    3    6    3
 -0.004591020283339171   13    3    8    5
 -0.004069695314021374   13    3   10    2
 -0.006553743198642541   13    3   10    8
 -0.007321662283815317   13    3   11    5
 -0.002761958516732709   13    3   11   10
 0.005603791738453322   13    3   12    6
 0.002587469487173524   13    3   13    1
 0.00714279204410639   13    3   13    3
 0.003846972651515745   13    4    6    4
 0.003846972651515743   13    4    7    5
 0.007178273800501627   13    4    9    6
 0.007178273800501627   13    4   10    7
 0.006936208057169063   13    4   13    4
 -0.07125546150863658   13    5    2    1
 -0.01829184911495636   13    5    3    2
 0.06901399158840855   13    5    6    5
 0.06132004628537704   13    5    7    4
 0.02207531169387777   13    5    8    1
 -0.06063700354851056   13    5    8    3
 0.05175203907671432   13    5    9    7
 0.06610858667771757   13    5   10    6
 -0.02044593785310418   13    5   11    1
 -0.04309576571767006   13    5   11    3
 -0.0469448580979149   13    5   12    2
 -0.002595425146448533   13    5   12    8
 -0.03212480433652788   13    5   12   11
 0.0590268803877957   13    5   13    5
 0.09637909074180054   13    6    1    1
 0.09806014953283959   13    6    2    2
 -0.00321424075182658   13    6    3    1
 0.0855492941999713   13    6    3    3
 0.08057058885108402   13    6    4    4
 0.0877013077994984   13    6    5    5
 0.09456097231607537   13    6    6    6
 0.08583916509585925   13    6    7    7
 -0.01479816747564157   13    6    8    2
 0.09718441560996428   13    6    8    8
 0.05302324439288033   13    6    9    4
 0.07589030185418655   13    6    9    9
 0.06820432477807396   13    6   10    5
 0.08153720849711479   13    6   10   10
 0.03317535150001989   13    6   11    2
 0.0433625421921582   13    6   11    8
 0.06105826965421642   13    6   11   11
 0.04535777872818171   13    6   12    1
 0.02414823886975282   13    6   12    3
 0.05708355870277505   13    6   12   12
 0.06965826424844107   13    6   13    6
 0.00356535947420719   13    7    5    4
 0.004360903610108052   13    7    7    6
 0.00759054019259682   13    7    9    5
 0.00759054019259682   13    7   10    4
 0.002823453321464149   13    7   10    9
 0.007732303601543542   13    7   13    7
 0.01080859055795425   13    8    5    1
 -0.004236901366732031   13    8    5    3
 -0.01012712592819881   13    8    6    2
 0.008277180096483847   13    8    8    6
 0.00497500855689687   13    8   10    1
 -0.005906103528429615   13    8   10    3
 0.004918040891422183   13    8   11    6
 3.163742338437043e-05   13    8   12    5
 0.006560373474956234   13    8   12   10
 -0.003140230549155298   13    8   13    2
 0.009573072138616712   13    8   13    8
 0.01149765848159971   13    9    6    4
 0.01149765848159971   13    9    7    5
 0.004036512290379917   13    9    9    6
 0.004036512290379915   13    9   10    7
 0.002462777717585528   13    9   13    4
 0.01120181045400074   13    9   13    9
 -0.1617442275837896   13   10    2    1
 -0.06035567294940285   13   10    3    2
 0.1712865420088588   13   10    6    5
 0.1482912250456593   13   10    7    4
 0.02670446057025796   13   10    8    1
 -0.1412595097696589   13   10    8    3
 0.07201628246604333   13   10    9    7
 0.08008930704680325   13   10   10    6
 -0.02267536061792704   13   10   11    1
 -0.05143479379856582   13   10   11    3
 -0.0555440906342106   13   10   12    2
 0.01246150616286841   13   10   12    8
 -0.1154448197630048   13   10   12   11
 0.05787735246405981   13   10   13    5
 0.1540104017726857   13   10   13   10
 -0.02626811951286045   13   11    5    1
 -0.01230726673820881   13   11    5    3
 0.02997112757539484   13   11    6    2
 0.005812956633577519   13   11    8    6
 -0.005884858693473244   13   11   10    1
 -0.005776623262016409   13   11   10    3
 0.001646692046108461   13   11   11    6
 0.001279848039905205   13   11   12    5
 -0.026368283898293   13   11   12   10
 0.00439096362573377   13   11   13    2
 -0.00184629312929395   13   11   13    8
 0.02336964743838198   13   11   13   11
 -0.04112114601023251   13   12    5    2
 0.04012494162468203   13   12    6    1
 0.01260587028418289   13   12    6    3
 0.002137304401543739   13   12    8    5
 -0.01472431207928445   13   12   10    2
 0.004489655656879739   13   12   10    8
 -0.001677282056589614   13   12   11    5
 -0.02254954152766984   13   12   11   10
 0.002765860222783778   13   12   12    6
 0.009500303066555988   13   12   13    1
 -0.0005468782738277181   13   12   13    3
 0.03637072904823456   13   12   13   12
 0.3901833043858756   13   13    1    1
 0.3901701218849071   13   13    2    2
 -0.007316590450823188   13   13    3    1
 0.3723217649217014   13   13    3    3
 0.3641933920694013   13   13    4    4
 0.3888337671622304   13   13    5    5
 0.3961172194463482   13   13    6    6
 0.3703652069737063   13   13    7    7
 -0.02146146825430046   13   13    8    2
 0.3845734801937083   13   13    8    8
 0.06679132418676562   13   13    9    4
 0.3496885933920063   13   13    9    9
 0.0710251131817691   13   13   10    5
 0.3753138092602842   13   13   10   10
 0.0399967834845978   13   13   11    2
 0.05731720219022817   13   13   11    8
 0.3273420445662343   13   13   11   11
 0.05035646258526191   13   13   12    1
 0.03230399872842719   13   13   12    3
 0.3337731425405435   13   13   12   12
 0.07197921675729319   13   13   13    6
 0.3650823350394651   13   13   13   13
 -0.02030394927889978   14    1    4    2
 0.0206869691319792   14    1    7    1
 0.001856685302256358   14    1    7    3
 0.006696989009781126   14    1    8    4
 -0.01953116163892195   14    1    9    2
 0.004504663811474832   14    1    9    8
 -0.008664742180724336   14    1   11    4
 -0.005448064492665433   14    1   11    9
 0.0164172221696106   14    1   12    7
 0.01772283439906539   14    1   14    1
 -0.0196793359845387   14    2    4    1
 -0.002633878777077743   14    2    4    3
 0.02174447539980598   14    2    7    2
 -0.005758890575454446   14    2    8    7
 -0.01978625303047962   14    2    9    1
 -0.004372461922421859   14    2    9    3
 0.01126995767247411   14    2   11    7
 -0.01728988662904442   14    2   12    4
 -0.01058481550053778   14    2   12    9
 0.01991800495294277   14    2   14    2
 -0.001395043806882491   14    3    4    2
 0.0004359661435246417   14    3    7    1
 0.004929807295376068   14    3    7    3
 -0.004591020283339175   14    3    8    4
 -0.004069695314021375   14    3    9    2
 -0.006553743198642542   14    3    9    8
 -0.007321662283815317   14    3   11    4
 -0.002761958516732717   14    3   11    9
 0.005603791738453323   14    3   12    7
 0.002587469487173525   14    3   14    1
 0.007142792044106395   14    3   14    3
 -0.07125546150863661   14    4    2    1
 -0.01829184911495638   14    4    3    2
 0.06132004628537708   14    4    6    5
 0.06901399158840857   14    4    7    4
 0.02207531169387778   14    4    8    1
 -0.06063700354851058   14    4    8    3
 0.06610858667771759   14    4    9    7
 0.05175203907671434   14    4   10    6
 -0.02044593785310419   14    4   11    1
 -0.04309576571767005   14    4   11    3
 -0.04694485809791491   14    4   12    2
 -0.002595425146448523   14    4   12    8
 -0.03212480433652794   14    4   12   11
 0.0451544642734576   14    4   13    5
 0.05295179702888881   14    4   13   10
 0.05902688038779574   14    4   14    4
 0.003846972651515749   14    5    6    4
 0.003846972651515748   14    5    7    5
 0.007178273800501632   14    5    9    6
 0.007178273800501632   14    5   10    7
 0.006936208057169066   14    5   13    4
 0.002462777717585533   14    5   13    9
 0.006936208057169067   14    5   14    5
 0.003565359474207198   14    6    5    4
 0.00436090361010806   14    6    7    6
 0.007590540192596823   14    6    9    5
 0.007590540192596823   14    6   10    4
 0.002823453321464157   14    6   10    9
 0.007732303601543544   14    6   13    7
 0.007732303601543544   14    6   14    6
 0.09637909074180057   14    7    1    1
 0.09806014953283961   14    7    2    2
 -0.003214240751826582   14    7    3    1
 0.08554929419997134   14    7    3    3
 0.08770130779949842   14    7    4    4
 0.08057058885108405   14    7    5    5
 0.0858391650958593   14    7    6    6
 0.09456097231607538   14    7    7    7
 -0.01479816747564156   14    7    8    2
 0.09718441560996431   14    7    8    8
 0.06820432477807395   14    7    9    4
 0.08153720849711486   14    7    9    9
 0.05302324439288034   14    7   10    5
 0.07589030185418663   14    7   10   10
 0.03317535150001991   14    7   11    2
 0.04336254219215822   14    7   11    8
 0.06105826965421661   14    7   11   11
 0.04535777872818173   14    7   12    1
 0.02414823886975285   14    7   12    3
 0.0570835587027752   14    7   12   12
 0.05419365704535402   14    7   13    6
 0.0685876095856066   14    7   13   13
 0.06965826424844107   14    7   14    7
 0.01080859055795426   14    8    4    1
 -0.004236901366732034   14    8    4    3
 -0.01012712592819881   14    8    7    2
 0.008277180096483851   14    8    8    7
 0.004975008556896872   14    8    9    1
 -0.005906103528429614   14    8    9    3
 0.004918040891422181   14    8   11    7
 3.163742338437281e-05   14    8   12    4
 0.006560373474956232   14    8   12    9
 -0.003140230549155301   14    8   14    2
 0.009573072138616714   14    8   14    8
 -0.1617442275837896   14    9    2    1
 -0.06035567294940284   14    9    3    2
 0.1482912250456593   14    9    6    5
 0.1712865420088587   14    9    7    4
 0.02670446057025795   14    9    8    1
 -0.1412595097696589   14    9    8    3
 0.08008930704680327   14    9    9    7
 0.07201628246604341   14    9   10    6
 -0.02267536061792702   14    9   11    1
 -0.05143479379856589   14    9   11    3
 -0.05554409063421059   14    9   12    2
 0.01246150616286842   14    9   12    8
 -0.1154448197630049   14    9   12   11
 0.05295179702888879   14    9   13    5
 0.1316067808646844   14    9   13   10
 0.05787735246405989   14    9   14    4
 0.154010401772686   14    9   14    9
 0.01149765848159971   14   10    6    4
 0.01149765848159971   14   10    7    5
 0.004036512290379921   14   10    9    6
 0.00403651229037992   14   10   10    7
 0.002462777717585532   14   10   13    4
 0.01120181045400074   14   10   13    9
 0.002462777717585535   14   10   14    5
 0.01120181045400075   14   10   14   10
 -0.02626811951286045   14   11    4    1
 -0.01230726673820881   14   11    4    3
 0.02997112757539484   14   11    7    2
 0.005812956633577519   14   11    8    7
 -0.005884858693473246   14   11    9    1
 -0.005776623262016412   14   11    9    3
 0.001646692046108468   14   11   11    7
 0.00127984803990519   14   11   12    4
 -0.02636828389829301   14   11   12    9
 0.004390963625733772   14   11   14    2
 -0.001846293129293937   14   11   14    8
 0.02336964743838198   14   11   14   11
 -0.04112114601023252   14   12    4    2
 0.04012494162468204   14   12    7    1
 0.0126058702841829   14   12    7    3
 0.002137304401543741   14   12    8    4
 -0.01472431207928446   14   12    9    2
 0.004489655656879735   14   12    9    8
 -0.001677282056589619   14   12   11    4
 -0.02254954152766984   14   12   11    9
 0.00276586022278378   14   12   12    7
 0.009500303066555998   14   12   14    1
 -0.000546878273827714   14   12   14    3
 0.03637072904823458   14   12   14   12
 0.01232018754641452   14   13    5    4
 0.01287600623632098   14   13    7    6
 0.002116894497501755   14   13    9    5
 0.002116894497501755   14   13   10    4
 0.01281260793413905   14   13   10    9
 0.001695803585843375   14   13   13    7
 0.001695803585843381   14   13   14    6
 0.01324132374505095   14   13   14   13
 0.3901833043858756   14   14    1    1
 0.3901701218849071   14   14    2    2
 -0.00731659045082321   14   14    3    1
 0.3723217649217014   14   14    3    3
 0.3888337671622304   14   14    4    4
 0.3641933920694014   14   14    5    5
 0.3703652069737063   14   14    6    6
 0.3961172194463483   14   14    7    7
 -0.02146146825430045   14   14    8    2
 0.3845734801937084   14   14    8    8
 0.07102511318176917   14   14    9    4
 0.3753138092602845   14   14    9    9
 0.06679132418676571   14   14   10    5
 0.3496885933920063   14   14   10   10
 0.03999678348459781   14   14   11    2
 0.05731720219022828   14   14   11    8
 0.3273420445662345   14   14   11   11
 0.05035646258526194   14   14   12    1
 0.03230399872842725   14   14   12    3
 0.3337731425405437   14   14   12   12
 0.06858760958560658   14   14   13    6
 0.3385996875493634   14   14   13   13
 0.07197921675729324   14   14   14    7
 0.3650823350394653   14   14   14   14
 -0.02890388675411649   15    1    1    1
 -0.02408280103796153   15    1    2    2
 0.01492951090431123   15    1    3    1
 -0.01577174887022495   15    1    3    3
 -0.0218067530763974   15    1    4    4
 -0.02180675307639741   15    1    5    5
 -0.02532830854214358   15    1    6    6
 -0.02532830854214358   15    1    7    7
 0.02376897617356217   15    1    8    2
 -0.03753268146772253   15    1    8    8
 -0.02261645803760084   15    1    9    4
 -0.01909341778226453   15    1    9    9
 -0.02261645803760082   15    1   10    5
 -0.01909341778226454   15    1   10   10
 0.004350855165900229   15    1   11    2
 -0.008901483942101098   15    1   11    8
 -0.01152768202461871   15    1   11   11
 -0.0145212072733078   15    1   12    1
 0.009736569158648706   15    1   12    3
 -0.010492125610765   15    1   12   12
 -0.02063621676732679   15    1   13    6
 -0.0208288760767428   15    1   13   13
 -0.0206362167673268   15    1   14    7
 -0.02082887607674279   15    1   14   14
 0.02977900891278511   15    1   15    1
 -0.02261906738022444   15    2    2    1
 0.01725940378675789   15    2    3    2
 0.02219176057555417   15    2    6    5
 0.02219176057555416   15    2    7    4
 0.03104384500272926   15    2    8    1
 -0.01978890379176396   15    2    8    3
 0.01378175578738504   15    2    9    7
 0.01378175578738504   15    2   10    6
 0.009719652145981372   15    2   11    1
 0.001151136914201845   15    2   11    3
 -0.004217284141536531   15    2   12    2
 0.01655622658022493   15    2   12    8
 -0.0008275627280812235   15    2   12   11
 0.01189496837188897   15    2   13    5
 0.01899293991632236   15    2   13   10
 0.01189496837188898   15    2   14    4
 0.01899293991632237   15    2   14    9
 0.02197944112279078   15    2   15    2
 0.06896137674070422   15    3    1    1
 0.07787633391926226   15    3    2    2
 0.009425946158599327   15    3    3    1
 0.07031604441177781   15    3    3    3
 0.05790300910520368   15    3    4    4
 0.05790300910520368   15    3    5    5
 0.06522993949228671   15    3    6    6
 0.0652299394922867   15    3    7    7
 -0.002356202926072003   15    3    8    2
 0.0844489687462224   15    3    8    8
 0.04828385973742479   15    3    9    4
 0.05442390028196671   15    3    9    9
 0.04828385973742476   15    3   10    5
 0.05442390028196665   15    3   10   10
 0.02885732212815215   15    3   11    2
 0.04436993765769   15    3   11    8
 0.05759910836898492   15    3   11   11
 0.04022343188215601   15    3   12    1
 0.01840200071374473   15    3   12    3
 0.0457971567049138   15    3   12   12
 0.04549192894891663   15    3   13    6
 0.05347468757864899   15    3   13   13
 0.04549192894891668   15    3   14    7
 0.05347468757864906   15    3   14   14
 -0.02421854838133517   15    3   15    1
 0.05748802181905609   15    3   15    3
 -0.000145910002240664   15    4    4    1
 0.0005857058939908162   15    4    4    3
 0.001739448692036582   15    4    7    2
 -0.004916604859903899   15    4    8    7
 -0.009148965405152809   15    4    9    1
 0.008471849415241341   15    4    9    3
 -0.002029885630084534   15    4   11    7
 -0.006243348599115559   15    4   12    4
 0.002908460428462193   15    4   12    9
 0.005610024732915831   15    4   14    2
 -0.008055395639146591   15    4   14    8
 -0.002354827979623189   15    4   14   11
 0.01272928477977817   15    4   15    4
 -0.0001459100022406637   15    5    5    1
 0.0005857058939908161   15    5    5    3
 0.001739448692036582   15    5    6    2
 -0.0049166048599039   15    5    8    6
 -0.009148965405152809   15    5   10    1
 0.008471849415241341   15    5   10    3
 -0.002029885630084534   15    5   11    6
 -0.006243348599115559   15    5   12    5
 0.002908460428462189   15    5   12   10
 0.00561002473291583   15    5   13    2
 -0.00805539563914659   15    5   13    8
 -0.002354827979623186   15    5   13   11
 0.01272928477977817   15    5   15    5
 0.008011501333468552   15    6    5    2
 -0.009188701985936368   15    6    6    1
 0.004307453480427205   15    6    6    3
 -0.008057001591271208   15    6    8    5
 0.005828212171469052   15    6   10    2
 -0.008856967586541887   15    6   10    8
 -0.002695875335108716   15    6   11    5
 -0.0006063481778107917   15    6   11   10
 -0.003013896264173057   15    6   12    6
 -0.00643867941189455   15    6   13    1
 0.005671980900489582   15    6   13    3
 -0.004645848197795923   15    6   13   12
 0.009008284909144036   15    6   15    6
 0.00801150133346855   15    7    4    2
 -0.009188701985936364   15    7    7    1
 0.004307453480427203   15    7    7    3
 -0.008057001591271207   15    7    8    4
 0.005828212171469052   15    7    9    2
 -0.008856967586541887   15    7    9    8
 -0.002695875335108715   15    7   11    4
 -0.0006063481778107923   15    7   11    9
 -0.003013896264173058   15    7   12    7
 -0.006438679411894552   15    7   14    1
 0.005671980900489583   15    7   14    3
 -0.004645848197795927   15    7   14   12
 0.009008284909144036   15    7   15    7
 0.107332341654611   15    8    2    1
 0.01994489605822866   15    8    3    2
 -0.09503470571219511   15    8    6    5
 -0.09503470571219515   15    8    7    4
 -0.04299235067138112   15    8    8    1
 0.1057727990155604   15    8    8    3
 -0.06730707557074096   15    8    9    7
 -0.06730707557074092   15    8   10    6
 0.01724699537353538   15    8   11    1
 0.06104881857004645   15    8   11    3
 0.05603062194656711   15    8   12    2
 -0.002196996526251738   15    8   12    8
 0.04987280632321438   15    8   12   11
 -0.05691114736999178   15    8   13    5
 -0.08236945207623388   15    8   13   10
 -0.05691114736999184   15    8   14    4
 -0.08236945207623396   15    8   14    9
 -0.0226210056471928   15    8   15    2
 0.09370346310424969   15    8   15    8
 -0.02581049724400324   15    9    4    1
 0.01359494590221604   15    9    4    3
 0.02064776751631322   15    9    7    2
 -0.01769342578256698   15    9    8    7
 -0.001675533813675611   15    9    9    1
 -0.002114962070433211   15    9    9    3
 -0.002285524922380268   15    9   11    7
 0.003071854649661458   15    9   12    4
 -0.01700288862474415   15    9   12    9
 0.004651341284820673   15    9   14    2
 -0.007414320135567442   15    9   14    8
 0.0001997378832406443   15    9   14   11
 -0.001664026031125377   15    9   15    4
 0.02587348657861411   15    9   15    9
 -0.02581049724400324   15   10    5    1
 0.01359494590221604   15   10    5    3
 0.02064776751631322   15   10    6    2
 -0.01769342578256698   15   10    8    6
 -0.001675533813675609   15   10   10    1
 -0.002114962070433214   15   10   10    3
 -0.002285524922380267   15   10   11    6
 0.00307185464966146   15   10   12    5
 -0.01700288862474416   15   10   12   10
 0.004651341284820668   15   10   13    2
 -0.007414320135567435   15   10   13    8
 0.0001997378832406442   15   10   13   11
 -0.00166402603112538   15   10   15    5
 0.02587348657861412   15   10   15   10
 0.1079629914718291   15   11    2    1
 0.05555879244366133   15   11    3    2
 -0.09824862732085149   15   11    6    5
 -0.0982486273208515   15   11    7    4
 -0.004670183716507551   15   11    8    1
 0.1126704603362917   15   11    8    3
 -0.04808737859558162   15   11    9    7
 -0.04808737859558158   15   11   10    6
 0.01547423119413918   15   11   11    1
 0.03779445997463852   15   11   11    3
 0.03735630552662526   15   11   12    2
 -0.008663725726210943   15   11   12    8
 0.09565714302436122   15   11   12   11
 -0.03498919842189331   15   11   13    5
 -0.08826505223658512   15   11   13   10
 -0.03498919842189339   15   11   14    4
 -0.08826505223658526   15   11   14    9
 -0.008392984647006926   15   11   15    2
 0.06028605654254295   15   11   15    8
 0.07752339673335398   15   11   15   11
 -0.0361439176466207   15   12    1    1
 -0.01253012906854582   15   12    2    2
 0.04606986702163805   15   12    3    1
 -0.0132087496275009   15   12    3    3
 -0.02763402946333731   15   12    4    4
 -0.02763402946333731   15   12    5    5
 -0.0226166734285618   15   12    6    6
 -0.02261667342856181   15   12    7    7
 0.04503676617828484   15   12    8    2
 -0.02648599476520716   15   12    8    8
 0.0008977105493527459   15   12    9    4
 -0.02557153815819178   15   12    9    9
 0.0008977105493527256   15   12   10    5
 -0.02557153815819179   15   12   10   10
 0.007826386784265558   15   12   11    2
 -0.01009026765793109   15   12   11    8
 0.02443851998465421   15   12   11   11
 0.001123387425033401   15   12   12    1
 -0.001734124457083997   15   12   12    3
 0.002981168109933388   15   12   12   12
 -0.006283264069492307   15   12   13    6
 -0.0160700484653959   15   12   13   13
 -0.006283264069492271   15   12   14    7
 -0.01607004846539592   15   12   14   14
 0.007422016857433393   15   12   15    1
 0.005767263311529169   15   12   15    3
 0.03618823724489562   15   12   15   12
 0.009256322779751689   15   13    5    2
 -0.01106394387354339   15   13    6    1
 0.007997998523538523   15   13    6    3
 -0.01241413220679564   15   13    8    5
 0.005608332281855447   15   13   10    2
 -0.006558665815233358   15   13   10    8
 -0.0006873288904802207   15   13   11    5
 -0.003842091962290624   15   13   11   10
 -0.003551694234041152   15   13   12    6
 -0.006139597223951431   15   13   13    1
 0.003123460223823077   15   13   13    3
 -0.003443479625941456   15   13   13   12
 0.006497032511984204   15   13   15    6
 0.01125968527856792   15   13   15   13
 0.009256322779751693   15   14    4    2
 -0.01106394387354339   15   14    7    1
 0.007997998523538524   15   14    7    3
 -0.01241413220679564   15   14    8    4
 0.00560833228185545   15   14    9    2
 -0.006558665815233365   15   14    9    8
 -0.0006873288904802245   15   14   11    4
 -0.003842091962290619   15   14   11    9
 -0.003551694234041154   15   14   12    7
 -0.006139597223951434   15   14   14    1
 0.00312346022382308   15   14   14    3
 -0.003443479625941451   15   14   14   12
 0.006497032511984203   15   14   15    7
 0.01125968527856791   15   14   15   14
 0.4534590222073918   15   15    1    1
 0.4287583246144029   15   15    2    2
 -0.05571013781836012   15   15    3    1
 0.4392347464278967   15   15    3    3
 0.4141199493894316   15   15    4    4
 0.4141199493894316   15   15    5    5
 0.4147124365384885   15   15    6    6
 0.4147124365384886   15   15    7    7
 -0.05961789040796343   15   15    8    2
 0.4641225142708614   15   15    8    8
 0.07523536942828163   15   15    9    4
 0.3964165143553339   15   15    9    9
 0.07523536942828161   15   15   10    5
 0.3964165143553338   15   15   10   10
 0.03910765889991892   15   15   11    2
 0.08467999305107174   15   15   11    8
 0.3451338115856445   15   15   11   11
 0.05726931143408335   15   15   12    1
 0.04275249170374375   15   15   12    3
 0.3532217626830963   15   15   12   12
 0.08650724043993675   15   15   13    6
 0.3718109605423996   15   15   13   13
 0.08650724043993682   15   15   14    7
 0.3718109605423996   15   15   14   14
 -0.02795777822893239   15   15   15    1
 0.06426740451734016   15   15   15    3
 -0.04380360990979858   15   15   15   12
 0.4631460928350737   15   15   15   15
 0.04631602903841234   16    1    2    1
 0.008087136554375813   16    1    3    2
 -0.03831046764847147   16    1    6    5
 -0.03831046764847146   16    1    7    4
 -0.01980745235331271   16    1    8    1
 0.04701638025144391   16    1    8    3
 -0.03813362022614951   16    1    9    7
 -0.0381336202261495   16    1   10    6
 0.007832567321581678   16    1   11    1
 0.02645443496166904   16    1   11    3
 0.02969717286548386   16    1   12    2
 -0.005183838731697006   16    1   12    8
 0.0217854983802565   16    1   12   11
 -0.03417892473563983   16    1   13    5
 -0.03473067187761953   16    1   13   10
 -0.03417892473563983   16    1   14    4
 -0.03473067187761954   16    1   14    9
 -0.01497664841739117   16    1   15    2
 0.04550228453284772   16    1   15    8
 0.02803103884178304   16    1   15   11
 0.03021623865576744   16    1   16    1
 0.04969500505570153   16    2    1    1
 0.05129793451216082   16    2    2    2
 -0.001540358052956604   16    2    3    1
 0.04878962916592274   16    2    3    3
 0.0386205487770953   16    2    4    4
 0.03862054877709531   16    2    5    5
 0.04281917818495221   16    2    6    6
 0.04281917818495221   16    2    7    7
 -0.007650055232538459   16    2    8    2
 0.05913512229025605   16    2    8    8
 0.03576650356980236   16    2    9    4
 0.0372297330630271   16    2    9    9
 0.03576650356980237   16    2   10    5
 0.0372297330630271   16    2   10   10
 0.01501278484602347   16    2   11    2
 0.02341139764642828   16    2   11    8
 0.03761933419355636   16    2   11   11
 0.02709579331756553   16    2   12    1
 0.008195408578508897   16    2   12    3
 0.03024661728802126   16    2   12   12
 0.03549105698654968   16    2   13    6
 0.03445006351970627   16    2   13   13
 0.03549105698654968   16    2   14    7
 0.0344500635197063   16    2   14   14
 -0.01881003457786983   16    2   15    1
 0.03131509288043697   16    2   15    3
 -0.0002831515462288405   16    2   15   12
 0.04789684655308155   16    2   15   15
 0.02619625449485808   16    2   16    2
 -0.01034054358931693   16    3    2    1
 0.01438083779594322   16    3    3    2
 0.008469299186210446   16    3    6    5
 0.008469299186210455   16    3    7    4
 0.02226662521307018   16    3    8    1
 -0.01173423736221512   16    3    8    3
 0.01149786264657343   16    3    9    7
 0.01149786264657341   16    3   10    6
 0.004282688705568546   16    3   11    1
 -0.008671353211903711   16    3   11    3
 -0.007485187233432524   16    3   12    2
 0.005760139156855941   16    3   12    8
 0.007116746295219276   16    3   12   11
 0.01113240972133423   16    3   13    5
 0.008591529467250883   16    3   13   10
 0.01113240972133425   16    3   14    4
 0.00859152946725091   16    3   14    9
 0.01376352899993334   16    3   15    2
 -0.02425350978504669   16    3   15    8
 -0.005049188377843228   16    3   15   11
 -0.01381844037357717   16    3   16    1
 0.01425789216899686   16    3   16    3
 -0.001004903813284332   16    4    4    2
 0.0007552227857673051   16    4    7    1
 0.0007398153215753926   16    4    7    3
 -0.001281651527037025   16    4    8    4
 0.01104036273553491   16    4    9    2
 -0.004498608725244491   16    4    9    8
 0.004719493249198264   16    4   11    4
 -0.001969178895984491   16    4   11    9
 -0.01253088991205934   16    4   12    7
 -0.0118044844612904   16    4   14    1
 -3.808769795867751e-05   16    4   14    3
 0.004361873880533837   16    4   14   12
 0.006140073786934095   16    4   15    7
 0.001606560864887863   16    4   15   14
 0.01622663082009004   16    4   16    4
 -0.001004903813284332   16    5    5    2
 0.000755222785767302   16    5    6    1
 0.0007398153215753928   16    5    6    3
 -0.001281651527037027   16    5    8    5
 0.01104036273553491   16    5   10    2
 -0.004498608725244491   16    5   10    8
 0.004719493249198264   16    5   11    5
 -0.001969178895984487   16    5   11   10
 -0.01253088991205933   16    5   12    6
 -0.0118044844612904   16    5   13    1
 -3.808769795867729e-05   16    5   13    3
 0.004361873880533838   16    5   13   12
 0.006140073786934095   16    5   15    6
 0.001606560864887861   16    5   15   13
 0.01622663082009004   16    5   16    5
 0.005692104791911768   16    6    5    1
 -0.001621475818301272   16    6    5    3
 -0.003617771104263141   16    6    6    2
 -0.0008008440583337422   16    6    8    6
 -0.01418156910701496   16    6   10    1
 0.003241051837470825   16    6   10    3
 0.005947998180374695   16    6   11    6
 -0.01549601282048617   16    6   12    5
 0.007565665600833266   16    6   12   10
 0.01300057009544823   16    6   13    2
 -0.003755499292742713   16    6   13    8
 -0.004998105316611424   16    6   13   11
 0.01025413529352988   16    6   15    5
 -0.004800426482714561   16    6   15   10
 0.01902345970704911   16    6   16    6
 0.005692104791911777   16    7    4    1
 -0.001621475818301272   16    7    4    3
 -0.003617771104263154   16    7    7    2
 -0.0008008440583337402   16    7    8    7
 -0.01418156910701496   16    7    9    1
 0.003241051837470828   16    7    9    3
 0.005947998180374699   16    7   11    7
 -0.01549601282048617   16    7   12    4
 0.007565665600833276   16    7   12    9
 0.01300057009544823   16    7   14    2
 -0.003755499292742706   16    7   14    8
 -0.004998105316611436   16    7   14   11
 0.01025413529352988   16    7   15    4
 -0.004800426482714564   16    7   15    9
 0.01902345970704912   16    7   16    7
 -0.05409351592111326   16    8    1    1
 -0.04453942344729792   16    8    2    2
 0.02411668381244024   16    8    3    1
 -0.04311688824633564   16    8    3    3
 -0.04079713207789091   16    8    4    4
 -0.04079713207789092   16    8    5    5
 -0.04326446440324565   16    8    6    6
 -0.04326446440324565   16    8    7    7
 0.03032380173339709   16    8    8    2
 -0.06371170903243432   16    8    8    8
 -0.02973779376369332   16    8    9    4
 -0.03933262390743923   16    8    9    9
 -0.02973779376369332   16    8   10    5
 -0.03933262390743913   16    8   10   10
 -0.004644701441519436   16    8   11    2
 -0.02632576026944584   16    8   11    8
 -0.02120516563743149   16    8   11   11
 -0.02190757446860455   16    8   12    1
 -0.002461469080122881   16    8   12    3
 -0.0221246268666918   16    8   12   12
 -0.0307065257551622   16    8   13    6
 -0.03632056139364237   16    8   13   13
 -0.03070652575516221   16    8   14    7
 -0.03632056139364252   16    8   14   14
 0.02742909673108767   16    8   15    1
 -0.0321880247000421   16    8   15    3
 0.01472230301552454   16    8   15   12
 -0.05979325101094861   16    8   15   15
 -0.02361625385689994   16    8   16    2
 0.03483627162134475   16    8   16    8
 0.03294123400595688   16    9    4    2
 -0.03360867432843378   16    9    7    1
 -0.001994949537006064   16    9    7    3
 -0.01048478572013619   16    9    8    4
 0.01183474634739284   16    9    9    2
 -0.005569199587369638   16    9    9    8
 0.001003212079669304   16    9   11    4
 0.01143412624492037   16    9   11    9
 -0.002928412106229788   16    9   12    7
 -0.008639234404473341   16    9   14    1
 0.001238442135174073   16    9   14    3
 -0.0261201026812496   16    9   14   12
 0.005385445015459922   16    9   15    7
 0.01089725627051221   16    9   15   14
 -0.00526427933790268   16    9   16    4
 0.02674350097948917   16    9   16    9
 0.03294123400595689   16   10    5    2
 -0.03360867432843379   16   10    6    1
 -0.001994949537006065   16   10    6    3
 -0.01048478572013619   16   10    8    5
 0.01183474634739284   16   10   10    2
 -0.005569199587369635   16   10   10    8
 0.001003212079669307   16   10   11    5
 0.01143412624492036   16   10   11   10
 -0.002928412106229795   16   10   12    6
 -0.008639234404473334   16   10   13    1
 0.00123844213517407   16   10   13    3
 -0.0261201026812496   16   10   13   12
 0.005385445015459921   16   10   15    6
 0.01089725627051222   16   10   15   13
 -0.005264279337902688   16   10   16    5
 0.02674350097948917   16   10   16   10
 0.0006286174912066476   16   11    1    1
 0.005629007067933178   16   11    2    2
 0.01060074437779905   16   11    3    1
 -0.001291047860366442   16   11    3    3
 0.005564246080283216   16   11    4    4
 0.005564246080283213   16   11    5    5
 0.006203243019365081   16   11    6    6
 0.006203243019365098   16   11    7    7
 0.009046163497620626   16   11    8    2
 -0.008736794227510541   16   11    8    8
 -0.0009937990441882785   16   11    9    4
 0.004105298796671134   16   11    9    9
 -0.0009937990441882315   16   11   10    5
 0.004105298796671164   16   11   10   10
 0.007135115169831845   16   11   11    2
 0.001040262620824264   16   11   11    8
 -0.0008470589314603089   16   11   11   11
 0.0006813219600305251   16   11   12    1
 0.006318159299214221   16   11   12    3
 0.003666169642966598   16   11   12   12
 -0.001970961760010544   16   11   13    6
 0.004653883916478834   16   11   13   13
 -0.001970961760010627   16   11   14    7
 0.00465388391647887   16   11   14   14
 0.008233831761088934   16   11   15    1
 -0.003055547681919117   16   11   15    3
 0.002359675484200792   16   11   15   12
 -0.009393391690110749   16   11   15   15
 -0.005147309351673048   16   11   16    2
 0.007775451114119264   16   11   16    8
 0.00791059917881147   16   11   16   11
 0.08398548669421145   16   12    2    1
 0.02200480692086749   16   12    3    2
 -0.08344202692424441   16   12    6    5
 -0.08344202692424439   16   12    7    4
 -0.02313319336863946   16   12    8    1
 0.07021844559207363   16   12    8    3
 -0.03477725446598103   16   12    9    7
 -0.03477725446598104   16   12   10    6
 0.009952027042250766   16   12   11    1
 0.02810932252071261   16   12   11    3
 0.02692971046563707   16   12   12    2
 -0.004426035376169313   16   12   12    8
 0.04804194775396625   16   12   12   11
 -0.02439443896276817   16   12   13    5
 -0.07135816437017403   16   12   13   10
 -0.02439443896276818   16   12   14    4
 -0.07135816437017406   16   12   14    9
 -0.01092125110422967   16   12   15    2
 0.0439308096427936   16   12   15    8
 0.03800811213881015   16   12   15   11
 0.01392483635590029   16   12   16    1
 -0.005989125787589423   16   12   16    3
 0.04240861576874518   16   12   16   12
 -0.04408932418577842   16   13    5    1
 0.002131531229650804   16   13    5    3
 0.04305097312186407   16   13    6    2
 -0.01255357615790082   16   13    8    6
 -0.006662173193753749   16   13   10    1
 -0.005181668697325875   16   13   10    3
 -0.0006588834540849107   16   13   11    6
 0.003897044402655409   16   13   12    5
 -0.03587927197082511   16   13   12   10
 0.007007962989334868   16   13   13    2
 -0.007606689815235595   16   13   13    8
 0.01733042481961003   16   13   13   11
 -0.001893084031346779   16   13   15    5
 0.02301503309750788   16   13   15   10
 -0.01050270008035646   16   13   16    6
 0.03810792463536848   16   13   16   13
 -0.04408932418577843   16   14    4    1
 0.002131531229650803   16   14    4    3
 0.04305097312186407   16   14    7    2
 -0.01255357615790081   16   14    8    7
 -0.006662173193753748   16   14    9    1
 -0.005181668697325871   16   14    9    3
 -0.0006588834540849181   16   14   11    7
 0.003897044402655407   16   14   12    4
 -0.03587927197082513   16   14   12    9
 0.007007962989334882   16   14   14    2
 -0.007606689815235605   16   14   14    8
 0.01733042481961004   16   14   14   11
 -0.001893084031346777   16   14   15    4
 0.02301503309750787   16   14   15    9
 -0.01050270008035645   16   14   16    7
 0.03810792463536846   16   14   16   14
 -0.09222321822474595   16   15    2    1
 -0.007370635686586084   16   15    3    2
 0.08745133712217996   16   15    6    5
 0.08745133712217998   16   15    7    4
 0.04521966144510348   16   15    8    1
 -0.08823656541057953   16   15    8    3
 0.04363987207576728   16   15    9    7
 0.04363987207576726   16   15   10    6
 -0.002151982592538483   16   15   11    1
 -0.03027792102744217   16   15   11    3
 -0.03030198639696432   16   15   12    2
 0.01468057075993304   16   15   12    8
 -0.047213468430081   16   15   12   11
 0.03393404405654469   16   15   13    5
 0.07667323634169097   16   15   13   10
 0.03393404405654474   16   15   14    4
 0.07667323634169107   16   15   14    9
 0.02532271021852189   16   15   15    2
 -0.06369109927638825   16   15   15    8
 -0.04980166065134516   16   15   15   11
 -0.02751099376165565   16   15   16    1
 0.01611685188647213   16   15   16    3
 -0.04313812499078445   16   15   16   12
 0.06435545117982727   16   15   16   15
 0.4033225273518359   16   16    1    1
 0.3838838671980026   16   16    2    2
 -0.0436729731986808   16   16    3    1
 0.3771700294323636   16   16    3    3
 0.3812259140297191   16   16    4    4
 0.3812259140297191   16   16    5    5
 0.381536995309287   16   16    6    6
 0.381536995309287   16   16    7    7
 -0.0516820335276509   16   16    8    2
 0.3980176818642752   16   16    8    8
 0.04927154455384281   16   16    9    4
 0.3628615666209507   16   16    9    9
 0.04927154455384277   16   16   10    5
 0.3628615666209508   16   16   10   10
 0.02560163266348177   16   16   11    2
 0.05776615271176668   16   16   11    8
 0.3045178341960731   16   16   11   11
 0.0370796702820415   16   16   12    1
 0.02900495600810533   16   16   12    3
 0.3237994871764023   16   16   12   12
 0.05657869426140708   16   16   13    6
 0.3456935088945843   16   16   13   13
 0.05657869426140723   16   16   14    7
 0.3456935088945841   16   16   14   14
 -0.02038184941443956   16   16   15    1
 0.04125548571803385   16   16   15    3
 -0.04116382539801288   16   16   15   12
 0.3977377622419955   16   16   15   15
 0.02512302772238596   16   16   16    2
 -0.03913970303671797   16   16   16    8
 -0.0007124032745679087   16   16   16   11
 0.3737040047488774   16   16   16   16
 -4.774765358741713    1    1  0  0
 -4.634702448653778    2    2  0  0
 0.1991429015733746    3    1  0  0
 -4.229877965863755    3    3  0  0
 -4.088600170293528    4    4  0  0
 -4.088600170293528    5    5  0  0
 -4.087753435760671    6    6  0  0
 -4.087753435760671    7    7  0  0
 0.2987292933722605    8    2  0  0
 -4.189432088605715    8    8  0  0
 -0.7231613852739884    9    4  0  0
 -3.016903364917468    9    9  0  0
 -0.7231613852739884   10    5  0  0
 -3.016903364917468   10   10  0  0
 -0.3906097819376674   11    2  0  0
 -0.6803135655218703   11    8  0  0
 -2.633516131473592   11   11  0  0
 -0.4894740530494298   12    1  0  0
 -0.3626710265612162   12    3  0  0
 -1.154638186552909e-15   12   11  0  0
 -2.645084782082071   12   12  0  0
 -0.7762986461833017   13    6  0  0
 -1.9007313403458e-15   13   10  0  0
 -2.74614007025061   13   13  0  0
 -0.7762986461833024   14    7  0  0
 -1.608133103542576e-15   14    9  0  0
 -2.74614007025061   14   14  0  0
 0.1823541351746676   15    1  0  0
 -0.5622417072907129   15    3  0  0
 0.2214785226393523   15   12  0  0
 -3.146299239772308   15   15  0  0
 -0.3440614524320724   16    2  0  0
 0.4049331355389175   16    8  0  0
 -0.008577152264580647   16   11  0  0
 -5.117642712738322e-15   16   12  0  0
 1.748178371697004e-15   16   15  0  0
 -2.446910112254225   16   16  0  0
 -83.11587454737408  0  0  0  0
