 &FCI NORB=  16,NELEC=10,MS2=0,
  ORBSYM=1,1,1,1,1,1,1,1,1,1,1,1,1,1,1,1
  ISYM=1,
 &END
 0.4375294470031663    1    1    1    1
 0.253130449758644    2    1    2    1
 0.4383585551235474    2    2    1    1
 0.4410771938289371    2    2    2    2
 -0.01160009933737896    3    1    1    1
 -0.0005399116725927054    3    1    2    2
 0.06884598834672256    3    1    3    1
 0.03894138447935894    3    2    2    1
 0.0639976716403443    3    2    3    2
 0.4132679705906616    3    3    1    1
 0.4132920276570486    3    3    2    2
 -0.009724239428957735    3    3    3    1
 0.4171866971541739    3    3    3    3
 0.06706916702917258    4    1    4    1
 0.06412422295785818    4    2    4    2
 0.001444297463163493    4    3    4    1
 0.0164362524660405    4    3    4    3
 0.412438994698524    4    4    1    1
 0.413608542398416    4    4    2    2
 -0.008108352108172239    4    4    3    1
 0.3817553753676941    4    4    3    3
 0.4133135819431894    4    4    4    4
 0.06706916702917258    5    1    5    1
 0.06412422295785818    5    2    5    2
 0.001444297463163493    5    3    5    1
 0.0164362524660405    5    3    5    3
 0.01619985230873193    5    4    5    4
 0.412438994698524    5    5    1    1
 0.413608542398416    5    5    2    2
 -0.008108352108172239    5    5    3    1
 0.3817553753676941    5    5    3    3
 0.3809138773257256    5    5    4    4
 0.4133135819431895    5    5    5    5
 -0.06416171063589884    6    1    5    2
 0.06426213500344145    6    1    6    1
 -0.06809858940999039    6    2    5    1
 -0.003044767857667485    6    2    5    3
 0.06934064348286181    6    2    6    2
 -0.004968824781201663    6    3    5    2
 0.003997377544652577    6    3    6    1
 0.01549413600414996    6    3    6    3
 0.01633287116494866    6    4    6    4
 -0.2331290806399929    6    5    2    1
 -0.03426857854844866    6    5    3    2
 0.2384997778208868    6    5    6    5
 0.4162770973889679    6    6    1    1
 0.4178356670089067    6    6    2    2
 -0.006488285186901633    6    6    3    1
 0.384255649849592    6    6    3    3
 0.3842067287764568    6    6    4    4
 0.4172881290874887    6    6    5    5
 0.4215107637853151    6    6    6    6
 -0.06416171063589884    7    1    4    2
 0.06426213500344144    7    1    7    1
 -0.06809858940999039    7    2    4    1
 -0.003044767857667484    7    2    4    3
 0.0693406434828618    7    2    7    2
 -0.004968824781201663    7    3    4    2
 0.003997377544652576    7    3    7    1
 0.01549413600414996    7    3    7    3
 -0.2331290806399929    7    4    2    1
 -0.03426857854844866    7    4    3    2
 0.2058340354909895    7    4    6    5
 0.2384997778208868    7    4    7    4
 0.01633287116494866    7    5    6    4
 0.01633287116494866    7    5    7    5
 0.01654070015551599    7    6    5    4
 0.01691216185062623    7    6    7    6
 0.4162770973889678    7    7    1    1
 0.4178356670089067    7    7    2    2
 -0.006488285186901629    7    7    3    1
 0.384255649849592    7    7    3    3
 0.4172881290874887    7    7    4    4
 0.3842067287764567    7    7    5    5
 0.3876864400840627    7    7    6    6
 0.4215107637853151    7    7    7    7
 -0.008553139112217306    8    1    2    1
 0.06004718323897701    8    1    3    2
 0.008935207999831499    8    1    6    5
 0.008935207999831498    8    1    7    4
 0.06531927012496128    8    1    8    1
 -0.02207979031149141    8    2    1    1
 -0.01140965440669184    8    2    2    2
 0.06925765240022888    8    2    3    1
 -0.01432478576283061    8    2    3    3
 -0.01839714434664504    8    2    4    4
 -0.01839714434664504    8    2    5    5
 -0.01729942656476892    8    2    6    6
 -0.01729942656476892    8    2    7    7
 0.07163563608274408    8    2    8    2
 0.2255557448621826    8    3    2    1
 0.03572690990503822    8    3    3    2
 -0.1989565765847238    8    3    6    5
 -0.1989565765847238    8    3    7    4
 -0.00753202673560957    8    3    8    1
 0.2232687451996366    8    3    8    3
 -0.003447922423602302    8    4    4    2
 0.004480752368071522    8    4    7    1
 -0.01569034388752099    8    4    7    3
 0.01709049054417056    8    4    8    4
 -0.003447922423602302    8    5    5    2
 0.004480752368071522    8    5    6    1
 -0.01569034388752099    8    5    6    3
 0.01709049054417056    8    5    8    5
 0.005747613205860242    8    6    5    1
 -0.01652826467070215    8    6    5    3
 -0.004377986182144494    8    6    6    2
 0.01785974416930521    8    6    8    6
 0.005747613205860241    8    7    4    1
 -0.01652826467070215    8    7    4    3
 -0.004377986182144493    8    7    7    2
 0.01785974416930521    8    7    8    7
 0.4288289102869409    8    8    1    1
 0.4286340819882246    8    8    2    2
 -0.01600303280447229    8    8    3    1
 0.4275618501198803    8    8    3    3
 0.3947905651159503    8    8    4    4
 0.3947905651159503    8    8    5    5
 0.3979920747103813    8    8    6    6
 0.3979920747103813    8    8    7    7
 -0.02364002507358097    8    8    8    2
 0.4447903058809137    8    8    8    8
 0.04477237292563434    9    1    1    1
 0.04354360785531337    9    1    2    2
 -0.01804153644566601    9    1    3    1
 0.03096544446344026    9    1    3    3
 0.03828401608919659    9    1    4    4
 0.03828401608919659    9    1    5    5
 0.03988436943610522    9    1    6    6
 0.03988436943610521    9    1    7    7
 -0.02478831689372632    9    1    8    2
 0.04486294866138853    9    1    8    8
 0.03399800848669862    9    1    9    1
 0.04761340989636451    9    2    2    1
 -0.01870020075148425    9    2    3    2
 -0.04285521538770649    9    2    6    5
 -0.04285521538770649    9    2    7    4
 -0.02984422972189057    9    2    8    1
 0.04145004391612298    9    2    8    3
 0.03022049398044976    9    2    9    2
 -0.06321433591161313    9    3    1    1
 -0.06678410816767723    9    3    2    2
 -0.008053090049306219    9    3    3    1
 -0.05212120472763004    9    3    3    3
 -0.05282390690458512    9    3    4    4
 -0.05282390690458512    9    3    5    5
 -0.05564794813349596    9    3    6    6
 -0.05564794813349595    9    3    7    7
 0.0002262774846557846    9    3    8    2
 -0.06866913867075254    9    3    8    8
 -0.03475805909755862    9    3    9    1
 0.05681540244378983    9    3    9    3
 0.00526037510121794    9    4    4    1
 -0.002947927487176826    9    4    4    3
 -0.005677975955340939    9    4    7    2
 0.005650730676769108    9    4    8    7
 0.01297024241752122    9    4    9    4
 0.005260375101217941    9    5    5    1
 -0.002947927487176826    9    5    5    3
 -0.005677975955340941    9    5    6    2
 0.00565073067676911    9    5    8    6
 0.01297024241752122    9    5    9    5
 -0.008740680911989289    9    6    5    2
 0.009128484289575344    9    6    6    1
 -0.00489360671936013    9    6    6    3
 0.006920892891240536    9    6    8    5
 0.01091029942232443    9    6    9    6
 -0.008740680911989283    9    7    4    2
 0.009128484289575339    9    7    7    1
 -0.004893606719360128    9    7    7    3
 0.006920892891240533    9    7    8    4
 0.01091029942232443    9    7    9    7
 -0.1103840358324887    9    8    2    1
 -0.002232422538684897    9    8    3    2
 0.09603021610364895    9    8    6    5
 0.09603021610364892    9    8    7    4
 0.02086101038085661    9    8    8    1
 -0.1062095994762569    9    8    8    3
 -0.03867562405515782    9    8    9    2
 0.07568402178470889    9    8    9    8
 0.4067592356230936    9    9    1    1
 0.3974962241671446    9    9    2    2
 -0.06534126182555693    9    9    3    1
 0.404143230106347    9    9    3    3
 0.3798737031098482    9    9    4    4
 0.3798737031098482    9    9    5    5
 0.3805761585199747    9    9    6    6
 0.3805761585199747    9    9    7    7
 -0.06960910370338264    9    9    8    2
 0.4155216069846422    9    9    8    8
 0.04164217514056105    9    9    9    1
 -0.03661107479110716    9    9    9    3
 0.4575076332128282    9    9    9    9
 0.02238203735652001   10    1    4    1
 0.002297997600211377   10    1    4    3
 -0.02343149497380619   10    1    7    2
 0.001778189028858471   10    1    8    7
 0.01147748753209275   10    1    9    4
 0.02089029807686661   10    1   10    1
 0.02508610509490329   10    2    4    2
 -0.02512756014367633   10    2    7    1
 -0.001903293169091512   10    2    7    3
 -0.002065300419160102   10    2    8    4
 -0.01027493429877125   10    2    9    7
 0.02104727485894493   10    2   10    2
 0.004541721874900672   10    3    4    1
 0.003173787059188143   10    3    4    3
 -0.004560618793715021   10    3    7    2
 -0.003933122005773408   10    3    8    7
 -0.006849085868765627   10    3    9    4
 0.000539930568102655   10    3   10    1
 0.008366646464612331   10    3   10    3
 0.0918624214852941   10    4    1    1
 0.09441668634656177   10    4    2    2
 0.004240232711529498   10    4    3    1
 0.07432359623364367   10    4    3    3
 0.08695502045639553   10    4    4    4
 0.07795011513564308   10    4    5    5
 0.0804303570579367   10    4    6    6
 0.09009954999559119   10    4    7    7
 -0.003218733269435551   10    4    8    2
 0.08463373296372988   10    4    8    8
 0.03082779594658959   10    4    9    1
 -0.04302468897941001   10    4    9    3
 0.06901947268000967   10    4    9    9
 0.06855868463195111   10    4   10    4
 0.004502452660376203   10    5    5    4
 0.004834596468827249   10    5    7    6
 0.007552021568320706   10    5   10    5
 0.005103577359385041   10    6    6    4
 0.00510357735938504   10    6    7    5
 0.00748121547941748   10    6   10    6
 -0.0947273919891862   10    7    2    1
 -0.01082235630933525   10    7    3    2
 0.08064160887770286   10    7    6    5
 0.09084876359647295   10    7    7    4
 0.008046788688784287   10    7    8    1
 -0.07896521493898449   10    7    8    3
 -0.0294576334357691   10    7    9    2
 0.05584315326606075   10    7    9    8
 0.07107760976411326   10    7   10    7
 -0.003020347198848862   10    8    4    2
 0.003376990411302245   10    8    7    1
 -0.005087296002311645   10    8    7    3
 0.00597888821827172   10    8    8    4
 0.006903419893772729   10    8    9    7
 -0.001285647762579542   10    8   10    2
 0.007818966219059368   10    8   10    8
 0.03044663844641285   10    9    4    1
 -0.01060232905313348   10    9    4    3
 -0.0295407465350336   10    9    7    2
 0.01314087471654601   10    9    8    7
 0.001462774622738763   10    9    9    4
 0.006062371485818847   10    9   10    1
 0.001252704940300712   10    9   10    3
 0.02686897376421929   10    9   10    9
 0.3735404225332731   10   10    1    1
 0.3739614270442325   10   10    2    2
 -0.009529539480433608   10   10    3    1
 0.3514226446685777   10   10    3    3
 0.3740047584641664   10   10    4    4
 0.3497183219791908   10   10    5    5
 0.3523403959435509   10   10    6    6
 0.3769625659373919   10   10    7    7
 -0.01749495391650186   10   10    8    2
 0.3618149081766956   10   10    8    8
 0.03239676149803317   10   10    9    1
 -0.04434446393161996   10   10    9    3
 0.3593018293562821   10   10    9    9
 0.07415882354529282   10   10   10    4
 0.3550995592438601   10   10   10   10
 0.02238203735652001   11    1    5    1
 0.002297997600211377   11    1    5    3
 -0.02343149497380619   11    1    6    2
 0.001778189028858471   11    1    8    6
 0.01147748753209275   11    1    9    5
 0.02089029807686661   11    1   11    1
 0.02508610509490329   11    2    5    2
 -0.02512756014367633   11    2    6    1
 -0.001903293169091512   11    2    6    3
 -0.002065300419160102   11    2    8    5
 -0.01027493429877125   11    2    9    6
 0.02104727485894493   11    2   11    2
 0.004541721874900672   11    3    5    1
 0.003173787059188143   11    3    5    3
 -0.004560618793715021   11    3    6    2
 -0.003933122005773408   11    3    8    6
 -0.006849085868765627   11    3    9    5
 0.000539930568102655   11    3   11    1
 0.008366646464612331   11    3   11    3
 0.004502452660376202   11    4    5    4
 0.004834596468827249   11    4    7    6
 0.007552021568320705   11    4   10    5
 0.007552021568320705   11    4   11    4
 0.0918624214852941   11    5    1    1
 0.09441668634656178   11    5    2    2
 0.004240232711529499   11    5    3    1
 0.07432359623364365   11    5    3    3
 0.07795011513564308   11    5    4    4
 0.08695502045639551   11    5    5    5
 0.09009954999559121   11    5    6    6
 0.0804303570579367   11    5    7    7
 -0.00321873326943555   11    5    8    2
 0.08463373296372986   11    5    8    8
 0.03082779594658959   11    5    9    1
 -0.04302468897941001   11    5    9    3
 0.06901947268000962   11    5    9    9
 0.05345464149530972   11    5   10    4
 0.0685075360244502   11    5   10   10
 0.06855868463195111   11    5   11    5
 -0.09472739198918623   11    6    2    1
 -0.01082235630933525   11    6    3    2
 0.09084876359647297   11    6    6    5
 0.08064160887770291   11    6    7    4
 0.008046788688784289   11    6    8    1
 -0.07896521493898451   11    6    8    3
 -0.02945763343576911   11    6    9    2
 0.05584315326606074   11    6    9    8
 0.05611517880527832   11    6   10    7
 0.07107760976411326   11    6   11    6
 0.005103577359385039   11    7    6    4
 0.005103577359385038   11    7    7    5
 0.007481215479417479   11    7   10    6
 0.007481215479417478   11    7   11    7
 -0.003020347198848862   11    8    5    2
 0.003376990411302246   11    8    6    1
 -0.005087296002311645   11    8    6    3
 0.00597888821827172   11    8    8    5
 0.006903419893772729   11    8    9    6
 -0.001285647762579542   11    8   11    2
 0.007818966219059368   11    8   11    8
 0.03044663844641285   11    9    5    1
 -0.01060232905313348   11    9    5    3
 -0.0295407465350336   11    9    6    2
 0.01314087471654601   11    9    8    6
 0.001462774622738763   11    9    9    5
 0.006062371485818847   11    9   11    1
 0.001252704940300713   11    9   11    3
 0.02686897376421929   11    9   11    9
 0.0121432182424878   11   10    5    4
 0.0123110849969205   11   10    7    6
 0.002825643760421312   11   10   10    5
 0.002825643760421312   11   10   11    4
 0.0122623143177329   11   10   11   10
 0.3735404225332731   11   11    1    1
 0.3739614270442325   11   11    2    2
 -0.009529539480433611   11   11    3    1
 0.3514226446685778   11   11    3    3
 0.3497183219791908   11   11    4    4
 0.3740047584641664   11   11    5    5
 0.376962565937392   11   11    6    6
 0.3523403959435509   11   11    7    7
 -0.01749495391650187   11   11    8    2
 0.3618149081766956   11   11    8    8
 0.03239676149803316   11   11    9    1
 -0.04434446393161989   11   11    9    3
 0.359301829356282   11   11    9    9
 0.06850753602445026   11   11   10    4
 0.3305749306083942   11   11   10   10
 0.07415882354529282   11   11   11    5
 0.35509955924386   11   11   11   11
 0.0508907905351638   12    1    2    1
 0.02089366574065278   12    1    3    2
 -0.04375543006747517   12    1    6    5
 -0.04375543006747516   12    1    7    4
 0.01165235225689489   12    1    8    1
 0.04196674396437987   12    1    8    3
 0.005586113418936822   12    1    9    2
 -0.02589061924338895   12    1    9    8
 -0.03544855465834252   12    1   10    7
 -0.03544855465834253   12    1   11    6
 0.03056385521399806   12    1   12    1
 0.05954779916225857   12    2    1    1
 0.0632022739981902   12    2    2    2
 0.01736402881845199   12    2    3    1
 0.05203910551121498   12    2    3    3
 0.05230960801886098   12    2    4    4
 0.05230960801886098   12    2    5    5
 0.0539593469830021   12    2    6    6
 0.05395934698300208   12    2    7    7
 0.01421648708762475   12    2    8    2
 0.05380655044180405   12    2    8    8
 0.00745699718036845   12    2    9    1
 -0.02365795278095857   12    2    9    3
 0.03829959941312356   12    2    9    9
 0.03787567521829286   12    2   10    4
 0.04597524029983824   12    2   10   10
 0.03787567521829286   12    2   11    5
 0.04597524029983825   12    2   11   11
 0.03633021046135664   12    2   12    2
 0.05985500370120029   12    3    2    1
 0.01354371601452281   12    3    3    2
 -0.05031762654363674   12    3    6    5
 -0.05031762654363673   12    3    7    4
 0.001799278790357399   12    3    8    1
 0.0549946019733608   12    3    8    3
 0.009488517416918779   12    3    9    2
 -0.03747275597383905   12    3    9    8
 -0.03847090404974408   12    3   10    7
 -0.03847090404974407   12    3   11    6
 0.03312752960940813   12    3   12    1
 0.04321668744689654   12    3   12    3
 0.007141159287120823   12    4    4    2
 -0.00697250764939784   12    4    7    1
 -0.003443956262457128   12    4    7    3
 0.002189295624232031   12    4    8    4
 -0.003053243294739274   12    4    9    7
 0.01278478987160427   12    4   10    2
 0.004475866701320935   12    4   10    8
 0.01288119864465239   12    4   12    4
 0.007141159287120823   12    5    5    2
 -0.006972507649397842   12    5    6    1
 -0.00344395626245713   12    5    6    3
 0.002189295624232031   12    5    8    5
 -0.003053243294739274   12    5    9    6
 0.01278478987160427   12    5   11    2
 0.004475866701320935   12    5   11    8
 0.01288119864465239   12    5   12    5
 -0.006055412394185709   12    6    5    1
 -0.003857413433024775   12    6    5    3
 0.006746660821890509   12    6    6    2
 0.002566273803122545   12    6    8    6
 -0.00375989874124111   12    6    9    5
 -0.01290875632103168   12    6   11    1
 -0.005321561012296595   12    6   11    3
 0.001947373639162821   12    6   11    9
 0.01358130683572163   12    6   12    6
 -0.006055412394185703   12    7    4    1
 -0.003857413433024773   12    7    4    3
 0.006746660821890503   12    7    7    2
 0.002566273803122543   12    7    8    7
 -0.003759898741241111   12    7    9    4
 -0.01290875632103167   12    7   10    1
 -0.005321561012296594   12    7   10    3
 0.001947373639162825   12    7   10    9
 0.01358130683572163   12    7   12    7
 0.06547070098159975   12    8    1    1
 0.06690620327436651   12    8    2    2
 0.003467327138177078   12    8    3    1
 0.06237696244501208   12    8    3    3
 0.05581957799557766   12    8    4    4
 0.05581957799557764   12    8    5    5
 0.05705209587737721   12    8    6    6
 0.05705209587737721   12    8    7    7
 0.0006672336098016528   12    8    8    2
 0.06615880949006349   12    8    8    8
 0.009844351341630416   12    8    9    1
 -0.02711838185220001   12    8    9    3
 0.05914655779544162   12    8    9    9
 0.03500362165089956   12    8   10    4
 0.05026374741806977   12    8   10   10
 0.03500362165089953   12    8   11    5
 0.05026374741806974   12    8   11   11
 0.03462241719798274   12    8   12    2
 0.04135223957434021   12    8   12    8
 -0.03546679962599686   12    9    2    1
 -0.01346283218966703   12    9    3    2
 0.02870628436598444   12    9    6    5
 0.02870628436598445   12    9    7    4
 -0.006553298281919839   12    9    8    1
 -0.04010507582973294   12    9    8    3
 -0.005697853320399621   12    9    9    2
 0.0221737320146524   12    9    9    8
 0.01692146020512532   12    9   10    7
 0.01692146020512529   12    9   11    6
 -0.01173329442920735   12    9   12    1
 -0.0147507552378553   12    9   12    3
 0.01260245677735685   12    9   12    9
 0.03221591999995137   12   10    4    2
 -0.03174147100124527   12   10    7    1
 -0.01008945061599532   12   10    7    3
 0.006477327840567951   12   10    8    4
 8.654010878702656e-05   12   10    9    7
 0.009950232503909079   12   10   10    2
 0.0008770106539377065   12   10   10    8
 0.002190032089016581   12   10   12    4
 0.02509171837014019   12   10   12   10
 0.03221591999995137   12   11    5    2
 -0.03174147100124528   12   11    6    1
 -0.01008945061599532   12   11    6    3
 0.006477327840567951   12   11    8    5
 8.654010878702475e-05   12   11    9    6
 0.009950232503909079   12   11   11    2
 0.0008770106539377047   12   11   11    8
 0.002190032089016577   12   11   12    5
 0.02509171837014019   12   11   12   11
 0.3488916011181966   12   12    1    1
 0.3572719973849556   12   12    2    2
 0.04208938627574778   12   12    3    1
 0.3455502275783021   12   12    3    3
 0.3327060163130903   12   12    4    4
 0.3327060163130903   12   12    5    5
 0.3363051311126055   12   12    6    6
 0.3363051311126054   12   12    7    7
 0.03683544413410283   12   12    8    2
 0.3520873581343187   12   12    8    8
 0.01700008575930303   12   12    9    1
 -0.05011366520107552   12   12    9    3
 0.2984146474326459   12   12    9    9
 0.06180729508043128   12   12   10    4
 0.3119460882110216   12   12   10   10
 0.06180729508043123   12   12   11    5
 0.3119460882110215   12   12   11   11
 0.04787951898191322   12   12   12    2
 0.04255932728723446   12   12   12    8
 0.3495373754528187   12   12   12   12
 -0.02226659315507554   13    1    5    2
 0.02233740444606957   13    1    6    1
 0.001221900880688607   13    1    6    3
 0.002424753824269669   13    1    8    5
 0.01043413671929195   13    1    9    6
 -0.02017340577726497   13    1   11    2
 0.001619266891622191   13    1   11    8
 -0.01238497374794847   13    1   12    5
 -0.00824017980973721   13    1   12   11
 0.01945955082404899   13    1   13    1
 -0.021647096487894   13    2    5    1
 -0.001779743015330123   13    2    5    3
 0.02256711169472713   13    2    6    2
 -0.001995520803268157   13    2    8    6
 -0.01060964213301931   13    2    9    5
 -0.0204904117238834   13    2   11    1
 -0.00148269571092563   13    2   11    3
 -0.006547969628295686   13    2   11    9
 0.01336001591758163   13    2   12    6
 0.02031744099087998   13    2   13    2
 -0.001655266105043101   13    3    5    2
 0.001381410999650566   13    3    6    1
 0.004255307252636802   13    3    6    3
 -0.004385259605274651   13    3    8    5
 -0.004911389669140602   13    3    9    6
 -0.001847965677073903   13    3   11    2
 -0.006980170835998576   13    3   11    8
 -0.005784244597487453   13    3   12    5
 -0.002467438820539055   13    3   12   11
 0.001377914290538132   13    3   13    1
 0.006755151301139016   13    3   13    3
 0.004306452722927539   13    4    6    4
 0.004306452722927538   13    4    7    5
 0.007376268670227059   13    4   10    6
 0.007376268670227059   13    4   11    7
 0.00731480077252528   13    4   13    4
 -0.08388963328310968   13    5    2    1
 -0.008763737691764804   13    5    3    2
 0.07956251183954464   13    5    6    5
 0.07094960639368958   13    5    7    4
 0.008148829069601505   13    5    8    1
 -0.06974380948144041   13    5    8    3
 -0.02783887339548055   13    5    9    2
 0.05178620638228203   13    5    9    8
 0.0529089555212754   13    5   10    7
 0.06766149286172948   13    5   11    6
 -0.03378249319471528   13    5   12    1
 -0.03658128415864426   13    5   12    3
 0.0156623302145737   13    5   12    9
 0.06480727609746594   13    5   13    5
 0.09173760695442336   13    6    1    1
 0.09381193951137322   13    6    2    2
 0.001822205573472372   13    6    3    1
 0.07529953460241148   13    6    3    3
 0.07781871112479144   13    6    4    4
 0.08622329876910964   13    6    5    5
 0.08915799625848493   13    6    6    6
 0.08015201194259715   13    6    7    7
 -0.005255055342855285   13    6    8    2
 0.08509066195419582   13    6    8    8
 0.03026393416952836   13    6    9    1
 -0.04123040588842525   13    6    9    3
 0.07290003465669126   13    6    9    9
 0.05314488750735685   13    6   10    4
 0.06899757493887126   13    6   10   10
 0.06823489836640512   13    6   11    5
 0.07451181831971078   13    6   11   11
 0.03791521511465368   13    6   12    2
 0.03552818898307664   13    6   12    8
 0.0600396580325936   13    6   12   12
 0.06828392664486931   13    6   13    6
 0.00420229382215909   13    7    5    4
 0.004502992157943875   13    7    7    6
 0.007545005429524152   13    7   10    5
 0.007545005429524152   13    7   11    4
 0.002757121690419763   13    7   11   10
 0.00759944322583195   13    7   13    7
 0.003259109544982647   13    8    5    1
 -0.004213030575177322   13    8    5    3
 -0.003146239821163402   13    8    6    2
 0.005527805806864333   13    8    8    6
 0.007141947026122672   13    8    9    5
 0.001954957424992316   13    8   11    1
 -0.007351433382858717   13    8   11    3
 0.004278645054675182   13    8   11    9
 0.00455752784580065   13    8   12    6
 -0.001208740566406058   13    8   13    2
 0.007846691434797892   13    8   13    8
 -0.02367177807148016   13    9    5    2
 0.02426014814110786   13    9    6    1
 -0.007095393564615741   13    9    6    3
 0.01063624891592882   13    9    8    5
 0.006368701231011777   13    9    9    6
 -0.008285391645957922   13    9   11    2
 0.005155082648019824   13    9   11    8
 0.0007439395661512838   13    9   12    5
 -0.008317214999960094   13    9   12   11
 0.007512099280430921   13    9   13    1
 -0.002583520801783379   13    9   13    3
 0.01722565233225035   13    9   13    9
 0.01190238844673316   13   10    6    4
 0.01190238844673316   13   10    7    5
 0.003280388943855363   13   10   10    6
 0.003280388943855361   13   10   11    7
 0.002662137965412898   13   10   13    4
 0.01172785758637428   13   10   13   10
 -0.1928742180599244   13   11    2    1
 -0.03004809677374419   13   11    3    2
 0.1974917556525098   13   11    6    5
 0.1736869787590435   13   11    7    4
 0.005852921134366078   13   11    8    1
 -0.1675162694670939   13   11    8    3
 -0.03624561504058263   13   11    9    2
 0.08261504645330382   13   11    9    8
 0.06909849416476427   13   11   10    7
 0.07565927205247498   13   11   11    6
 -0.03679950088021094   13   11   12    1
 -0.04276629400993255   13   11   12    3
 0.02649314441897942   13   11   12    9
 0.06618740362669172   13   11   13    5
 0.1777985484932238   13   11   13   11
 -0.03470470593024069   13   12    5    1
 -0.009153733588443864   13   12    5    3
 0.03585235739243349   13   12    6    2
 0.006175628156577267   13   12    8    6
 0.002031093583060841   13   12    9    5
 -0.008284042428817577   13   12   11    1
 -0.00405933836091181   13   12   11    3
 -0.01185934899611696   13   12   11    9
 0.001054194454664433   13   12   12    6
 0.007724638961670783   13   12   13    2
 0.0003405014132030593   13   12   13    8
 0.02863069693310311   13   12   13   12
 0.3691656189076799   13   13    1    1
 0.3702684174114214   13   13    2    2
 -0.005876132808505734   13   13    3    1
 0.3461458125269776   13   13    3    3
 0.3461695184591312   13   13    4    4
 0.3706520488349094   13   13    5    5
 0.373848433260093   13   13    6    6
 0.3489560362140783   13   13    7    7
 -0.01422097421710795   13   13    8    2
 0.3571824837346136   13   13    8    8
 0.03259175389630857   13   13    9    1
 -0.04622922161454943   13   13    9    3
 0.3499069730178807   13   13    9    9
 0.06743020656083108   13   13   10    4
 0.3270803018153647   13   13   10   10
 0.07254897560067768   13   13   11    5
 0.3517531567314707   13   13   11   11
 0.04464223677222761   13   13   12    2
 0.04829658839071303   13   13   12    8
 0.312253385715096   13   13   12   12
 0.07232680990450752   13   13   13    6
 0.3494855213872884   13   13   13   13
 -0.02226659315507555   14    1    4    2
 0.02233740444606958   14    1    7    1
 0.001221900880688608   14    1    7    3
 0.00242475382426967   14    1    8    4
 0.01043413671929195   14    1    9    7
 -0.02017340577726498   14    1   10    2
 0.001619266891622192   14    1   10    8
 -0.01238497374794847   14    1   12    4
 -0.008240179809737222   14    1   12   10
 0.019459550824049   14    1   14    1
 -0.02164709648789402   14    2    4    1
 -0.001779743015330124   14    2    4    3
 0.02256711169472715   14    2    7    2
 -0.001995520803268158   14    2    8    7
 -0.01060964213301931   14    2    9    4
 -0.02049041172388341   14    2   10    1
 -0.001482695710925631   14    2   10    3
 -0.006547969628295695   14    2   10    9
 0.01336001591758162   14    2   12    7
 0.02031744099088   14    2   14    2
 -0.001655266105043102   14    3    4    2
 0.001381410999650567   14    3    7    1
 0.004255307252636805   14    3    7    3
 -0.004385259605274656   14    3    8    4
 -0.004911389669140604   14    3    9    7
 -0.001847965677073903   14    3   10    2
 -0.006980170835998578   14    3   10    8
 -0.005784244597487454   14    3   12    4
 -0.002467438820539059   14    3   12   10
 0.001377914290538133   14    3   14    1
 0.00675515130113902   14    3   14    3
 -0.08388963328310976   14    4    2    1
 -0.008763737691764816   14    4    3    2
 0.07094960639368965   14    4    6    5
 0.0795625118395447   14    4    7    4
 0.008148829069601508   14    4    8    1
 -0.06974380948144049   14    4    8    3
 -0.02783887339548057   14    4    9    2
 0.05178620638228209   14    4    9    8
 0.0676614928617295   14    4   10    7
 0.05290895552127543   14    4   11    6
 -0.03378249319471529   14    4   12    1
 -0.03658128415864429   14    4   12    3
 0.01566233021457377   14    4   12    9
 0.05017767455241541   14    4   13    5
 0.06086312769586606   14    4   13   11
 0.06480727609746596   14    4   14    4
 0.004306452722927544   14    5    6    4
 0.004306452722927542   14    5    7    5
 0.007376268670227061   14    5   10    6
 0.00737626867022706   14    5   11    7
 0.00731480077252528   14    5   13    4
 0.0026621379654129   14    5   13   10
 0.00731480077252528   14    5   14    5
 0.004202293822159097   14    6    5    4
 0.004502992157943881   14    6    7    6
 0.007545005429524154   14    6   10    5
 0.007545005429524154   14    6   11    4
 0.002757121690419767   14    6   11   10
 0.007599443225831952   14    6   13    7
 0.007599443225831953   14    6   14    6
 0.09173760695442343   14    7    1    1
 0.09381193951137329   14    7    2    2
 0.001822205573472368   14    7    3    1
 0.07529953460241157   14    7    3    3
 0.0862232987691097   14    7    4    4
 0.07781871112479151   14    7    5    5
 0.08015201194259722   14    7    6    6
 0.08915799625848497   14    7    7    7
 -0.005255055342855286   14    7    8    2
 0.08509066195419591   14    7    8    8
 0.03026393416952836   14    7    9    1
 -0.04123040588842529   14    7    9    3
 0.07290003465669133   14    7    9    9
 0.06823489836640512   14    7   10    4
 0.07451181831971082   14    7   10   10
 0.05314488750735683   14    7   11    5
 0.06899757493887132   14    7   11   11
 0.03791521511465371   14    7   12    2
 0.03552818898307668   14    7   12    8
 0.06003965803259364   14    7   12   12
 0.05308504019320541   14    7   13    6
 0.06753295247563217   14    7   13   13
 0.06828392664486932   14    7   14    7
 0.003259109544982649   14    8    4    1
 -0.004213030575177327   14    8    4    3
 -0.003146239821163404   14    8    7    2
 0.005527805806864338   14    8    8    7
 0.007141947026122674   14    8    9    4
 0.001954957424992317   14    8   10    1
 -0.00735143338285872   14    8   10    3
 0.004278645054675188   14    8   10    9
 0.00455752784580065   14    8   12    7
 -0.001208740566406059   14    8   14    2
 0.007846691434797895   14    8   14    8
 -0.02367177807148017   14    9    4    2
 0.02426014814110787   14    9    7    1
 -0.007095393564615742   14    9    7    3
 0.01063624891592882   14    9    8    4
 0.006368701231011777   14    9    9    7
 -0.008285391645957924   14    9   10    2
 0.005155082648019824   14    9   10    8
 0.0007439395661512877   14    9   12    4
 -0.008317214999960097   14    9   12   10
 0.007512099280430932   14    9   14    1
 -0.002583520801783384   14    9   14    3
 0.01722565233225036   14    9   14    9
 -0.1928742180599245   14   10    2    1
 -0.03004809677374419   14   10    3    2
 0.1736869787590435   14   10    6    5
 0.1974917556525099   14   10    7    4
 0.005852921134366081   14   10    8    1
 -0.1675162694670939   14   10    8    3
 -0.03624561504058264   14   10    9    2
 0.08261504645330391   14   10    9    8
 0.07565927205247498   14   10   10    7
 0.0690984941647643   14   10   11    6
 -0.03679950088021099   14   10   12    1
 -0.0427662940099326   14   10   12    3
 0.02649314441897959   14   10   12    9
 0.06086312769586597   14   10   13    5
 0.1543428333204754   14   10   13   11
 0.0661874036266918   14   10   14    4
 0.1777985484932239   14   10   14   10
 0.01190238844673316   14   11    6    4
 0.01190238844673316   14   11    7    5
 0.003280388943855364   14   11   10    6
 0.003280388943855362   14   11   11    7
 0.002662137965412899   14   11   13    4
 0.01172785758637428   14   11   13   10
 0.002662137965412901   14   11   14    5
 0.01172785758637428   14   11   14   11
 -0.03470470593024069   14   12    4    1
 -0.009153733588443866   14   12    4    3
 0.03585235739243349   14   12    7    2
 0.006175628156577267   14   12    8    7
 0.002031093583060842   14   12    9    4
 -0.008284042428817579   14   12   10    1
 -0.004059338360911812   14   12   10    3
 -0.01185934899611697   14   12   10    9
 0.001054194454664434   14   12   12    7
 0.0077246389616708   14   12   14    2
 0.0003405014132030622   14   12   14    8
 0.02863069693310311   14   12   14   12
 0.01224126518788908   14   13    5    4
 0.01244619852300729   14   13    7    6
 0.002559384519923293   14   13   10    5
 0.002559384519923294   14   13   11    4
 0.01233642745805306   14   13   11   10
 0.002396928714437692   14   13   13    7
 0.002396928714437697   14   13   14    6
 0.01259128028186027   14   13   14   13
 0.36916561890768   14   14    1    1
 0.3702684174114214   14   14    2    2
 -0.005876132808505729   14   14    3    1
 0.3461458125269776   14   14    3    3
 0.3706520488349094   14   14    4    4
 0.3461695184591313   14   14    5    5
 0.3489560362140784   14   14    6    6
 0.373848433260093   14   14    7    7
 -0.01422097421710796   14   14    8    2
 0.3571824837346136   14   14    8    8
 0.03259175389630861   14   14    9    1
 -0.04622922161454948   14   14    9    3
 0.3499069730178807   14   14    9    9
 0.07254897560067766   14   14   10    4
 0.3517531567314708   14   14   10   10
 0.06743020656083104   14   14   11    5
 0.3270803018153646   14   14   11   11
 0.04464223677222767   14   14   12    2
 0.04829658839071308   14   14   12    8
 0.312253385715096   14   14   12   12
 0.06753295247563207   14   14   13    6
 0.3243029608235679   14   14   13   13
 0.07232680990450759   14   14   14    7
 0.3494855213872886   14   14   14   14
 -0.06131393542624514   15    1    1    1
 -0.06447905821574579   15    1    2    2
 -0.01363544390954612   15    1    3    1
 -0.05316407167472271   15    1    3    3
 -0.05343171235333079   15    1    4    4
 -0.05343171235333079   15    1    5    5
 -0.05513919553596118   15    1    6    6
 -0.05513919553596117   15    1    7    7
 -0.01002053434812401   15    1    8    2
 -0.05627071953223589   15    1    8    8
 -0.01126390398481746   15    1    9    1
 0.02578790343352534   15    1    9    3
 -0.04223513969568337   15    1    9    9
 -0.03959795840100553   15    1   10    4
 -0.0470406138168296   15    1   10   10
 -0.03959795840100553   15    1   11    5
 -0.0470406138168296   15    1   11   11
 -0.0348305830474528   15    1   12    2
 -0.03318269165956093   15    1   12    8
 -0.04694974843766125   15    1   12   12
 -0.03966070751133088   15    1   13    6
 -0.0456592246367101   15    1   13   13
 -0.03966070751133088   15    1   14    7
 -0.04565922463671011   15    1   14   14
 0.03402936197921184   15    1   15    1
 -0.0626598247275137   15    2    2    1
 -0.02007995320890141   15    2    3    2
 0.05377056423798824   15    2    6    5
 0.05377056423798823   15    2    7    4
 -0.00827948680262049   15    2    8    1
 -0.05292361777099564   15    2    8    3
 -0.01063133813463221   15    2    9    2
 0.03459799977446689   15    2    9    8
 0.04309758301440955   15    2   10    7
 0.04309758301440957   15    2   11    6
 -0.03426937341502518   15    2   12    1
 -0.03797797479549578   15    2   12    3
 0.01408930107104459   15    2   12    9
 0.04106085782852989   15    2   13    5
 0.04546156552420318   15    2   13   11
 0.0410608578285299   15    2   14    4
 0.04546156552420319   15    2   14   10
 0.03912536410904476   15    2   15    2
 -0.05836862055811713   15    3    1    1
 -0.06038502971195593   15    3    2    2
 -0.008003664665531637   15    3    3    1
 -0.05492744452042155   15    3    3    3
 -0.05039613071752508   15    3    4    4
 -0.05039613071752507   15    3    5    5
 -0.05155323732990676   15    3    6    6
 -0.05155323732990676   15    3    7    7
 -0.005677628053651244   15    3    8    2
 -0.05705257297021239   15    3    8    8
 -0.005740088550489959   15    3    9    1
 0.02250896880157335   15    3    9    3
 -0.04821730904373062   15    3    9    9
 -0.0317008661833635   15    3   10    4
 -0.04517076966002277   15    3   10   10
 -0.0317008661833635   15    3   11    5
 -0.04517076966002276   15    3   11   11
 -0.03366195216328381   15    3   12    2
 -0.03828720540053189   15    3   12    8
 -0.04057955611974449   15    3   12   12
 -0.03211309163412537   15    3   13    6
 -0.04345192165473906   15    3   13   13
 -0.03211309163412539   15    3   14    7
 -0.04345192165473908   15    3   14   14
 0.0317587185558865   15    3   15    1
 0.03624439533408182   15    3   15    3
 -0.005661412754541536   15    4    4    1
 -0.003372859383959269   15    4    4    3
 0.006372003397687672   15    4    7    2
 0.001873327120041592   15    4    8    7
 -0.005576351824641574   15    4    9    4
 -0.01431901991904576   15    4   10    1
 -0.004337495022816553   15    4   10    3
 0.002025336144919078   15    4   10    9
 0.01415186664764547   15    4   12    7
 0.0147137649372147   15    4   14    2
 0.003527807468882887   15    4   14    8
 0.0001129442256699958   15    4   14   12
 0.01503911663614035   15    4   15    4
 -0.005661412754541536   15    5    5    1
 -0.003372859383959268   15    5    5    3
 0.006372003397687674   15    5    6    2
 0.001873327120041592   15    5    8    6
 -0.005576351824641575   15    5    9    5
 -0.01431901991904576   15    5   11    1
 -0.004337495022816553   15    5   11    3
 0.002025336144919078   15    5   11    9
 0.01415186664764547   15    5   12    6
 0.0147137649372147   15    5   13    2
 0.003527807468882886   15    5   13    8
 0.0001129442256699919   15    5   13   12
 0.01503911663614035   15    5   15    5
 0.007802825208485408   15    6    5    2
 -0.007670835599906927   15    6    6    1
 -0.003005413229421904   15    6    6    3
 0.001528300686492236   15    6    8    5
 -0.004767595124116926   15    6    9    6
 0.01456377679295116   15    6   11    2
 0.003584817020546665   15    6   11    8
 0.01376296410371035   15    6   12    5
 0.001948106675961548   15    6   12   11
 -0.01421855186154212   15    6   13    1
 -0.00517702391022251   15    6   13    3
 0.0002485062990124642   15    6   13    9
 0.01495949085717503   15    6   15    6
 0.007802825208485401   15    7    4    2
 -0.007670835599906921   15    7    7    1
 -0.003005413229421902   15    7    7    3
 0.001528300686492235   15    7    8    4
 -0.004767595124116925   15    7    9    7
 0.01456377679295116   15    7   10    2
 0.003584817020546665   15    7   10    8
 0.01376296410371035   15    7   12    4
 0.001948106675961548   15    7   12   10
 -0.01421855186154213   15    7   14    1
 -0.00517702391022251   15    7   14    3
 0.000248506299012465   15    7   14    9
 0.01495949085717503   15    7   15    7
 -0.0396938324473813   15    8    2    1
 -0.01148992589976663   15    8    3    2
 0.03252252190591615   15    8    6    5
 0.03252252190591615   15    8    7    4
 -0.003797762977587056   15    8    8    1
 -0.03651586106194742   15    8    8    3
 -0.003472090263055354   15    8    9    2
 0.02519164352949573   15    8    9    8
 0.02785749701963131   15    8   10    7
 0.0278574970196313   15    8   11    6
 -0.02747547300955976   15    8   12    1
 -0.03621600183195044   15    8   12    3
 0.0109155054660629   15    8   12    9
 0.02672099559969574   15    8   13    5
 0.02742581619983334   15    8   13   11
 0.02672099559969575   15    8   14    4
 0.02742581619983336   15    8   14   10
 0.03084353486419339   15    8   15    2
 0.03137335594943771   15    8   15    8
 0.004830897303472952   15    9    1    1
 0.007108285958961112   15    9    2    2
 0.01384558613888967   15    9    3    1
 0.01207360935485705   15    9    3    3
 0.001044132364244236   15    9    4    4
 0.001044132364244239   15    9    5    5
 0.00147158639581578   15    9    6    6
 0.001471586395815774   15    9    7    7
 0.01432109125753819   15    9    8    2
 0.01189217814107583   15    9    8    8
 -0.001021741942248107   15    9    9    1
 -0.00845254357677931   15    9    9    3
 -0.00123021564731806   15    9    9    9
 0.006882482467394558   15    9   10    4
 0.001808717852751893   15    9   10   10
 0.006882482467394545   15    9   11    5
 0.001808717852751841   15    9   11   11
 0.00839429443757189   15    9   12    2
 0.007581177018669905   15    9   12    8
 0.01950727186653492   15    9   12   12
 0.006698500235621418   15    9   13    6
 0.002035018430504213   15    9   13   13
 0.006698500235621432   15    9   14    7
 0.002035018430504271   15    9   14   14
 -0.007850567173172221   15    9   15    1
 -0.007337270785458224   15    9   15    3
 0.008266042090686666   15    9   15    9
 -0.03843366014598894   15   10    4    1
 -0.007730243354835635   15   10    4    3
 0.03951351619545131   15   10    7    2
 0.004270756738710831   15   10    8    7
 0.001278492192894775   15   10    9    4
 -0.009755290814746884   15   10   10    1
 -0.004138670436616834   15   10   10    3
 -0.01493232363663072   15   10   10    9
 0.001448842176548641   15   10   12    7
 0.009206638360296802   15   10   14    2
 -0.0001207302420787188   15   10   14    8
 0.02960757943681473   15   10   14   12
 0.0005419317441806477   15   10   15    4
 0.03105283427183463   15   10   15   10
 -0.03843366014598894   15   11    5    1
 -0.007730243354835635   15   11    5    3
 0.03951351619545131   15   11    6    2
 0.004270756738710832   15   11    8    6
 0.001278492192894774   15   11    9    5
 -0.009755290814746884   15   11   11    1
 -0.004138670436616834   15   11   11    3
 -0.01493232363663071   15   11   11    9
 0.001448842176548646   15   11   12    6
 0.009206638360296794   15   11   13    2
 -0.0001207302420787209   15   11   13    8
 0.02960757943681473   15   11   13   12
 0.0005419317441806468   15   11   15    5
 0.03105283427183463   15   11   15   11
 -0.1979234706784264   15   12    2    1
 -0.07304163073070634   15   12    3    2
 0.1824764516046724   15   12    6    5
 0.1824764516046724   15   12    7    4
 -0.03818527149784287   15   12    8    1
 -0.1870330426502561   15   12    8    3
 -0.0177771244084954   15   12    9    2
 0.07517903981568011   15   12    9    8
 0.06165544713966487   15   12   10    7
 0.06165544713966487   15   12   11    6
 -0.03923109304547819   15   12   12    1
 -0.03887900175420645   15   12   12    3
 0.03897789982655706   15   12   12    9
 0.05251371396007914   15   12   13    5
 0.1617023295938194   15   12   13   11
 0.05251371396007921   15   12   14    4
 0.1617023295938194   15   12   14   10
 0.04580868143069443   15   12   15    2
 0.0242984894186478   15   12   15    8
 0.2109994910156018   15   12   15   12
 0.03739471505026001   15   13    5    2
 -0.03699601321023731   15   13    6    1
 -0.009335981203517805   15   13    6    3
 0.005035755602001566   15   13    8    5
 -0.0005915318046388586   15   13    9    6
 0.01091806027327627   15   13   11    2
 -8.71469604559509e-05   15   13   11    8
 0.001337045462773421   15   13   12    5
 0.02774589742156411   15   13   12   11
 -0.009001450309095542   15   13   13    1
 -0.00190605219019364   15   13   13    3
 -0.01162928179570101   15   13   13    9
 0.001069902868538309   15   13   15    6
 0.03115986444296904   15   13   15   13
 0.03739471505026001   15   14    4    2
 -0.03699601321023731   15   14    7    1
 -0.009335981203517805   15   14    7    3
 0.005035755602001567   15   14    8    4
 -0.0005915318046388556   15   14    9    7
 0.01091806027327628   15   14   10    2
 -8.714696045594887e-05   15   14   10    8
 0.001337045462773424   15   14   12    4
 0.02774589742156411   15   14   12   10
 -0.009001450309095554   15   14   14    1
 -0.001906052190193645   15   14   14    3
 -0.011629281795701   15   14   14    9
 0.001069902868538306   15   14   15    7
 0.03115986444296903   15   14   15   14
 0.3481212288751604   15   15    1    1
 0.3557683114981692   15   15    2    2
 0.03786394182792523   15   15    3    1
 0.3422809711572358   15   15    3    3
 0.3333386029055415   15   15    4    4
 0.3333386029055415   15   15    5    5
 0.3367669624271072   15   15    6    6
 0.3367669624271072   15   15    7    7
 0.03258489797839192   15   15    8    2
 0.3483991227723943   15   15    8    8
 0.01627492076017545   15   15    9    1
 -0.04660459526277019   15   15    9    3
 0.2996614075951874   15   15    9    9
 0.05932647617047188   15   15   10    4
 0.3122413405055126   15   15   10   10
 0.05932647617047188   15   15   11    5
 0.3122413405055125   15   15   11   11
 0.04594981200654334   15   15   12    2
 0.04120907143049954   15   15   12    8
 0.3432646184205658   15   15   12   12
 0.05765887506849925   15   15   13    6
 0.3123915817669308   15   15   13   13
 0.05765887506849926   15   15   14    7
 0.3123915817669308   15   15   14   14
 -0.04497429694386036   15   15   15    1
 -0.03934399484470211   15   15   15    3
 0.01667619157137926   15   15   15    9
 0.3380988376062529   15   15   15   15
 -0.04758689506717426   16    1    2    1
 0.006145607415847157   16    1    3    2
 0.04085058034824495   16    1    6    5
 0.04085058034824494   16    1    7    4
 0.01689559714729259   16    1    8    1
 -0.04261659552341263   16    1    8    3
 -0.02743256750296982   16    1    9    2
 0.04024984457844232   16    1    9    8
 0.03385977267124784   16    1   10    7
 0.03385977267124785   16    1   11    6
 -0.01156830525049575   16    1   12    1
 -0.01395468182040199   16    1   12    3
 0.009201633939952159   16    1   12    9
 0.03236175609669541   16    1   13    5
 0.03557784580606475   16    1   13   11
 0.03236175609669542   16    1   14    4
 0.03557784580606475   16    1   14   10
 0.01686155585597178   16    1   15    2
 0.007333278018167476   16    1   15    8
 0.02583947800392037   16    1   15   12
 0.02876079968950359   16    1   16    1
 -0.04366873716784374   16    2    1    1
 -0.04370068413712409   16    2    2    2
 0.008286111474752297   16    2    3    1
 -0.03417498717125855   16    2    3    3
 -0.03639701426018051   16    2    4    4
 -0.03639701426018051   16    2    5    5
 -0.0379518310267795   16    2    6    6
 -0.0379518310267795   16    2    7    7
 0.01365841008396541   16    2    8    2
 -0.04471421026670606   16    2    8    8
 -0.02832173204734196   16    2    9    1
 0.03134885339457226   16    2    9    3
 -0.03913776440516961   16    2    9    9
 -0.03191034149152609   16    2   10    4
 -0.03200538596588186   16    2   10   10
 -0.03191034149152609   16    2   11    5
 -0.03200538596588185   16    2   11   11
 -0.01190095834692385   16    2   12    2
 -0.0119001148741415   16    2   12    8
 -0.02417917932749514   16    2   12   12
 -0.03158099600038103   16    2   13    6
 -0.03178823832848982   16    2   13   13
 -0.03158099600038104   16    2   14    7
 -0.03178823832848984   16    2   14   14
 0.01505374628629322   16    2   15    1
 0.008468177345768295   16    2   15    3
 -0.002187864372836238   16    2   15    9
 -0.02257020424646195   16    2   15   15
 0.02616476676828096   16    2   16    2
 0.04139077289849595   16    3    2    1
 -0.002592441669367997   16    3    3    2
 -0.03453092966088231   16    3    6    5
 -0.03453092966088231   16    3    7    4
 -0.01213587367594259   16    3    8    1
 0.03950394266704171   16    3    8    3
 0.02329560994084449   16    3    9    2
 -0.04181163514463727   16    3    9    8
 -0.02990175413569801   16    3   10    7
 -0.02990175413569799   16    3   11    6
 0.01293428390774182   16    3   12    1
 0.01965964415766842   16    3   12    3
 -0.01097044831909128   16    3   12    9
 -0.02861769085441236   16    3   13    5
 -0.0307499167826834   16    3   13   11
 -0.02861769085441239   16    3   14    4
 -0.03074991678268341   16    3   14   10
 -0.01793445883125574   16    3   15    2
 -0.0131941941211407   16    3   15    8
 -0.02356615493142256   16    3   15   12
 -0.02574515560002983   16    3   16    1
 0.02882802925320903   16    3   16    3
 -0.003478477484464835   16    4    4    2
 0.003617813566350802   16    4    7    1
 -0.001379997217368464   16    4    7    3
 0.002677934497540335   16    4    8    4
 0.01089078849170803   16    4    9    7
 -0.01117070494246293   16    4   10    2
 0.005733531858146103   16    4   10    8
 -0.005572121432930174   16    4   12    4
 0.001503758451448553   16    4   12   10
 0.01153154342302571   16    4   14    1
 -0.004087705888024681   16    4   14    3
 0.001817553408385035   16    4   14    9
 -0.007574913804622585   16    4   15    7
 0.00184463483736175   16    4   15   14
 0.01318063899012451   16    4   16    4
 -0.003478477484464836   16    5    5    2
 0.003617813566350806   16    5    6    1
 -0.001379997217368465   16    5    6    3
 0.002677934497540335   16    5    8    5
 0.01089078849170803   16    5    9    6
 -0.01117070494246293   16    5   11    2
 0.005733531858146103   16    5   11    8
 -0.005572121432930171   16    5   12    5
 0.001503758451448555   16    5   12   11
 0.01153154342302571   16    5   13    1
 -0.004087705888024681   16    5   13    3
 0.001817553408385028   16    5   13    9
 -0.007574913804622583   16    5   15    6
 0.001844634837361755   16    5   15   13
 0.01318063899012451   16    5   16    5
 0.001397777162075561   16    6    5    1
 -0.0002328913741330106   16    6    5    3
 -0.001977447387931185   16    6    6    2
 0.002340073559758519   16    6    8    6
 0.01288022086248657   16    6    9    5
 0.01257908498287321   16    6   11    1
 -0.005689422544807152   16    6   11    3
 -0.001488441297951142   16    6   11    9
 -0.006285535046197522   16    6   12    6
 -0.01198305182064245   16    6   13    2
 0.005958170806749631   16    6   13    8
 0.003156969060766913   16    6   13   12
 -0.008347388209302217   16    6   15    5
 0.002860019569625403   16    6   15   11
 0.01463488914354022   16    6   16    6
 0.001397777162075556   16    7    4    1
 -0.000232891374133009   16    7    4    3
 -0.001977447387931177   16    7    7    2
 0.002340073559758516   16    7    8    7
 0.01288022086248657   16    7    9    4
 0.01257908498287321   16    7   10    1
 -0.005689422544807151   16    7   10    3
 -0.001488441297951142   16    7   10    9
 -0.006285535046197526   16    7   12    7
 -0.01198305182064245   16    7   14    2
 0.00595817080674963   16    7   14    8
 0.003156969060766911   16    7   14   12
 -0.008347388209302222   16    7   15    4
 0.002860019569625397   16    7   15   10
 0.01463488914354022   16    7   16    7
 0.05923413660592931   16    8    1    1
 0.05976674357331709   16    8    2    2
 -0.007928609354727846   16    8    3    1
 0.0500359743447541   16    8    3    3
 0.04946184505655993   16    8    4    4
 0.04946184505655993   16    8    5    5
 0.05147383316616999   16    8    6    6
 0.05147383316616998   16    8    7    7
 -0.01464454957351664   16    8    8    2
 0.06411025575298268   16    8    8    8
 0.03407822005669495   16    8    9    1
 -0.04604600347213657   16    8    9    3
 0.05456635937352292   16    8    9    9
 0.0390056291599465   16    8   10    4
 0.0442150022576667   16    8   10   10
 0.03900562915994648   16    8   11    5
 0.04421500225766666   16    8   11   11
 0.01846747570711818   16    8   12    2
 0.0241594868272809   16    8   12    8
 0.03564866653228168   16    8   12   12
 0.03840191364524442   16    8   13    6
 0.04431962568968578   16    8   13   13
 0.03840191364524444   16    8   14    7
 0.04431962568968585   16    8   14   14
 -0.02142576946214085   16    8   15    1
 -0.01870556391747013   16    8   15    3
 0.005035240278859925   16    8   15    9
 0.03340893565612762   16    8   15   15
 -0.03086350594912058   16    8   16    2
 0.0437372888033391   16    8   16    8
 -0.1642213195781541   16    9    2    1
 0.01001530761388415   16    9    3    2
 0.1511640031468895   16    9    6    5
 0.1511640031468895   16    9    7    4
 0.04335162156890659   16    9    8    1
 -0.155660922126319   16    9    8    3
 -0.0469325786335193   16    9    9    2
 0.08646999509247479   16    9    9    8
 0.06188446573673602   16    9   10    7
 0.06188446573673603   16    9   11    6
 -0.02362181294876255   16    9   12    1
 -0.03881574672293522   16    9   12    3
 0.02359728515855044   16    9   12    9
 0.05507886601792699   16    9   13    5
 0.1322747474532106   16    9   13   11
 0.05507886601792702   16    9   14    4
 0.1322747474532107   16    9   14   10
 0.03331218779375479   16    9   15    2
 0.02451934216903451   16    9   15    8
 0.1108173966056189   16    9   15   12
 0.03978004126423793   16    9   16    1
 -0.03493582945212778   16    9   16    3
 0.1439264764436624   16    9   16    9
 -0.03039101164762328   16   10    4    2
 0.0309496565552524   16   10    7    1
 -0.006143603612537954   16   10    7    3
 0.01040228302757897   16   10    8    4
 0.005118492776083351   16   10    9    7
 -0.0094280516312237   16   10   10    2
 0.003992897506022553   16   10   10    8
 0.0004362531177831158   16   10   12    4
 -0.01293615613207649   16   10   12   10
 0.008234552259446793   16   10   14    1
 -0.001112691425351796   16   10   14    3
 0.02013974723862988   16   10   14    9
 0.0002510718854451978   16   10   15    7
 -0.0170173638834094   16   10   15   14
 -0.0004128174542361722   16   10   16    4
 0.0245526624494673   16   10   16   10
 -0.03039101164762329   16   11    5    2
 0.0309496565552524   16   11    6    1
 -0.006143603612537954   16   11    6    3
 0.01040228302757897   16   11    8    5
 0.005118492776083351   16   11    9    6
 -0.009428051631223705   16   11   11    2
 0.003992897506022552   16   11   11    8
 0.0004362531177831167   16   11   12    5
 -0.01293615613207648   16   11   12   11
 0.00823455225944679   16   11   13    1
 -0.001112691425351792   16   11   13    3
 0.02013974723862987   16   11   13    9
 0.0002510718854451988   16   11   15    6
 -0.01701736388340939   16   11   15   13
 -0.0004128174542361801   16   11   16    5
 0.0245526624494673   16   11   16   11
 0.001547688672679901   16   12    1    1
 0.002686748296386935   16   12    2    2
 0.006213879157429483   16   12    3    1
 0.008779665874133539   16   12    3    3
 -0.002459727403925128   16   12    4    4
 -0.002459727403925114   16   12    5    5
 -0.00215264566795464   16   12    6    6
 -0.002152645667954656   16   12    7    7
 0.006308347611529285   16   12    8    2
 0.01052820483368246   16   12    8    8
 0.003542774520817237   16   12    9    1
 -0.009226955921294839   16   12    9    3
 0.001434920480319893   16   12    9    9
 0.005673135362006204   16   12   10    4
 -0.001022896467239647   16   12   10   10
 0.005673135362006198   16   12   11    5
 -0.001022896467239679   16   12   11   11
 0.003025511407998192   16   12   12    2
 0.002834472426362437   16   12   12    8
 0.01303684880007721   16   12   12   12
 0.005595056508514076   16   12   13    6
 -0.0008528395503336689   16   12   13   13
 0.005595056508514083   16   12   14    7
 -0.0008528395503336346   16   12   14   14
 -0.003522279766711372   16   12   15    1
 -0.002052903490193528   16   12   15    3
 0.006722074398220031   16   12   15    9
 0.01027920427276294   16   12   15   15
 -0.005171177393675621   16   12   16    2
 0.007165703210647823   16   12   16    8
 0.007353987651643706   16   12   16   12
 0.03583624985246695   16   13    5    1
 -0.008361294299479606   16   13    5    3
 -0.0353050872596907   16   13    6    2
 0.01169222070125013   16   13    8    6
 0.0009716964067324704   16   13    9    5
 0.007200702311418838   16   13   11    1
 0.00184039304285796   16   13   11    3
 0.02743776819091098   16   13   11    9
 0.001723638448872675   16   13   12    6
 -0.00731770652106027   16   13   13    2
 0.00351625038992866   16   13   13    8
 -0.01661022354182994   16   13   13   12
 0.002200055374036115   16   13   15    5
 -0.01997929873163192   16   13   15   11
 -0.002972599361045436   16   13   16    6
 0.03026926375915871   16   13   16   13
 0.03583624985246695   16   14    4    1
 -0.008361294299479606   16   14    4    3
 -0.03530508725969069   16   14    7    2
 0.01169222070125013   16   14    8    7
 0.0009716964067324725   16   14    9    4
 0.007200702311418841   16   14   10    1
 0.001840393042857956   16   14   10    3
 0.02743776819091097   16   14   10    9
 0.001723638448872677   16   14   12    7
 -0.00731770652106028   16   14   14    2
 0.003516250389928667   16   14   14    8
 -0.01661022354182995   16   14   14   12
 0.002200055374036115   16   14   15    4
 -0.01997929873163193   16   14   15   10
 -0.002972599361045437   16   14   16    7
 0.0302692637591587   16   14   16   14
 0.01936206282192334   16   15    2    1
 -0.007001099783753169   16   15    3    2
 -0.02201860099734437   16   15    6    5
 -0.02201860099734437   16   15    7    4
 -0.01057892501874256   16   15    8    1
 0.009863834050439944   16   15    8    3
 0.004586149524806059   16   15    9    2
 -0.004173355103530984   16   15    9    8
 -0.003814105190507552   16   15   10    7
 -0.003814105190507561   16   15   11    6
 0.000711709235748642   16   15   12    1
 0.002377706454373679   16   15   12    3
 0.004014844888194218   16   15   12    9
 -0.002720381256145418   16   15   13    5
 -0.01767637384245844   16   15   13   11
 -0.002720381256145419   16   15   14    4
 -0.01767637384245837   16   15   14   10
 -0.001141361096398636   16   15   15    2
 -0.001581942291852004   16   15   15    8
 -0.003188486401228099   16   15   15   12
 -0.0007605941110742438   16   15   16    1
 -0.000372567170448209   16   15   16    3
 -0.01627259365632242   16   15   16    9
 0.008972999034295886   16   15   16   15
 0.3859209315527934   16   16    1    1
 0.3786159122344412   16   16    2    2
 -0.05519507890133771   16   16    3    1
 0.3755553246605557   16   16    3    3
 0.3657002038948042   16   16    4    4
 0.3657002038948042   16   16    5    5
 0.3667443296559348   16   16    6    6
 0.3667443296559348   16   16    7    7
 -0.06107789854530164   16   16    8    2
 0.3888132826275732   16   16    8    8
 0.03896403010579412   16   16    9    1
 -0.03700777974927832   16   16    9    3
 0.4180853959661478   16   16    9    9
 0.05983304054158683   16   16   10    4
 0.3452727597379724   16   16   10   10
 0.05983304054158681   16   16   11    5
 0.3452727597379724   16   16   11   11
 0.03200481364955618   16   16   12    2
 0.05012659065335832   16   16   12    8
 0.2894158446968815   16   16   12   12
 0.06234142944400185   16   16   13    6
 0.3385067006799321   16   16   13   13
 0.06234142944400194   16   16   14    7
 0.3385067006799323   16   16   14   14
 -0.03506231614732309   16   16   15    1
 -0.04129563042412607   16   16   15    3
 -0.004308866091760941   16   16   15    9
 0.2914428598511997   16   16   15   15
 -0.0333487585314705   16   16   16    2
 0.04745273602812482   16   16   16    8
 -0.001484726071149672   16   16   16   12
 0.3946769627890052   16   16   16   16
 -4.371953810173061    1    1  0  0
 -4.36146129781681    2    2  0  0
 0.09666754994989722    3    1  0  0
 -3.806036522377488    3    3  0  0
 -3.770841297124524    4    4  0  0
 -3.770841297124524    5    5  0  0
 -3.786943979025001    6    6  0  0
 -3.786943979025002    7    7  0  0
 0.1780843789213868    8    2  0  0
 -3.861613670570994    8    8  0  0
 -0.2968443679482613    9    1  0  0
 0.4807742618200162    9    3  0  0
 -2.998674750131864    9    9  0  0
 -0.7089151749069782   10    4  0  0
 -2.670751539691864   10   10  0  0
 -0.7089151749069782   11    5  0  0
 -2.670751539691864   11   11  0  0
 -0.4168976488304924   12    2  0  0
 -0.527544012817924   12    8  0  0
 1.431769786071811e-15   12    9  0  0
 -2.395096205652524   12   12  0  0
 -0.7167533939683133   13    6  0  0
 -2.564413472934596   13   13  0  0
 -0.7167533939683139   14    7  0  0
 -2.564413472934596   14   14  0  0
 0.4283405265673539   15    1  0  0
 0.4535574766161924   15    3  0  0
 -0.06274109165871694   15    9  0  0
 -2.362851006089393   15   15  0  0
 0.2878389897498181   16    2  0  0
 -0.4605072703808619   16    8  0  0
 -0.0311431583763099   16   12  0  0
 1.418834799765826e-15   16   15  0  0
 -2.432683808676543   16   16  0  0
 -84.82377527451676  0  0  0  0
