 &FCI NORB=  16,NELEC=10,MS2=0,
  ORBSYM=1,1,1,1,1,1,1,1,1,1,1,1,1,1,1,1
  ISYM=1,
 &END
 0.4941139881236011    1    1    1    1
 0.198584727923199    2    1    2    1
 0.4716008296169846    2    2    1    1
 0.4787439294703359    2    2    2    2
 -0.04430410420791462    3    1    1    1
 0.003144330689722281    3    1    2    2
 0.07694687342868559    3    1    3    1
 0.0850635240400394    3    2    2    1
 0.09191088928939999    3    2    3    2
 0.4650095421516545    3    3    1    1
 0.4628691184293052    3    3    2    2
 -0.01034917370358263    3    3    3    1
 0.476910145005004    3    3    3    3
 0.07003124577167462    4    1    4    1
 0.05997450612458526    4    2    4    2
 0.002739206440612142    4    3    4    1
 0.01917877597246585    4    3    4    3
 0.4523847620465837    4    4    1    1
 0.4432735592314642    4    4    2    2
 -0.02130049791024193    4    4    3    1
 0.4244218035767653    4    4    3    3
 0.4447437638767803    4    4    4    4
 0.07003124577167461    5    1    5    1
 0.05997450612458526    5    2    5    2
 0.002739206440612142    5    3    5    1
 0.01917877597246585    5    3    5    3
 0.01636164204598546    5    4    5    4
 0.4523847620465837    5    5    1    1
 0.4432735592314642    5    5    2    2
 -0.02130049791024192    5    5    3    1
 0.4244218035767652    5    5    3    3
 0.4120204797848094    5    5    4    4
 0.4447437638767803    5    5    5    5
 -0.05911065236318684    6    1    5    2
 0.05898733074482045    6    1    6    1
 -0.07007895951965357    6    2    5    1
 -0.01066833487584414    6    2    5    3
 0.07379872064356875    6    2    6    2
 -0.01565340196893283    6    3    5    2
 0.01221774110821311    6    3    6    1
 0.01832479545174085    6    3    6    3
 0.01597117983964049    6    4    6    4
 -0.1898335632182284    6    5    2    1
 -0.07925302190994969    6    5    3    2
 0.2041375359271787    6    5    6    5
 0.4569441189496671    6    6    1    1
 0.4542625662619444    6    6    2    2
 -0.0119587546302283    6    6    3    1
 0.4309191065606305    6    6    3    3
 0.4175858338486222    6    6    4    4
 0.4513960870955963    6    6    5    5
 0.4613300821698658    6    6    6    6
 -0.05911065236318686    7    1    4    2
 0.05898733074482051    7    1    7    1
 -0.07007895951965359    7    2    4    1
 -0.01066833487584414    7    2    4    3
 0.07379872064356881    7    2    7    2
 -0.01565340196893283    7    3    4    2
 0.01221774110821311    7    3    7    1
 0.01832479545174086    7    3    7    3
 -0.1898335632182285    7    4    2    1
 -0.07925302190994973    7    4    3    2
 0.1721951762478978    7    4    6    5
 0.2041375359271789    7    4    7    4
 0.01597117983964049    7    5    6    4
 0.0159711798396405    7    5    7    5
 0.01690512662348699    7    6    5    4
 0.0179484881153022    7    6    7    6
 0.4569441189496675    7    7    1    1
 0.4542625662619447    7    7    2    2
 -0.01195875463022833    7    7    3    1
 0.4309191065606308    7    7    3    3
 0.4513960870955965    7    7    4    4
 0.4175858338486225    7    7    5    5
 0.4254331059392616    7    7    6    6
 0.4613300821698663    7    7    7    7
 -0.04289581512497065    8    1    2    1
 0.03864204346806931    8    1    3    2
 0.04119601191951344    8    1    6    5
 0.04119601191951348    8    1    7    4
 0.06892895083794501    8    1    8    1
 -0.05561008633676703    8    2    1    1
 -0.01429016620291469    8    2    2    2
 0.06901634857585077    8    2    3    1
 -0.01227413668322797    8    2    3    3
 -0.0370940459385094    8    2    4    4
 -0.0370940459385094    8    2    5    5
 -0.03127110094283083    8    2    6    6
 -0.03127110094283089    8    2    7    7
 0.07067677709063126    8    2    8    2
 0.1788049779125883    8    3    2    1
 0.0842062430128209    8    3    3    2
 -0.1624382046716835    8    3    6    5
 -0.1624382046716836    8    3    7    4
 -0.03519866944184907    8    3    8    1
 0.1846217071364646    8    3    8    3
 -0.01035591622530068    8    4    4    2
 0.0136944110974328    8    4    7    1
 -0.01275804872175092    8    4    7    3
 0.01864561593100539    8    4    8    4
 -0.01035591622530068    8    5    5    2
 0.01369441109743279    8    5    6    1
 -0.01275804872175092    8    5    6    3
 0.01864561593100538    8    5    8    5
 0.0179180871457531    8    6    5    1
 -0.01556832414247315    8    6    5    3
 -0.01210997252792081    8    6    6    2
 0.02087342351196115    8    6    8    6
 0.01791808714575311    8    7    4    1
 -0.01556832414247315    8    7    4    3
 -0.01210997252792084    8    7    7    2
 0.02087342351196118    8    7    8    7
 0.4879710637757372    8    8    1    1
 0.4698562999335467    8    8    2    2
 -0.03938016550103079    8    8    3    1
 0.4802585589821053    8    8    3    3
 0.4388964757186586    8    8    4    4
 0.4388964757186586    8    8    5    5
 0.4449334803721277    8    8    6    6
 0.444933480372128    8    8    7    7
 -0.04619223101601853    8    8    8    2
 0.5081116230298952    8    8    8    8
 0.01904648642549927    9    1    4    1
 0.00569331776998728    9    1    4    3
 -0.02297698664287312    9    1    7    2
 0.005311839311695037    9    1    8    7
 0.02145716479044784    9    1    9    1
 0.02753287324421168    9    2    4    2
 -0.02726556590936776    9    2    7    1
 -0.006783533707927453    9    2    7    3
 -0.0059350718451382    9    2    8    4
 0.02288632209913634    9    2    9    2
 0.01034364324749835    9    3    4    1
 0.004638253047849806    9    3    4    3
 -0.01107679030772801    9    3    7    2
 -0.003169273764241323    9    3    8    7
 0.002113231053560056    9    3    9    1
 0.009754830307499327    9    3    9    3
 0.0908642200741845    9    4    1    1
 0.09829411826654935    9    4    2    2
 0.005907871475273677    9    4    3    1
 0.08400781496741987    9    4    3    3
 0.08433367850818534    9    4    4    4
 0.07702997192494566    9    4    5    5
 0.08443219513591485    9    4    6    6
 0.0944827210975543    9    4    7    7
 -0.008133336857605453    9    4    8    2
 0.0938323799957313    9    4    8    8
 0.07049902537698229    9    4    9    4
 0.003651853291619807    9    5    5    4
 0.005025262980819621    9    5    7    6
 0.008168496480976254    9    5    9    5
 0.00600268900949088    9    6    6    4
 0.00600268900949089    9    6    7    5
 0.007799229822319088    9    6    9    6
 -0.09459593126394204    9    7    2    1
 -0.03469024694023108    9    7    3    2
 0.08355683379034104    9    7    6    5
 0.09556221180932299    9    7    7    4
 0.02748644862441573    9    7    8    1
 -0.08079036172604083    9    7    8    3
 0.07766158101500467    9    7    9    7
 -0.007366343664911152    9    8    4    2
 0.008954616092195049    9    8    7    1
 -0.005004093534767495    9    8    7    3
 0.008903265242299107    9    8    8    4
 -0.004170878663718161    9    8    9    2
 0.009404652996715135    9    8    9    8
 0.418702362048308    9    9    1    1
 0.4108472340442194    9    9    2    2
 -0.01891178814732926    9    9    3    1
 0.396021189614978    9    9    3    3
 0.4127217748391655    9    9    4    4
 0.3862388518630601    9    9    5    5
 0.391163363976684    9    9    6    6
 0.4178438278372954    9    9    7    7
 -0.03270758909189498    9    9    8    2
 0.4096225222087317    9    9    8    8
 0.07666282032299157    9    9    9    4
 0.3996726732174255    9    9    9    9
 0.01904648642549926   10    1    5    1
 0.00569331776998728   10    1    5    3
 -0.02297698664287309   10    1    6    2
 0.005311839311695028   10    1    8    6
 0.02145716479044784   10    1   10    1
 0.02753287324421168   10    2    5    2
 -0.02726556590936774   10    2    6    1
 -0.006783533707927448   10    2    6    3
 -0.005935071845138201   10    2    8    5
 0.02288632209913634   10    2   10    2
 0.01034364324749835   10    3    5    1
 0.004638253047849805   10    3    5    3
 -0.011076790307728   10    3    6    2
 -0.003169273764241315   10    3    8    6
 0.002113231053560055   10    3   10    1
 0.009754830307499325   10    3   10    3
 0.003651853291619808   10    4    5    4
 0.005025262980819622   10    4    7    6
 0.008168496480976256   10    4    9    5
 0.008168496480976256   10    4   10    4
 0.0908642200741845   10    5    1    1
 0.09829411826654935   10    5    2    2
 0.005907871475273673   10    5    3    1
 0.08400781496741988   10    5    3    3
 0.07702997192494568   10    5    4    4
 0.08433367850818532   10    5    5    5
 0.09448272109755411   10    5    6    6
 0.08443219513591502   10    5    7    7
 -0.008133336857605452   10    5    8    2
 0.0938323799957313   10    5    8    8
 0.05416203241502973   10    5    9    4
 0.07201334995789739   10    5    9    9
 0.07049902537698224   10    5   10    5
 -0.09459593126394183   10    6    2    1
 -0.03469024694023099   10    6    3    2
 0.09556221180932263   10    6    6    5
 0.08355683379034091   10    6    7    4
 0.02748644862441569   10    6    8    1
 -0.08079036172604064   10    6    8    3
 0.06206312137036635   10    6    9    7
 0.07766158101500441   10    6   10    6
 0.006002689009490895   10    7    6    4
 0.006002689009490906   10    7    7    5
 0.007799229822319094   10    7    9    6
 0.0077992298223191   10    7   10    7
 -0.007366343664911153   10    8    5    2
 0.008954616092195044   10    8    6    1
 -0.005004093534767487   10    8    6    3
 0.008903265242299108   10    8    8    5
 -0.00417087866371816   10    8   10    2
 0.009404652996715135   10    8   10    8
 0.01324146148805267   10    9    5    4
 0.01334023193030563   10    9    7    6
 0.002324735182547116   10    9    9    5
 0.002324735182547116   10    9   10    4
 0.01411932146340551   10    9   10    9
 0.418702362048308   10   10    1    1
 0.4108472340442194   10   10    2    2
 -0.01891178814732926   10   10    3    1
 0.396021189614978   10   10    3    3
 0.3862388518630601   10   10    4    4
 0.4127217748391655   10   10    5    5
 0.4178438278372952   10   10    6    6
 0.3911633639766842   10   10    7    7
 -0.03270758909189498   10   10    8    2
 0.4096225222087317   10   10    8    8
 0.07201334995789735   10   10    9    4
 0.3714340302906146   10   10    9    9
 0.07666282032299156   10   10   10    5
 0.3996726732174254   10   10   10   10
 0.02505556593338971   11    1    2    1
 0.02674385554641131   11    1    3    2
 -0.0232229298853539   11    1    6    5
 -0.02322292988535392   11    1    7    4
 0.01136248293772512   11    1    8    1
 0.01794233106699914   11    1    8    3
 -0.02067343142436841   11    1    9    7
 -0.02067343142436839   11    1   10    6
 0.01846875828856132   11    1   11    1
 0.04820128862417889   11    2    1    1
 0.06256077873587595   11    2    2    2
 0.02121556788896931   11    2    3    1
 0.05473699482748342   11    2    3    3
 0.04691545083349039   11    2    4    4
 0.0469154508334904   11    2    5    5
 0.05148756707500431   11    2    6    6
 0.0514875670750044   11    2    7    7
 0.01456788278280183   11    2    8    2
 0.04463930719750876   11    2    8    8
 0.03226308376693524   11    2    9    4
 0.04463898879380191   11    2    9    9
 0.03226308376693524   11    2   10    5
 0.04463898879380192   11    2   10   10
 0.03575521602069056   11    2   11    2
 0.07109052467721398   11    3    2    1
 0.03086821479065389   11    3    3    2
 -0.06227994009265523   11    3    6    5
 -0.06227994009265531   11    3    7    4
 -0.01804749492989987   11    3    8    1
 0.06764864285469324   11    3    8    3
 -0.05178675315384856   11    3    9    7
 -0.05178675315384847   11    3   10    6
 0.02431608831983194   11    3   11    1
 0.06186709640182133   11    3   11    3
 0.00753758636368905   11    4    4    2
 -0.006603348044175082   11    4    7    1
 -0.005253651950868424   11    4    7    3
 0.001792741316698172   11    4    8    4
 0.01005748208128843   11    4    9    2
 0.004202168979992321   11    4    9    8
 0.009221909832227876   11    4   11    4
 0.00753758636368905   11    5    5    2
 -0.00660334804417507   11    5    6    1
 -0.005253651950868413   11    5    6    3
 0.001792741316698171   11    5    8    5
 0.01005748208128844   11    5   10    2
 0.00420216897999232   11    5   10    8
 0.009221909832227877   11    5   11    5
 -0.005550070583355937   11    6    5    1
 -0.005417051874125   11    6    5    3
 0.007889249469472054   11    6    6    2
 0.002122009873522713   11    6    8    6
 -0.009145754360194928   11    6   10    1
 -0.007742169146957935   11    6   10    3
 0.0109746548055369   11    6   11    6
 -0.005550070583355971   11    7    4    1
 -0.005417051874125018   11    7    4    3
 0.00788924946947211   11    7    7    2
 0.002122009873522729   11    7    8    7
 -0.009145754360194937   11    7    9    1
 -0.007742169146957943   11    7    9    3
 0.0109746548055369   11    7   11    7
 0.08996218040237101   11    8    1    1
 0.08475803363572977   11    8    2    2
 -0.01305187485923227   11    8    3    1
 0.08638823423674596   11    8    3    3
 0.07315889758943546   11    8    4    4
 0.07315889758943547   11    8    5    5
 0.07558056443560297   11    8    6    6
 0.0755805644356031   11    8    7    7
 -0.01784379290859677   11    8    8    2
 0.09454644961221145   11    8    8    8
 0.0413029583436384   11    8    9    4
 0.06974694119340787   11    8    9    9
 0.0413029583436384   11    8   10    5
 0.06974694119340784   11    8   10   10
 0.03269523243005845   11    8   11    2
 0.05636068620191874   11    8   11    8
 0.02251815764468109   11    9    4    2
 -0.02033996407124829   11    9    7    1
 -0.01412521310726505   11    9    7    3
 0.005216301103322136   11    9    8    4
 0.009265549864455599   11    9    9    2
 0.001201088509567397   11    9    9    8
 0.00389380236310584   11    9   11    4
 0.01662963930498538   11    9   11    9
 0.02251815764468109   11   10    5    2
 -0.02033996407124829   11   10    6    1
 -0.01412521310726505   11   10    6    3
 0.005216301103322135   11   10    8    5
 0.009265549864455597   11   10   10    2
 0.001201088509567393   11   10   10    8
 0.003893802363105836   11   10   11    5
 0.01662963930498539   11   10   11   10
 0.3641607755779949   11   11    1    1
 0.3871665168206381   11   11    2    2
 0.03136255030249031   11   11    3    1
 0.3895876298783305   11   11    3    3
 0.3489267273714816   11   11    4    4
 0.3489267273714816   11   11    5    5
 0.3597558295872818   11   11    6    6
 0.359755829587282   11   11    7    7
 0.02426900732789949   11   11    8    2
 0.3844946964918257   11   11    8    8
 0.06590436165788871   11   11    9    4
 0.3342850423670334   11   11    9    9
 0.0659043616578887   11   11   10    5
 0.3342850423670333   11   11   10   10
 0.04247504033011675   11   11   11    2
 0.04633919470401713   11   11   11    8
 0.3722977582804144   11   11   11   11
 0.0632673371882314   12    1    1    1
 0.07069973513727565   12    1    2    2
 0.007800080784186885   12    1    3    1
 0.0613760856002743   12    1    3    3
 0.05553026724342453   12    1    4    4
 0.05553026724342453   12    1    5    5
 0.06129822125540877   12    1    6    6
 0.0612982212554089   12    1    7    7
 -0.001844739286288783   12    1    8    2
 0.06514207921285602   12    1    8    8
 0.04288089901910069   12    1    9    4
 0.05222578884358392   12    1    9    9
 0.04288089901910069   12    1   10    5
 0.05222578884358392   12    1   10   10
 0.02893100185536877   12    1   11    2
 0.03482913973946376   12    1   11    8
 0.04627282879998797   12    1   11   11
 0.03310428105896606   12    1   12    1
 0.07032806167925205   12    2    2    1
 0.03293499426268863   12    2    3    2
 -0.06332378043178499   12    2    6    5
 -0.06332378043178506   12    2    7    4
 -0.01381467985067849   12    2    8    1
 0.06125404620951884   12    2    8    3
 -0.05346652340005692   12    2    9    7
 -0.05346652340005685   12    2   10    6
 0.02369416826289533   12    2   11    1
 0.05131470078585109   12    2   11    3
 0.04881176810679655   12    2   12    2
 0.05485213865837271   12    3    1    1
 0.0598609741527381   12    3    2    2
 0.006631250151840514   12    3    3    1
 0.05876680994868928   12    3    3    3
 0.04891917980270987   12    3    4    4
 0.04891917980270987   12    3    5    5
 0.05062315216729966   12    3    6    6
 0.05062315216729976   12    3    7    7
 0.004018227799689042   12    3    8    2
 0.05111701836053834   12    3    8    8
 0.02708096478932247   12    3    9    4
 0.04726730544918254   12    3    9    9
 0.02708096478932246   12    3   10    5
 0.04726730544918251   12    3   10   10
 0.03311414171795276   12    3   11    2
 0.03742354046936675   12    3   11    8
 0.03554965920299065   12    3   11   11
 0.02583508667626176   12    3   12    1
 0.03487642771193868   12    3   12    3
 0.004309380273051265   12    4    4    1
 0.00419458161310645   12    4    4    3
 -0.007323992221850349   12    4    7    2
 0.001254565174415602   12    4    8    7
 0.01658148060386642   12    4    9    1
 0.003857360063661581   12    4    9    3
 -0.01132029579650661   12    4   11    7
 0.01729527155086635   12    4   12    4
 0.004309380273051265   12    5    5    1
 0.004194581613106452   12    5    5    3
 -0.007323992221850324   12    5    6    2
 0.001254565174415603   12    5    8    6
 0.01658148060386642   12    5   10    1
 0.00385736006366158   12    5   10    3
 -0.01132029579650661   12    5   11    6
 0.01729527155086635   12    5   12    5
 -0.01184117175817305   12    6    5    2
 0.01173627161412076   12    6    6    1
 0.002784680945347581   12    6    6    3
 0.003231783597180346   12    6    8    5
 -0.01745692778839126   12    6   10    2
 0.000421986862155767   12    6   10    8
 -0.01074528519009731   12    6   11    5
 -0.0029695496170133   12    6   11   10
 0.01720285310453645   12    6   12    6
 -0.01184117175817311   12    7    4    2
 0.01173627161412084   12    7    7    1
 0.002784680945347611   12    7    7    3
 0.003231783597180347   12    7    8    4
 -0.01745692778839128   12    7    9    2
 0.0004219868621557745   12    7    9    8
 -0.01074528519009731   12    7   11    4
 -0.002969549617013331   12    7   11    9
 0.01720285310453646   12    7   12    7
 -0.005379744650053541   12    8    2    1
 0.006848990154497647   12    8    3    2
 0.007360882851234667   12    8    6    5
 0.007360882851234641   12    8    7    4
 0.0097410705042606   12    8    8    1
 -0.006341502322885705   12    8    8    3
 -0.005482676835823598   12    8    9    7
 -0.005482676835823589   12    8   10    6
 0.01459117858306975   12    8   11    1
 0.02233865994824859   12    8   11    3
 0.01534700287262201   12    8   12    2
 0.02134052949442583   12    8   12    8
 0.04619569289876827   12    9    4    1
 0.007776990101582184   12    9    4    3
 -0.04814355977409852   12    9    7    2
 0.005277454123623872   12    9    8    7
 0.01009732397948573   12    9    9    1
 0.008684389654521141   12    9    9    3
 -0.002947013639481539   12    9   11    7
 -0.0002808432868340548   12    9   12    4
 0.03871965479460724   12    9   12    9
 0.04619569289876827   12   10    5    1
 0.007776990101582185   12   10    5    3
 -0.0481435597740985   12   10    6    2
 0.005277454123623862   12   10    8    6
 0.01009732397948573   12   10   10    1
 0.008684389654521141   12   10   10    3
 -0.002947013639481501   12   10   11    6
 -0.0002808432868340539   12   10   12    5
 0.03871965479460725   12   10   12   10
 0.1390202608929328   12   11    2    1
 0.1010708024629091   12   11    3    2
 -0.1328313881474365   12   11    6    5
 -0.1328313881474365   12   11    7    4
 0.01197665950330778   12   11    8    1
 0.1394758991901417   12   11    8    3
 -0.05419561722649996   12   11    9    7
 -0.05419561722649979   12   11   10    6
 0.02042999378205679   12   11   11    1
 0.03623381576691682   12   11   11    3
 0.04006766753522506   12   11   12    2
 -0.00982606692178294   12   11   12    8
 0.1515989757005246   12   11   12   11
 0.3707219690418533   12   12    1    1
 0.3858266395156656   12   12    2    2
 0.01978037776983645   12   12    3    1
 0.3801921015355337   12   12    3    3
 0.3579148673795412   12   12    4    4
 0.3579148673795412   12   12    5    5
 0.3664048237498786   12   12    6    6
 0.3664048237498788   12   12    7    7
 0.0110068115074818   12   12    8    2
 0.3763948232392082   12   12    8    8
 0.05891159495965043   12   12    9    4
 0.3412694627093403   12   12    9    9
 0.05891159495965039   12   12   10    5
 0.3412694627093403   12   12   10   10
 0.03969326808125905   12   12   11    2
 0.04479345209380204   12   12   11    8
 0.3513331493129127   12   12   11   11
 0.04160079656036404   12   12   12    1
 0.03506263112703969   12   12   12    3
 0.3434184312288453   12   12   12   12
 -0.02001832908198985   13    1    5    2
 0.02053272768139919   13    1    6    1
 0.001934194423112766   13    1    6    3
 0.00774733677607795   13    1    8    5
 -0.01933658484683897   13    1   10    2
 0.005288682785888513   13    1   10    8
 -0.007755731464479136   13    1   11    5
 -0.004833667486543762   13    1   11   10
 0.01558671461450145   13    1   12    6
 0.01745219728536422   13    1   13    1
 -0.01943097280465933   13    2    5    1
 -0.002721302333358662   13    2    5    3
 0.0215247434432597   13    2    6    2
 -0.006621531078850666   13    2    8    6
 -0.01951186237711747   13    2   10    1
 -0.005050768903456639   13    2   10    3
 0.01077175846827532   13    2   11    6
 -0.01665103755460608   13    2   12    5
 -0.01006866246153222   13    2   12   10
 0.0198580853333051   13    2   13    2
 -0.001258035386936446   13    3    5    2
 7.792791389028914e-05   13    3    6    1
 0.004985191410894489   13    3    6    3
 -0.004579763837069217   13    3    8    5
 -0.004527943303133579   13    3   10    2
 -0.006461279159078761   13    3   10    8
 -0.007526853399819   13    3   11    5
 -0.002823475029133534   13    3   11   10
 0.006614220995411419   13    3   12    6
 0.002693290011760365   13    3   13    1
 0.007434493948656186   13    3   13    3
 0.003812990013366675   13    4    6    4
 0.003812990013366685   13    4    7    5
 0.007141457624847571   13    4    9    6
 0.007141457624847574   13    4   10    7
 0.00685483538524025   13    4   13    4
 -0.0686516121466756   13    5    2    1
 -0.02046144794882786   13    5    3    2
 0.06732069728982523   13    5    6    5
 0.05969471726309194   13    5    7    4
 0.02547273135821045   13    5    8    1
 -0.05860023349841256   13    5    8    3
 0.05140360765988657   13    5    9    7
 0.06568652290958166   13    5   10    6
 -0.01708235475368772   13    5   11    1
 -0.04424221153383559   13    5   11    3
 -0.04548875003570892   13    5   12    2
 -0.006729765152283417   13    5   12    8
 -0.03307103389752501   13    5   12   11
 0.05802494407445898   13    5   13    5
 0.09861965443649537   13    6    1    1
 0.09893769674671496   13    6    2    2
 -0.005129789385072042   13    6    3    1
 0.08812278107594988   13    6    3    3
 0.08177721627482362   13    6    4    4
 0.08876559389706182   13    6    5    5
 0.09592498181991575   13    6    6    6
 0.08723476112088976   13    6    7    7
 -0.01682970561361313   13    6    8    2
 0.09980753128194722   13    6    8    8
 0.05308561056734785   13    6    9    4
 0.0775619076015069   13    6    9    9
 0.06825858373799774   13    6   10    5
 0.08325831675177123   13    6   10   10
 0.03215401524080769   13    6   11    2
 0.04526272623607371   13    6   11    8
 0.06152033521659516   13    6   11   11
 0.04244764993273326   13    6   12    1
 0.03005478235719175   13    6   12    3
 0.05669109701397698   13    6   12   12
 0.07022539575479142   13    6   13    6
 0.003494188811119126   13    7    5    4
 0.004345110349513112   13    7    7    6
 0.007586486585324959   13    7    9    5
 0.007586486585324959   13    7   10    4
 0.002848204575132214   13    7   10    9
 0.007760505149048932   13    7   13    7
 0.01275847758940934   13    8    5    1
 -0.00410506991930179   13    8    5    3
 -0.01177234358934458   13    8    6    2
 0.009036426948835784   13    8    8    6
 0.005722242449359529   13    8   10    1
 -0.005515850936364165   13    8   10    3
 0.004960755687813036   13    8   11    6
 -0.0004613398268847746   13    8   12    5
 0.006992203912215371   13    8   12   10
 -0.003646010649966988   13    8   13    2
 0.01025475991295178   13    8   13    8
 0.01140528501306546   13    9    6    4
 0.01140528501306546   13    9    7    5
 0.004140875222767944   13    9    9    6
 0.004140875222767961   13    9   10    7
 0.00245290453644425   13    9   13    4
 0.01110210087171494   13    9   13    9
 -0.155143916349481   13   10    2    1
 -0.0669231691837089   13   10    3    2
 0.1667050345518957   13   10    6    5
 0.1438944645257648   13   10    7    4
 0.03232250441809822   13   10    8    1
 -0.1361935952799623   13   10    8    3
 0.07188743147561594   13   10    9    7
 0.08016918192115167   13   10   10    6
 -0.01893741150944381   13   10   11    1
 -0.05311001478389368   13   10   11    3
 -0.05356176422988133   13   10   12    2
 0.006766666666723552   13   10   12    8
 -0.1179027065320665   13   10   12   11
 0.05654199203565214   13   10   13    5
 0.1501018188163351   13   10   13   10
 -0.0240996240326747   13   11    5    1
 -0.01291919447136155   13   11    5    3
 0.02847759345411028   13   11    6    2
 0.00578443122043484   13   11    8    6
 -0.005245894187985772   13   11   10    1
 -0.005870332291125308   13   11   10    3
 0.001752320773325547   13   11   11    6
 0.001105503031240815   13   11   12    5
 -0.02498161175406598   13   11   12   10
 0.003675940721820523   13   11   13    2
 -0.002143197526347809   13   11   13    8
 0.0221906866119726   13   11   13   11
 -0.0396759365937183   13   12    5    2
 0.03815515462474692   13   12    6    1
 0.01469307519670315   13   12    6    3
 0.001816251806090633   13   12    8    5
 -0.01430663100811296   13   12   10    2
 0.004426567321721798   13   12   10    8
 -0.001891351657857541   13   12   11    5
 -0.0215796556347644   13   12   11   10
 0.002129794846354699   13   12   12    6
 0.008667450414777405   13   12   13    1
 -0.000647844699618443   13   12   13    3
 0.03547913099927524   13   12   13   12
 0.39448971927855   13   13    1    1
 0.3932468583887778   13   13    2    2
 -0.008252191637913053   13   13    3    1
 0.3771824642260518   13   13    3    3
 0.367388644110699   13   13    4    4
 0.3920331920307161   13   13    5    5
 0.399719142488663   13   13    6    6
 0.3738398872296158   13   13    7    7
 -0.02283719528310582   13   13    8    2
 0.3891029286056336   13   13    8    8
 0.06675040563413515   13   13    9    4
 0.3533378290151199   13   13    9    9
 0.07079929785561737   13   13   10    5
 0.3791454396001495   13   13   10   10
 0.03894946478588294   13   13   11    2
 0.05931398824267598   13   13   11    8
 0.3300365872522427   13   13   11   11
 0.04699705779313901   13   13   12    1
 0.03858338626785433   13   13   12    3
 0.3343782360978795   13   13   12   12
 0.0721057895622559   13   13   13    6
 0.3674223476701354   13   13   13   13
 -0.02001832908198977   14    1    4    2
 0.02053272768139914   14    1    7    1
 0.001934194423112754   14    1    7    3
 0.007747336776077932   14    1    8    4
 -0.01933658484683894   14    1    9    2
 0.005288682785888501   14    1    9    8
 -0.007755731464479123   14    1   11    4
 -0.004833667486543729   14    1   11    9
 0.01558671461450143   14    1   12    7
 0.01745219728536417   14    1   14    1
 -0.01943097280465924   14    2    4    1
 -0.002721302333358647   14    2    4    3
 0.02152474344325963   14    2    7    2
 -0.006621531078850653   14    2    8    7
 -0.01951186237711744   14    2    9    1
 -0.005050768903456624   14    2    9    3
 0.01077175846827531   14    2   11    7
 -0.01665103755460607   14    2   12    4
 -0.01006866246153213   14    2   12    9
 0.01985808533330504   14    2   14    2
 -0.001258035386936424   14    3    4    2
 7.792791389027491e-05   14    3    7    1
 0.004985191410894476   14    3    7    3
 -0.004579763837069202   14    3    8    4
 -0.004527943303133566   14    3    9    2
 -0.006461279159078754   14    3    9    8
 -0.007526853399818992   14    3   11    4
 -0.002823475029133511   14    3   11    9
 0.006614220995411412   14    3   12    7
 0.002693290011760361   14    3   14    1
 0.007434493948656173   14    3   14    3
 -0.06865161214667534   14    4    2    1
 -0.02046144794882775   14    4    3    2
 0.05969471726309163   14    4    6    5
 0.06732069728982505   14    4    7    4
 0.02547273135821039   14    4    8    1
 -0.05860023349841235   14    4    8    3
 0.06568652290958159   14    4    9    7
 0.05140360765988639   14    4   10    6
 -0.01708235475368768   14    4   11    1
 -0.04424221153383551   14    4   11    3
 -0.04548875003570883   14    4   12    2
 -0.00672976515228344   14    4   12    8
 -0.03307103389752487   14    4   12   11
 0.04431527330397841   14    4   13    5
 0.05163618296276348   14    4   13   10
 0.05802494407445878   14    4   14    4
 0.003812990013366653   14    5    6    4
 0.003812990013366663   14    5    7    5
 0.007141457624847563   14    5    9    6
 0.007141457624847566   14    5   10    7
 0.006854835385240245   14    5   13    4
 0.002452904536444233   14    5   13    9
 0.00685483538524024   14    5   14    5
 0.003494188811119086   14    6    5    4
 0.004345110349513071   14    6    7    6
 0.00758648658532495   14    6    9    5
 0.00758648658532495   14    6   10    4
 0.002848204575132175   14    6   10    9
 0.007760505149048924   14    6   13    7
 0.007760505149048917   14    6   14    6
 0.0986196544364953   14    7    1    1
 0.09893769674671489   14    7    2    2
 -0.00512978938507204   14    7    3    1
 0.08812278107594985   14    7    3    3
 0.08876559389706173   14    7    4    4
 0.08177721627482355   14    7    5    5
 0.08723476112088953   14    7    6    6
 0.09592498181991586   14    7    7    7
 -0.01682970561361311   14    7    8    2
 0.09980753128194721   14    7    8    8
 0.0682585837379977   14    7    9    4
 0.08325831675177123   14    7    9    9
 0.05308561056734782   14    7   10    5
 0.07756190760150689   14    7   10   10
 0.03215401524080767   14    7   11    2
 0.04526272623607373   14    7   11    8
 0.06152033521659525   14    7   11   11
 0.04244764993273322   14    7   12    1
 0.03005478235719174   14    7   12    3
 0.056691097013977   14    7   12   12
 0.05470438545669355   14    7   13    6
 0.06896419343696061   14    7   13   13
 0.07022539575479135   14    7   14    7
 0.01275847758940932   14    8    4    1
 -0.00410506991930177   14    8    4    3
 -0.01177234358934457   14    8    7    2
 0.009036426948835771   14    8    8    7
 0.005722242449359522   14    8    9    1
 -0.005515850936364161   14    8    9    3
 0.00496075568781303   14    8   11    7
 -0.0004613398268847788   14    8   12    4
 0.006992203912215359   14    8   12    9
 -0.003646010649966963   14    8   14    2
 0.01025475991295175   14    8   14    8
 -0.1551439163494808   14    9    2    1
 -0.06692316918370886   14    9    3    2
 0.1438944645257646   14    9    6    5
 0.1667050345518956   14    9    7    4
 0.03232250441809817   14    9    8    1
 -0.1361935952799622   14    9    8    3
 0.08016918192115176   14    9    9    7
 0.07188743147561567   14    9   10    6
 -0.01893741150944375   14    9   11    1
 -0.05311001478389363   14    9   11    3
 -0.05356176422988127   14    9   12    2
 0.006766666666723519   14    9   12    8
 -0.1179027065320666   14    9   12   11
 0.05163618296276357   14    9   13    5
 0.127897617072905   14    9   13   10
 0.05654199203565181   14    9   14    4
 0.150101818816335   14    9   14    9
 0.01140528501306545   14   10    6    4
 0.01140528501306546   14   10    7    5
 0.004140875222767935   14   10    9    6
 0.00414087522276795   14   10   10    7
 0.00245290453644424   14   10   13    4
 0.01110210087171493   14   10   13    9
 0.002452904536444224   14   10   14    5
 0.01110210087171493   14   10   14   10
 -0.02409962403267469   14   11    4    1
 -0.01291919447136155   14   11    4    3
 0.02847759345411028   14   11    7    2
 0.005784431220434835   14   11    8    7
 -0.005245894187985756   14   11    9    1
 -0.005870332291125298   14   11    9    3
 0.00175232077332557   14   11   11    7
 0.001105503031240831   14   11   12    4
 -0.02498161175406597   14   11   12    9
 0.003675940721820462   14   11   14    2
 -0.002143197526347812   14   11   14    8
 0.02219068661197258   14   11   14   11
 -0.03967593659371828   14   12    4    2
 0.03815515462474692   14   12    7    1
 0.01469307519670314   14   12    7    3
 0.001816251806090627   14   12    8    4
 -0.01430663100811293   14   12    9    2
 0.00442656732172179   14   12    9    8
 -0.001891351657857521   14   12   11    4
 -0.02157965563476438   14   12   11    9
 0.002129794846354716   14   12   12    7
 0.008667450414777324   14   12   14    1
 -0.0006478446996184769   14   12   14    3
 0.03547913099927523   14   12   14   12
 0.0123222739600086   14   13    5    4
 0.01293962762952373   14   13    7    6
 0.002024446110741096   14   13    9    5
 0.002024446110741096   14   13   10    4
 0.01290380529251484   14   13   10    9
 0.001570798062647706   14   13   13    7
 0.001570798062647669   14   13   14    6
 0.01332688364162582   14   13   14   13
 0.3944897192785499   14   14    1    1
 0.3932468583887775   14   14    2    2
 -0.008252191637913058   14   14    3    1
 0.3771824642260517   14   14    3    3
 0.392033192030716   14   14    4    4
 0.3673886441106988   14   14    5    5
 0.3738398872296154   14   14    6    6
 0.3997191424886631   14   14    7    7
 -0.02283719528310574   14   14    8    2
 0.3891029286056333   14   14    8    8
 0.07079929785561714   14   14    9    4
 0.3791454396001493   14   14    9    9
 0.06675040563413501   14   14   10    5
 0.3533378290151199   14   14   10   10
 0.03894946478588288   14   14   11    2
 0.05931398824267601   14   14   11    8
 0.3300365872522428   14   14   11   11
 0.04699705779313892   14   14   12    1
 0.03858338626785432   14   14   12    3
 0.3343782360978798   14   14   12   12
 0.06896419343696045   14   14   13    6
 0.3407685803868841   14   14   13   13
 0.07210578956225573   14   14   14    7
 0.3674223476701353   14   14   14   14
 -0.03754125814213773   15    1    1    1
 -0.03237886123773194   15    1    2    2
 0.01360483366916168   15    1    3    1
 -0.02461967846928556   15    1    3    3
 -0.02810808370182829   15    1    4    4
 -0.02810808370182828   15    1    5    5
 -0.0327438193277474   15    1    6    6
 -0.03274381932774748   15    1    7    7
 0.02315706921097439   15    1    8    2
 -0.04774308281702862   15    1    8    8
 -0.02830815010354184   15    1    9    4
 -0.02544421277820279   15    1    9    9
 -0.02830815010354183   15    1   10    5
 -0.02544421277820278   15    1   10   10
 0.001316259926142525   15    1   11    2
 -0.01511422010517932   15    1   11    8
 -0.01930322245576353   15    1   11   11
 -0.01611095816851584   15    1   12    1
 0.003627736476227846   15    1   12    3
 -0.01490649524011764   15    1   12   12
 -0.0260353550013994   15    1   13    6
 -0.02674272761468047   15    1   13   13
 -0.0260353550013994   15    1   14    7
 -0.02674272761468042   15    1   14   14
 0.03316593404028461   15    1   15    1
 -0.02780500370098074   15    2    2    1
 0.01220126862846828   15    2    3    2
 0.0268635534559311   15    2    6    5
 0.02686355345593111   15    2    7    4
 0.03129230174419932   15    2    8    1
 -0.02424879411573987   15    2    8    3
 0.01815508770719201   15    2    9    7
 0.01815508770719198   15    2   10    6
 0.008191476133249968   15    2   11    1
 -0.003586517867993909   15    2   11    3
 -0.006009188832839274   15    2   12    2
 0.0130945194294853   15    2   12    8
 -0.005473722911761964   15    2   12   11
 0.01552831658383933   15    2   13    5
 0.02311746740700818   15    2   13   10
 0.01552831658383929   15    2   14    4
 0.02311746740700815   15    2   14    9
 0.02132354186187106   15    2   15    2
 0.06419737921075036   15    3    1    1
 0.07184181058747903   15    3    2    2
 0.005672820530731945   15    3    3    1
 0.06758739157909899   15    3    3    3
 0.05309975430478422   15    3    4    4
 0.05309975430478419   15    3    5    5
 0.06046852271083128   15    3    6    6
 0.06046852271083142   15    3    7    7
 -0.004805040529349966   15    3    8    2
 0.08063860091081224   15    3    8    8
 0.04487887766493303   15    3    9    4
 0.05086806569206289   15    3    9    9
 0.044878877664933   15    3   10    5
 0.05086806569206283   15    3   10   10
 0.024862753465012   15    3   11    2
 0.04256756572255719   15    3   11    8
 0.0532540866889431   15    3   11   11
 0.03404788000929226   15    3   12    1
 0.02239299870650055   15    3   12    3
 0.04303771074378619   15    3   12   12
 0.04221547600899327   15    3   13    6
 0.0495035487598638   15    3   13   13
 0.04221547600899331   15    3   14    7
 0.04950354875986374   15    3   14   14
 -0.02850104082580834   15    3   15    1
 0.05033951081960696   15    3   15    3
 0.0009388718407575175   15    4    4    1
 -0.0003681520429954049   15    4    4    3
 0.001378452796504421   15    4    7    2
 -0.004435975166902017   15    4    8    7
 -0.01123046957231892   15    4    9    1
 0.007923787352105447   15    4    9    3
 -0.001199501856247808   15    4   11    7
 -0.007219628601651457   15    4   12    4
 0.00367279454476796   15    4   12    9
 0.007071634520423207   15    4   14    2
 -0.00784999547728245   15    4   14    8
 -0.002624255142964423   15    4   14   11
 0.01466486936924049   15    4   15    4
 0.0009388718407575174   15    5    5    1
 -0.0003681520429954049   15    5    5    3
 0.00137845279650441   15    5    6    2
 -0.004435975166902007   15    5    8    6
 -0.01123046957231892   15    5   10    1
 0.007923787352105447   15    5   10    3
 -0.001199501856247803   15    5   11    6
 -0.00721962860165146   15    5   12    5
 0.003672794544767959   15    5   12   10
 0.007071634520423213   15    5   13    2
 -0.007849995477282455   15    5   13    8
 -0.002624255142964423   15    5   13   11
 0.01466486936924049   15    5   15    5
 0.008999032512396418   15    6    5    2
 -0.01033967504242861   15    6    6    1
 0.00356077549249605   15    6    6    3
 -0.008278069094461393   15    6    8    5
 0.007462191316397617   15    6   10    2
 -0.009066841353415978   15    6   10    8
 -0.00190770978054407   15    6   11    5
 -0.0004603040086571147   15    6   11   10
 -0.003852476571308801   15    6   12    6
 -0.00810231507946424   15    6   13    1
 0.004920593428280972   15    6   13    3
 -0.004397166373689883   15    6   13   12
 0.009542493269213664   15    6   15    6
 0.008999032512396435   15    7    4    2
 -0.01033967504242865   15    7    7    1
 0.003560775492496066   15    7    7    3
 -0.00827806909446141   15    7    8    4
 0.007462191316397627   15    7    9    2
 -0.009066841353415988   15    7    9    8
 -0.001907709780544071   15    7   11    4
 -0.0004603040086571174   15    7   11    9
 -0.003852476571308812   15    7   12    7
 -0.008102315079464236   15    7   14    1
 0.004920593428280972   15    7   14    3
 -0.004397166373689887   15    7   14   12
 0.009542493269213683   15    7   15    7
 0.1018047682307171   15    8    2    1
 0.02147851851598526   15    8    3    2
 -0.09130287940580728   15    8    6    5
 -0.09130287940580739   15    8    7    4
 -0.04922740688133256   15    8    8    1
 0.1009729473654215   15    8    8    3
 -0.06630531847952963   15    8    9    7
 -0.06630531847952946   15    8   10    6
 0.01100512346058635   15    8   11    1
 0.06093534456307034   15    8   11    3
 0.05192313850544168   15    8   12    2
 0.003438376154142506   15    8   12    8
 0.0502797557682441   15    8   12   11
 -0.05546134134095975   15    8   13    5
 -0.0795735391172037   15    8   13   10
 -0.05546134134095965   15    8   14    4
 -0.07957353911720363   15    8   14    9
 -0.02772023636830636   15    8   15    2
 0.09150783279058639   15    8   15    8
 -0.03231687720720129   15    9    4    1
 0.01242873783674128   15    9    4    3
 0.02621746089158661   15    9    7    2
 -0.01898883480399514   15    9    8    7
 -0.002505013908763143   15    9    9    1
 -0.002896635287687788   15    9    9    3
 -0.001999912572982508   15    9   11    7
 0.003349707574805346   15    9   12    4
 -0.0194647592387126   15    9   12    9
 0.005846831278341039   15    9   14    2
 -0.008868109459597597   15    9   14    8
 0.002111511373142441   15    9   14   11
 -0.003652215657833525   15    9   15    4
 0.03065230619303999   15    9   15    9
 -0.03231687720720129   15   10    5    1
 0.01242873783674128   15   10    5    3
 0.0262174608915866   15   10    6    2
 -0.01898883480399513   15   10    8    6
 -0.00250501390876314   15   10   10    1
 -0.002896635287687787   15   10   10    3
 -0.00199991257298251   15   10   11    6
 0.003349707574805345   15   10   12    5
 -0.0194647592387126   15   10   12   10
 0.005846831278341069   15   10   13    2
 -0.008868109459597623   15   10   13    8
 0.002111511373142439   15   10   13   11
 -0.003652215657833524   15   10   15    5
 0.03065230619304   15   10   15   10
 0.09498650174106572   15   11    2    1
 0.05157275451561189   15   11    3    2
 -0.08736110767606665   15   11    6    5
 -0.08736110767606671   15   11    7    4
 -0.01229664917716841   15   11    8    1
 0.1012862448542918   15   11    8    3
 -0.0447474495567093   15   11    9    7
 -0.04474744955670911   15   11   10    6
 0.01028110705448517   15   11   11    1
 0.03631309570508655   15   11   11    3
 0.03346364459465511   15   11   12    2
 -0.004765929340500725   15   11   12    8
 0.08853391179635241   15   11   12   11
 -0.0321394889966808   15   11   13    5
 -0.07879098843076224   15   11   13   10
 -0.03213948899668077   15   11   14    4
 -0.07879098843076229   15   11   14    9
 -0.01256550383567316   15   11   15    2
 0.05589712657633272   15   11   15    8
 0.0640450212385506   15   11   15   11
 -0.03240206291121196   15   12    1    1
 -0.008524778805082822   15   12    2    2
 0.03842858087938619   15   12    3    1
 -0.006157118821953487   15   12    3    3
 -0.02446179888394386   15   12    4    4
 -0.02446179888394387   15   12    5    5
 -0.01931028905736373   15   12    6    6
 -0.01931028905736373   15   12    7    7
 0.03815666850633128   15   12    8    2
 -0.01998796274192658   15   12    8    8
 0.002156084405451296   15   12    9    4
 -0.0219226573794274   15   12    9    9
 0.002156084405451291   15   12   10    5
 -0.02192265737942746   15   12   10   10
 0.007208329539091261   15   12   11    2
 -0.008726405224983561   15   12   11    8
 0.02300901954010587   15   12   11   11
 0.002428153518434203   15   12   12    1
 -0.0001812167919146327   15   12   12    3
 0.00882104835114389   15   12   12   12
 -0.004685655483973827   15   12   13    6
 -0.01330790709325384   15   12   13   13
 -0.004685655483973826   15   12   14    7
 -0.01330790709325374   15   12   14   14
 0.004522292987678038   15   12   15    1
 0.005659228443926996   15   12   15    3
 0.02778172791246464   15   12   15   12
 0.01278109794363732   15   13    5    2
 -0.01476599346492297   15   13    6    1
 0.006251592479407833   15   13    6    3
 -0.01275201510850553   15   13    8    5
 0.007079977103914112   15   13   10    2
 -0.007189258394624443   15   13   10    8
 -0.0005085812562745722   15   13   11    5
 -0.002264656605769692   15   13   11   10
 -0.003458042618250341   15   13   12    6
 -0.007348817713167274   15   13   13    1
 0.003053585357556413   15   13   13    3
 -0.005496146735221173   15   13   13   12
 0.007002031685305354   15   13   15    6
 0.01205655492861108   15   13   15   13
 0.01278109794363731   15   14    4    2
 -0.01476599346492297   15   14    7    1
 0.006251592479407832   15   14    7    3
 -0.01275201510850551   15   14    8    4
 0.007079977103914102   15   14    9    2
 -0.007189258394624433   15   14    9    8
 -0.0005085812562745706   15   14   11    4
 -0.002264656605769689   15   14   11    9
 -0.003458042618250342   15   14   12    7
 -0.007348817713167244   15   14   14    1
 0.003053585357556398   15   14   14    3
 -0.005496146735221163   15   14   14   12
 0.007002031685305361   15   14   15    7
 0.01205655492861106   15   14   15   14
 0.4664872188707041   15   15    1    1
 0.431615682098212   15   15    2    2
 -0.06381068801833051   15   15    3    1
 0.4413883469842609   15   15    3    3
 0.422860084498929   15   15    4    4
 0.422860084498929   15   15    5    5
 0.4217507070525214   15   15    6    6
 0.4217507070525217   15   15    7    7
 -0.06708977656996001   15   15    8    2
 0.4720407185797533   15   15    8    8
 0.07424424556106843   15   15    9    4
 0.4046606467674563   15   15    9    9
 0.07424424556106839   15   15   10    5
 0.4046606467674562   15   15   10   10
 0.03575461661390879   15   15   11    2
 0.0899784308173759   15   15   11    8
 0.3450241055019277   15   15   11   11
 0.05210846111452914   15   15   12    1
 0.04958035452161762   15   15   12    3
 0.3476940999521402   15   15   12   12
 0.08818476869886832   15   15   13    6
 0.3762674468915675   15   15   13   13
 0.08818476869886828   15   15   14    7
 0.3762674468915676   15   15   14   14
 -0.03581125456110896   15   15   15    1
 0.06004770015061901   15   15   15    3
 -0.03904274930178022   15   15   15   12
 0.4760113277862338   15   15   15   15
 0.04546782150490051   16    1    2    1
 0.01053984859471626   16    1    3    2
 -0.03768284579104175   16    1    6    5
 -0.0376828457910418   16    1    7    4
 -0.02186015728786171   16    1    8    1
 0.04717623212278604   16    1    8    3
 -0.03854995238626467   16    1    9    7
 -0.03854995238626462   16    1   10    6
 0.005965683037481418   16    1   11    1
 0.02868018202815256   16    1   11    3
 0.02893323236206675   16    1   12    2
 -0.0008885057769074745   16    1   12    8
 0.02385166451457207   16    1   12   11
 -0.03422996107976074   16    1   13    5
 -0.03437350884810935   16    1   13   10
 -0.03422996107976072   16    1   14    4
 -0.03437350884810932   16    1   14    9
 -0.01663276129824084   16    1   15    2
 0.04582363149962593   16    1   15    8
 0.02722011282713084   16    1   15   11
 0.03059827788697625   16    1   16    1
 0.05147264266916803   16    2    1    1
 0.05332473329980748   16    2    2    2
 -0.001159513925789701   16    2    3    1
 0.05271433150743469   16    2    3    3
 0.03958626867841725   16    2    4    4
 0.03958626867841724   16    2    5    5
 0.04415702884134459   16    2    6    6
 0.0441570288413447   16    2    7    7
 -0.006574066012023623   16    2    8    2
 0.06166960709600166   16    2    8    8
 0.03648977072298242   16    2    9    4
 0.03860924188983933   16    2    9    9
 0.03648977072298244   16    2   10    5
 0.03860924188983934   16    2   10   10
 0.01579874907441966   16    2   11    2
 0.02563800289475656   16    2   11    8
 0.04030016853963269   16    2   11   11
 0.02571298201764818   16    2   12    1
 0.01368978683325005   16    2   12    3
 0.03208000614245859   16    2   12   12
 0.03630362277103308   16    2   13    6
 0.03512800947982956   16    2   13   13
 0.03630362277103306   16    2   14    7
 0.03512800947982948   16    2   14   14
 -0.02114656503970832   16    2   15    1
 0.02997736064847085   16    2   15    3
 0.002003162763919764   16    2   15   12
 0.04816940875191029   16    2   15   15
 0.02683314749323697   16    2   16    2
 -0.00545005713163053   16    3    2    1
 0.01753869699165196   16    3    3    2
 0.004396257209276324   16    3    6    5
 0.004396257209276345   16    3    7    4
 0.02301588051803068   16    3    8    1
 -0.006531526484488953   16    3    8    3
 0.007586964185423091   16    3    9    7
 0.007586964185423056   16    3   10    6
 0.007093089880240784   16    3   11    1
 -0.005473261075091576   16    3   11    3
 -0.002406687639274854   16    3   12    2
 0.004585682662920731   16    3   12    8
 0.01078758161204551   16    3   12   11
 0.007804406921738156   16    3   13    5
 0.004945159665777441   16    3   13   10
 0.00780440692173818   16    3   14    4
 0.004945159665777496   16    3   14    9
 0.01341101794401235   16    3   15    2
 -0.02089136123889204   16    3   15    8
 -0.003175447566069338   16    3   15   11
 -0.01105900403813904   16    3   16    1
 0.0134630400071644   16    3   16    3
 -0.001543208503887785   16    4    4    2
 0.001230766732098627   16    4    7    1
 0.0009923890683097378   16    4    7    3
 -0.001194503506297713   16    4    8    4
 0.01096856920336242   16    4    9    2
 -0.004302273979296905   16    4    9    8
 0.004340989353619668   16    4   11    4
 -0.001868492895378247   16    4   11    9
 -0.01217753245583733   16    4   12    7
 -0.01171607210954581   16    4   14    1
 -0.0009549682610672006   16    4   14    3
 0.004955261067404034   16    4   14   12
 0.007065348584723423   16    4   15    7
 0.001016345713890001   16    4   15   14
 0.01659239413734733   16    4   16    4
 -0.001543208503887786   16    5    5    2
 0.001230766732098645   16    5    6    1
 0.0009923890683097394   16    5    6    3
 -0.001194503506297714   16    5    8    5
 0.01096856920336242   16    5   10    2
 -0.004302273979296902   16    5   10    8
 0.004340989353619669   16    5   11    5
 -0.001868492895378253   16    5   11   10
 -0.01217753245583733   16    5   12    6
 -0.0117160721095458   16    5   13    1
 -0.0009549682610671984   16    5   13    3
 0.004955261067404019   16    5   13   12
 0.007065348584723422   16    5   15    6
 0.001016345713890007   16    5   15   13
 0.01659239413734732   16    5   16    5
 0.006750868690801032   16    6    5    1
 -0.001388913526614834   16    6    5    3
 -0.004473664098116813   16    6    6    2
 -0.0006207467278778825   16    6    8    6
 -0.01429979369046163   16    6   10    1
 0.002357213455153522   16    6   10    3
 0.005681776326761741   16    6   11    6
 -0.01498082247592447   16    6   12    5
 0.007725084932082033   16    6   12   10
 0.01314204105274102   16    6   13    2
 -0.003278673414038199   16    6   13    8
 -0.005092317738279234   16    6   13   11
 0.01195847826799409   16    6   15    5
 -0.006360902041417016   16    6   15   10
 0.01969234962244248   16    6   16    6
 0.00675086869080097   16    7    4    1
 -0.001388913526614833   16    7    4    3
 -0.004473664098116731   16    7    7    2
 -0.0006207467278779066   16    7    8    7
 -0.01429979369046164   16    7    9    1
 0.002357213455153509   16    7    9    3
 0.005681776326761737   16    7   11    7
 -0.01498082247592447   16    7   12    4
 0.007725084932081989   16    7   12    9
 0.01314204105274104   16    7   14    2
 -0.00327867341403821   16    7   14    8
 -0.005092317738279221   16    7   14   11
 0.01195847826799408   16    7   15    4
 -0.006360902041416966   16    7   15    9
 0.01969234962244245   16    7   16    7
 -0.05517291084264241   16    8    1    1
 -0.04122870204214815   16    8    2    2
 0.02724779923412989   16    8    3    1
 -0.04124682878218532   16    8    3    3
 -0.03979279472813761   16    8    4    4
 -0.03979279472813762   16    8    5    5
 -0.04177904010263222   16    8    6    6
 -0.04177904010263229   16    8    7    7
 0.03225226274170064   16    8    8    2
 -0.06361346867472206   16    8    8    8
 -0.02793489210488345   16    8    9    4
 -0.03834849401388483   16    8    9    9
 -0.02793489210488347   16    8   10    5
 -0.03834849401388479   16    8   10   10
 -0.002105404425621865   16    8   11    2
 -0.02711459685196574   16    8   11    8
 -0.01941710384086385   16    8   11   11
 -0.01743149607752686   16    8   12    1
 -0.004872973943604491   16    8   12    3
 -0.01779913708098903   16    8   12   12
 -0.02945639695134177   16    8   13    6
 -0.03480935126016967   16    8   13   13
 -0.02945639695134174   16    8   14    7
 -0.03480935126016966   16    8   14   14
 0.02921863886279191   16    8   15    1
 -0.02910047052207422   16    8   15    3
 0.01238292074099028   16    8   15   12
 -0.06081008231271557   16    8   15   15
 -0.02179251171077832   16    8   16    2
 0.03390257041096546   16    8   16    8
 0.03299274845085001   16    9    4    2
 -0.03352363732548937   16    9    7    1
 -0.003952066566868834   16    9    7    3
 -0.01053560663238497   16    9    8    4
 0.01208669423958915   16    9    9    2
 -0.005812104599513094   16    9    9    8
 0.001310972865201212   16    9   11    4
 0.01097221766533573   16    9   11    9
 -0.002608675729436954   16    9   12    7
 -0.008656072686250741   16    9   14    1
 0.001335269342497432   16    9   14    3
 -0.02549935801707125   16    9   14   12
 0.005268028760460369   16    9   15    7
 0.01273608111670295   16    9   15   14
 -0.005868920816655922   16    9   16    4
 0.02678224996169733   16    9   16    9
 0.03299274845085001   16   10    5    2
 -0.03352363732548935   16   10    6    1
 -0.003952066566868836   16   10    6    3
 -0.01053560663238497   16   10    8    5
 0.01208669423958915   16   10   10    2
 -0.005812104599513097   16   10   10    8
 0.001310972865201215   16   10   11    5
 0.01097221766533573   16   10   11   10
 -0.002608675729436916   16   10   12    6
 -0.008656072686250784   16   10   13    1
 0.00133526934249742   16   10   13    3
 -0.02549935801707124   16   10   13   12
 0.005268028760460353   16   10   15    6
 0.01273608111670297   16   10   15   13
 -0.005868920816655922   16   10   16    5
 0.02678224996169732   16   10   16   10
 -0.0002865820221613124   16   11    1    1
 0.0078516220700743   16   11    2    2
 0.01403815607778384   16   11    3    1
 0.001147155841494934   16   11    3    3
 0.005677662246662568   16   11    4    4
 0.005677662246662597   16   11    5    5
 0.006888721360284613   16   11    6    6
 0.00688872136028458   16   11    7    7
 0.01182348775337984   16   11    8    2
 -0.008570029848520422   16   11    8    8
 0.0002362042240211229   16   11    9    4
 0.004590771696958844   16   11    9    9
 0.0002362042240211919   16   11   10    5
 0.004590771696959047   16   11   10   10
 0.009231181758967236   16   11   11    2
 0.001272904546760643   16   11   11    8
 0.001619999128579735   16   11   11   11
 0.002506804318905169   16   11   12    1
 0.00732729604548849   16   11   12    3
 0.006249470587870774   16   11   12   12
 -0.001197758617583048   16   11   13    6
 0.005344556746337369   16   11   13   13
 -0.001197758617583136   16   11   14    7
 0.005344556746337155   16   11   14   14
 0.008605865998989503   16   11   15    1
 -0.002304761783163458   16   11   15    3
 0.002909332076157235   16   11   15   12
 -0.01019922570339235   16   11   15   15
 -0.004046875807282716   16   11   16    2
 0.008461954895228769   16   11   16    8
 0.00870785921606579   16   11   16   11
 0.07751400562216648   16   12    2    1
 0.02910390260821817   16   12    3    2
 -0.07810839940564071   16   12    6    5
 -0.07810839940564077   16   12    7    4
 -0.01992446180817202   16   12    8    1
 0.06452790240197372   16   12    8    3
 -0.03275085503536488   16   12    9    7
 -0.03275085503536481   16   12   10    6
 0.009449726639257992   16   12   11    1
 0.02810465294956299   16   12   11    3
 0.02513303861559245   16   12   12    2
 -1.151256244369827e-05   16   12   12    8
 0.04990182419422681   16   12   12   11
 -0.02193087168699417   16   12   13    5
 -0.06682350800232481   16   12   13   10
 -0.02193087168699406   16   12   14    4
 -0.06682350800232484   16   12   14    9
 -0.009699677571735121   16   12   15    2
 0.03844939157629937   16   12   15    8
 0.03313597945974682   16   12   15   11
 0.01189137945805601   16   12   16    1
 -0.002730092857421323   16   12   16    3
 0.03780342991661539   16   12   16   12
 -0.04515365475942033   16   13    5    1
 0.0002628065189739816   16   13    5    3
 0.04410589830471779   16   13    6    2
 -0.01281807322160974   16   13    8    6
 -0.006462264644460784   16   13   10    1
 -0.005392784628097963   16   13   10    3
 -0.0003800110566424642   16   13   11    6
 0.004081221621123803   16   13   12    5
 -0.03486006505619897   16   13   12   10
 0.00677468960777681   16   13   13    2
 -0.008569808252078401   16   13   13    8
 0.01699179016978286   16   13   13   11
 -0.003477984905289523   16   13   15    5
 0.02685047062249559   16   13   15   10
 -0.01169308478080793   16   13   16    6
 0.03919756152507568   16   13   16   13
 -0.04515365475942035   16   14    4    1
 0.0002628065189739814   16   14    4    3
 0.0441058983047178   16   14    7    2
 -0.01281807322160975   16   14    8    7
 -0.006462264644460765   16   14    9    1
 -0.005392784628097955   16   14    9    3
 -0.0003800110566424493   16   14   11    7
 0.00408122162112382   16   14   12    4
 -0.03486006505619901   16   14   12    9
 0.006774689607776733   16   14   14    2
 -0.008569808252078377   16   14   14    8
 0.01699179016978286   16   14   14   11
 -0.00347798490528953   16   14   15    4
 0.02685047062249557   16   14   15    9
 -0.0116930847808079   16   14   16    7
 0.03919756152507577   16   14   16   14
 -0.08927357864358507   16   15    2    1
 -0.01168036711070243   16   15    3    2
 0.08636407135221852   16   15    6    5
 0.08636407135221855   16   15    7    4
 0.04794112398582065   16   15    8    1
 -0.08414479264008143   16   15    8    3
 0.04288135881163087   16   15    9    7
 0.04288135881163075   16   15   10    6
 0.0005767771403628572   16   15   11    1
 -0.03082733362249128   16   15   11    3
 -0.0269803163457213   16   15   12    2
 0.009900030572885894   16   15   12    8
 -0.04899293206801454   16   15   12   11
 0.0324960884899561   16   15   13    5
 0.075589394396483   16   15   13   10
 0.03249608848995598   16   15   14    4
 0.07558939439648296   16   15   14    9
 0.02636067202653496   16   15   15    2
 -0.06198051421539433   16   15   15    8
 -0.04627501077899469   16   15   15   11
 -0.02593435461492319   16   15   16    1
 0.01400032836341832   16   15   16    3
 -0.03854772085077308   16   15   16   12
 0.06298651147976057   16   15   16   15
 0.4066647693751702   16   16    1    1
 0.3846151782086079   16   16    2    2
 -0.04055596891800461   16   16    3    1
 0.3774793405254192   16   16    3    3
 0.3834244169931459   16   16    4    4
 0.3834244169931459   16   16    5    5
 0.3834005760179346   16   16    6    6
 0.3834005760179348   16   16    7    7
 -0.0487224854898917   16   16    8    2
 0.3986501436914113   16   16    8    8
 0.04779623095679416   16   16    9    4
 0.3647624157825035   16   16    9    9
 0.04779623095679406   16   16   10    5
 0.3647624157825033   16   16   10   10
 0.0252723071825702   16   16   11    2
 0.05938189695344689   16   16   11    8
 0.3079142620600809   16   16   11   11
 0.03335873247530897   16   16   12    1
 0.03351436650955419   16   16   12    3
 0.320218594039154   16   16   12   12
 0.05566037221309142   16   16   13    6
 0.3465080972911095   16   16   13   13
 0.05566037221309147   16   16   14    7
 0.3465080972911095   16   16   14   14
 -0.0224387227318369   16   16   15    1
 0.03787203480502176   16   16   15    3
 -0.0330587403066814   16   16   15   12
 0.4006195960139702   16   16   15   15
 0.02391283191782451   16   16   16    2
 -0.03650818348919176   16   16   16    8
 -0.0006667619049153839   16   16   16   11
 0.3702650078235417   16   16   16   16
 -4.872492381703096    1    1  0  0
 -4.679482602238735    2    2  0  0
 0.2241085450942837    3    1  0  0
 -4.307335204435172    3    3  0  0
 -4.155424202308279    4    4  0  0
 -4.155424202308279    5    5  0  0
 -4.141277180401937    6    6  0  0
 -4.141277180401938    7    7  0  0
 0.3190330219668455    8    2  0  0
 -4.239560833750039    8    8  0  0
 -0.7298559717022085    9    4  0  0
 -3.073501690523558    9    9  0  0
 -0.7298559717022078   10    5  0  0
 -3.073501690523559   10   10  0  0
 -0.3851027306332248   11    2  0  0
 -0.7176879956988177   11    8  0  0
 -2.682984418738507   11   11  0  0
 -0.4639620808522432   12    1  0  0
 -0.4347439828380212   12    3  0  0
 -2.653701222159154   12   12  0  0
 -0.7942695350233462   13    6  0  0
 -2.782924882003059   13   13  0  0
 -0.7942695350233445   14    7  0  0
 -2.782924882003055   14   14  0  0
 0.2437160414365979   15    1  0  0
 -0.5269958489725999   15    3  0  0
 1.864290183160968e-15   15   11  0  0
 0.1778487111141134   15   12  0  0
 -3.180696381838278   15   15  0  0
 -0.3601244386508265   16    2  0  0
 0.3971133054495311   16    8  0  0
 -0.01516189102141342   16   11  0  0
 -2.469648503709081   16   16  0  0
 -82.76343894119965  0  0  0  0
