 &FCI NORB=  16,NELEC=10,MS2=0,
  ORBSYM=1,1,1,1,1,1,1,1,1,1,1,1,1,1,1,1
  ISYM=1,
 &END
 0.4624907958354674    1    1    1    1
 0.2268064359100299    2    1    2    1
 0.4575330691953292    2    2    1    1
 0.4626360738903847    2    2    2    2
 -0.02507159108650482    3    1    1    1
 0.001875219473846042    3    1    2    2
 0.07451633449903046    3    1    3    1
 0.06414521545740855    3    2    2    1
 0.07365233021682698    3    2    3    2
 0.4419414423735469    3    3    1    1
 0.4400216779848409    3    3    2    2
 -0.01223513337658123    3    3    3    1
 0.4499998571274355    3    3    3    3
 0.06790332344400858    4    1    4    1
 0.06214395956781737    4    2    4    2
 0.001952557656836301    4    3    4    1
 0.0178978485457436    4    3    4    3
 0.4320898845786422    4    4    1    1
 0.4307512445265981    4    4    2    2
 -0.01417275544233304    4    4    3    1
 0.4057548317451955    4    4    3    3
 0.4296442505353762    4    4    4    4
 0.06790332344400858    5    1    5    1
 0.06214395956781737    5    2    5    2
 0.001952557656836302    5    3    5    1
 0.0178978485457436    5    3    5    3
 0.01610722897757547    5    4    5    4
 0.4320898845786422    5    5    1    1
 0.4307512445265981    5    5    2    2
 -0.01417275544233304    5    5    3    1
 0.4057548317451955    5    5    3    3
 0.3974297925802253    5    5    4    4
 0.4296442505353762    5    5    5    5
 -0.06196700265582848    6    1    5    2
 0.06204689661170408    6    1    6    1
 -0.06925190729339924    6    2    5    1
 -0.006331857018336457    6    2    5    3
 0.07188900795778815    6    2    6    2
 -0.01015134722688392    6    3    5    2
 0.008188369251486709    6    3    6    1
 0.01631863414064236    6    3    6    3
 0.01616742984711924    6    4    6    4
 -0.2108165363653759    6    5    2    1
 -0.05731865361176906    6    5    3    2
 0.2193157706362593    6    5    6    5
 0.4380651886487197    6    6    1    1
 0.4391336676898011    6    6    2    2
 -0.008744723464094941    6    6    3    1
 0.4102493813910847    6    6    3    3
 0.4029384767996961    6    6    4    4
 0.4363299533752341    6    6    5    5
 0.4444420028288184    6    6    6    6
 -0.06196700265582849    7    1    4    2
 0.06204689661170411    7    1    7    1
 -0.06925190729339925    7    2    4    1
 -0.006331857018336458    7    2    4    3
 0.07188900795778817    7    2    7    2
 -0.01015134722688392    7    3    4    2
 0.008188369251486713    7    3    7    1
 0.01631863414064237    7    3    7    3
 -0.210816536365376    7    4    2    1
 -0.05731865361176907    7    4    3    2
 0.1869809109420209    7    4    6    5
 0.2193157706362594    7    4    7    4
 0.01616742984711925    7    5    6    4
 0.01616742984711925    7    5    7    5
 0.016695738287769    7    6    5    4
 0.01748531372957664    7    6    7    6
 0.4380651886487197    7    7    1    1
 0.4391336676898012    7    7    2    2
 -0.008744723464094939    7    7    3    1
 0.4102493813910849    7    7    3    3
 0.4363299533752342    7    7    4    4
 0.4029384767996962    7    7    5    5
 0.4094713753696653    7    7    6    6
 0.4444420028288187    7    7    7    7
 -0.02440993606191314    8    1    2    1
 0.05217138229342323    8    1    3    2
 0.02398256141773173    8    1    6    5
 0.02398256141773175    8    1    7    4
 0.06585719283082835    8    1    8    1
 -0.03828477764098383    8    2    1    1
 -0.01394007095682575    8    2    2    2
 0.07066995485013645    8    2    3    1
 -0.01607025432148963    8    2    3    3
 -0.02872002495661283    8    2    4    4
 -0.02872002495661283    8    2    5    5
 -0.02529986983877941    8    2    6    6
 -0.02529986983877942    8    2    7    7
 0.07249592390293838    8    2    8    2
 0.2022777885119592    8    3    2    1
 0.06054084893928431    8    3    3    2
 -0.1792640102515863    8    3    6    5
 -0.1792640102515863    8    3    7    4
 -0.02049745772174531    8    3    8    1
 0.2027610363428029    8    3    8    3
 -0.007018502862398233    8    4    4    2
 0.009081178538246883    8    4    7    1
 -0.01460329424618052    8    4    7    3
 0.0177877034462334    8    4    8    4
 -0.007018502862398233    8    5    5    2
 0.009081178538246882    8    5    6    1
 -0.01460329424618051    8    5    6    3
 0.0177877034462334    8    5    8    5
 0.01157494235977947    8    6    5    1
 -0.01645713376075292    8    6    5    3
 -0.008277611211242784    8    6    6    2
 0.01928718524632585    8    6    8    6
 0.01157494235977947    8    7    4    1
 -0.01645713376075292    8    7    4    3
 -0.00827761121124279    8    7    7    2
 0.01928718524632586    8    7    8    7
 0.4594739125345964    8    8    1    1
 0.4539454645711556    8    8    2    2
 -0.02703602324157545    8    8    3    1
 0.4585319420064805    8    8    3    3
 0.4195596736889551    8    8    4    4
 0.4195596736889551    8    8    5    5
 0.4252297103373184    8    8    6    6
 0.4252297103373185    8    8    7    7
 -0.03631031322149874    8    8    8    2
 0.4812385231935545    8    8    8    8
 0.02091319365184397    9    1    4    1
 0.004439374747601685    9    1    4    3
 -0.02352976255879111    9    1    7    2
 0.003403714410326718    9    1    8    7
 0.02140415257865118    9    1    9    1
 0.02671888454459688    9    2    4    2
 -0.02672357331338112    9    2    7    1
 -0.004171822248672081    9    2    7    3
 -0.004006894276630315    9    2    8    4
 0.02206865449283242    9    2    9    2
 0.008373867167115256    9    3    4    1
 0.003140649798086945    9    3    4    3
 -0.008391825195668581    9    3    7    2
 -0.003515375218710004    9    3    8    7
 0.001080536092013179    9    3    9    1
 0.009452687534570587    9    3    9    3
 0.09089816032996534    9    4    1    1
 0.09651465578926484    9    4    2    2
 0.006657451908954433    9    4    3    1
 0.07776060507625469    9    4    3    3
 0.08547528126816988    9    4    4    4
 0.07716340589448289    9    4    5    5
 0.0825648842884799    9    4    6    6
 0.09260530499128732    9    4    7    7
 -0.005514987548965607    9    4    8    2
 0.08962041636857387    9    4    8    8
 0.06951495172840727    9    4    9    4
 0.00415593768684349    9    5    5    4
 0.005020210351403674    9    5    7    6
 0.007839798854250684    9    5    9    5
 0.005651542289645283    9    6    6    4
 0.005651542289645286    9    6    7    5
 0.007617033301577953    9    6    9    6
 -0.09689136043633283    9    7    2    1
 -0.02233445423990234    9    7    3    2
 0.08345499249205821    9    7    6    5
 0.09475807707134881    9    7    7    4
 0.01687208580191818    9    7    8    1
 -0.08170737279643973    9    7    8    3
 0.07497267075260308    9    7    9    7
 -0.005283733493178886    9    8    4    2
 0.006156836925680398    9    8    7    1
 -0.005377629210686205    9    8    7    3
 0.007475748055549573    9    8    8    4
 -0.002707704953713059    9    8    9    2
 0.008506170850499366    9    8    9    8
 0.3975814099339359    9    9    1    1
 0.3954228695975744    9    9    2    2
 -0.01485863039660318    9    9    3    1
 0.3773608995578297    9    9    3    3
 0.3952647088590673    9    9    4    4
 0.3700901426399883    9    9    5    5
 0.3745474580014052    9    9    6    6
 0.4001241496937115    9    9    7    7
 -0.02654384171239302    9    9    8    2
 0.3893811654294247    9    9    8    8
 0.07533083995210758    9    9    9    4
 0.3800487649307043    9    9    9    9
 0.02091319365184397   10    1    5    1
 0.004439374747601685   10    1    5    3
 -0.0235297625587911   10    1    6    2
 0.003403714410326717   10    1    8    6
 0.02140415257865118   10    1   10    1
 0.02671888454459688   10    2    5    2
 -0.02672357331338112   10    2    6    1
 -0.004171822248672079   10    2    6    3
 -0.004006894276630316   10    2    8    5
 0.02206865449283242   10    2   10    2
 0.008373867167115256   10    3    5    1
 0.003140649798086946   10    3    5    3
 -0.008391825195668577   10    3    6    2
 -0.003515375218710002   10    3    8    6
 0.001080536092013177   10    3   10    1
 0.009452687534570589   10    3   10    3
 0.00415593768684349   10    4    5    4
 0.005020210351403674   10    4    7    6
 0.007839798854250684   10    4    9    5
 0.007839798854250684   10    4   10    4
 0.09089816032996534   10    5    1    1
 0.09651465578926484   10    5    2    2
 0.006657451908954431   10    5    3    1
 0.07776060507625471   10    5    3    3
 0.07716340589448289   10    5    4    4
 0.08547528126816989   10    5    5    5
 0.09260530499128725   10    5    6    6
 0.08256488428847994   10    5    7    7
 -0.005514987548965608   10    5    8    2
 0.08962041636857386   10    5    8    8
 0.05383535401990591   10    5    9    4
 0.07008139700812445   10    5    9    9
 0.0695149517284073   10    5   10    5
 -0.09689136043633277   10    6    2    1
 -0.02233445423990232   10    6    3    2
 0.09475807707134871   10    6    6    5
 0.08345499249205818   10    6    7    4
 0.01687208580191817   10    6    8    1
 -0.08170737279643966   10    6    8    3
 0.05973860414944716   10    6    9    7
 0.074972670752603   10    6   10    6
 0.005651542289645289   10    7    6    4
 0.00565154228964529   10    7    7    5
 0.007617033301577954   10    7    9    6
 0.007617033301577956   10    7   10    7
 -0.005283733493178886   10    8    5    2
 0.006156836925680396   10    8    6    1
 -0.005377629210686201   10    8    6    3
 0.007475748055549573   10    8    8    5
 -0.002707704953713057   10    8   10    2
 0.008506170850499368   10    8   10    8
 0.01258728310953952   10    9    5    4
 0.01278834584615311   10    9    7    6
 0.002624721471991568   10    9    9    5
 0.002624721471991568   10    9   10    4
 0.01310755004565011   10    9   10    9
 0.3975814099339359   10   10    1    1
 0.3954228695975744   10   10    2    2
 -0.01485863039660317   10   10    3    1
 0.3773608995578297   10   10    3    3
 0.3700901426399883   10   10    4    4
 0.3952647088590673   10   10    5    5
 0.4001241496937115   10   10    6    6
 0.3745474580014053   10   10    7    7
 -0.02654384171239301   10   10    8    2
 0.3893811654294247   10   10    8    8
 0.07008139700812448   10   10    9    4
 0.353833664839404   10   10    9    9
 0.07533083995210751   10   10   10    5
 0.3800487649307043   10   10   10   10
 0.03908061196406804   11    1    2    1
 0.02526456272010251   11    1    3    2
 -0.03420195159002142   11    1    6    5
 -0.03420195159002144   11    1    7    4
 0.01053437468095503   11    1    8    1
 0.03096519884968083   11    1    8    3
 -0.0290686817111046   11    1    9    7
 -0.02906868171110458   11    1   10    6
 0.02433598819095905   11    1   11    1
 0.05454796784538976   11    2    1    1
 0.06291647923932885   11    2    2    2
 0.01988992814462977   11    2    3    1
 0.05294592368207125   11    2    3    3
 0.04957438926837086   11    2    4    4
 0.04957438926837087   11    2    5    5
 0.05295826874093394   11    2    6    6
 0.05295826874093396   11    2    7    7
 0.01466739164704084   11    2    8    2
 0.05008989178176884   11    2    8    8
 0.03501945015765139   11    2    9    4
 0.04546209964372309   11    2    9    9
 0.03501945015765139   11    2   10    5
 0.04546209964372311   11    2   10   10
 0.03606562520844842   11    2   11    2
 0.06700955444942185   11    3    2    1
 0.02117571329070234   11    3    3    2
 -0.05692359819980868   11    3    6    5
 -0.0569235981998087   11    3    7    4
 -0.006630665291209837   11    3    8    1
 0.06263897806143243   11    3    8    3
 -0.04570290394289159   11    3    9    7
 -0.04570290394289156   11    3   10    6
 0.03074001142239339   11    3   11    1
 0.05250840299346787   11    3   11    3
 0.007370830297799104   11    4    4    2
 -0.006947086657246681   11    4    7    1
 -0.004215877794729481   11    4    7    3
 0.001882297316175528   11    4    8    4
 0.01133825818429184   11    4    9    2
 0.004340301447144229   11    4    9    8
 0.01083173033890349   11    4   11    4
 0.007370830297799103   11    5    5    2
 -0.006947086657246676   11    5    6    1
 -0.004215877794729477   11    5    6    3
 0.001882297316175528   11    5    8    5
 0.01133825818429184   11    5   10    2
 0.004340301447144228   11    5   10    8
 0.01083173033890349   11    5   11    5
 -0.005864614794973347   11    6    5    1
 -0.004618591647232796   11    6    5    3
 0.007349328727943789   11    6    6    2
 0.002304070005843201   11    6    8    6
 -0.01114831287188978   11    6   10    1
 -0.006522031359867699   11    6   10    3
 0.01211895264915484   11    6   11    6
 -0.005864614794973359   11    7    4    1
 -0.004618591647232799   11    7    4    3
 0.007349328727943806   11    7    7    2
 0.002304070005843205   11    7    8    7
 -0.01114831287188978   11    7    9    1
 -0.006522031359867701   11    7    9    3
 0.01211895264915484   11    7   11    7
 0.07610569409649538   11    8    1    1
 0.07672103401071718   11    8    2    2
 -0.003238292152415755   11    8    3    1
 0.07476909790943724   11    8    3    3
 0.06408259817121389   11    8    4    4
 0.06408259817121388   11    8    5    5
 0.0664308496590153   11    8    6    6
 0.06643084965901536   11    8    7    7
 -0.007974109145860423   11    8    8    2
 0.08008088558317555   11    8    8    8
 0.03831046644380155   11    8    9    4
 0.06005754739362003   11    8    9    9
 0.0383104664438015   11    8   10    5
 0.06005754739361997   11    8   10   10
 0.034596697066854   11    8   11    2
 0.04809376733126903   11    8   11    8
 0.02700177949091436   11    9    4    2
 -0.025861928626169   11    9    7    1
 -0.0124355392880426   11    9    7    3
 0.00576084698585047   11    9    8    4
 0.009856220776121326   11    9    9    2
 0.0009813824475619322   11    9    9    8
 0.00318966722125371   11    9   11    4
 0.02020218890872648   11    9   11    9
 0.02700177949091436   11   10    5    2
 -0.025861928626169   11   10    6    1
 -0.0124355392880426   11   10    6    3
 0.00576084698585047   11   10    8    5
 0.009856220776121324   11   10   10    2
 0.0009813824475619296   11   10   10    8
 0.003189667221253707   11   10   11    5
 0.02020218890872648   11   10   11   10
 0.3573888336153263   11   11    1    1
 0.3741872480104122   11   11    2    2
 0.03961911296950762   11   11    3    1
 0.3679855610040768   11   11    3    3
 0.341535225839001   11   11    4    4
 0.341535225839001   11   11    5    5
 0.3494672170819084   11   11    6    6
 0.3494672170819085   11   11    7    7
 0.03168814515684671   11   11    8    2
 0.37008690634455   11   11    8    8
 0.06418898426586764   11   11    9    4
 0.324141938806946   11   11    9    9
 0.06418898426586764   11   11   10    5
 0.3241419388069459   11   11   10   10
 0.04610711357091215   11   11   11    2
 0.04474542152955333   11   11   11    8
 0.3638207642337495   11   11   11   11
 0.07430611523610781   12    1    1    1
 0.07751753791603504   12    1    2    2
 -0.0001828525793060897   12    1    3    1
 0.06133186123858068   12    1    3    3
 0.06390779993441599   12    1    4    4
 0.06390779993441599   12    1    5    5
 0.06907371635151541   12    1    6    6
 0.06907371635151545   12    1    7    7
 -0.01191599479500038   12    1    8    2
 0.07654577481133659   12    1    8    8
 0.05074261224349398   12    1    9    4
 0.05747112649113698   12    1    9    9
 0.05074261224349399   12    1   10    5
 0.05747112649113698   12    1   10   10
 0.0275296732873025   12    1   11    2
 0.03467824045933283   12    1   11    8
 0.04754508490655413   12    1   11   11
 0.04650688235363073   12    1   12    1
 0.07810464189705753   12    2    2    1
 0.0109746360718716   12    2    3    2
 -0.06946523699808159   12    2    6    5
 -0.0694652369980816   12    2    7    4
 -0.0215035889133229   12    2    8    1
 0.06740158462385731   12    2    8    3
 -0.05410345198278606   12    2    9    7
 -0.05410345198278604   12    2   10    6
 0.02326538814469199   12    2   11    1
 0.0408793596124478   12    2   11    3
 0.0471324544692474   12    2   12    2
 0.009014296728231411   12    3    1    1
 0.007224166617355623   12    3    2    2
 -0.0007461305815337845   12    3    3    1
 0.01219639286925606   12    3    3    3
 0.0092056593146129   12    3    4    4
 0.009205659314612901   12    3    5    5
 0.006971816966888009   12    3    6    6
 0.006971816966888007   12    3    7    7
 0.004260733431855428   12    3    8    2
 -0.0003451154905654457   12    3    8    8
 -0.003367491079460241   12    3    9    4
 0.01020475526150794   12    3    9    9
 -0.003367491079460237   12    3   10    5
 0.01020475526150794   12    3   10   10
 0.01239571584496831   12    3   11    2
 0.01022197255324916   12    3   11    8
 -0.0007788772417540861   12    3   11   11
 -0.007347279335264126   12    3   12    1
 0.02207854948885286   12    3   12    3
 0.00609928203689406   12    4    4    1
 0.002285562233592003   12    4    4    3
 -0.008276098651510098   12    4    7    2
 0.003253375420119125   12    4    8    7
 0.0192357182569181   12    4    9    1
 -0.001598349305226515   12    4    9    3
 -0.01104666475508019   12    4   11    7
 0.02109840555811036   12    4   12    4
 0.00609928203689406   12    5    5    1
 0.002285562233592003   12    5    5    3
 -0.008276098651510091   12    5    6    2
 0.003253375420119124   12    5    8    6
 0.01923571825691811   12    5   10    1
 -0.001598349305226515   12    5   10    3
 -0.01104666475508019   12    5   11    6
 0.02109840555811036   12    5   12    5
 -0.01381362144782452   12    6    5    2
 0.01422423836894556   12    6    6    1
 -0.0006033471868067134   12    6    6    3
 0.005574080216237431   12    6    8    5
 -0.01829590836659053   12    6   10    2
 0.003503962427550848   12    6   10    8
 -0.01014824093182666   12    6   11    5
 -0.002156642972913311   12    6   11   10
 0.0181584643861943   12    6   12    6
 -0.01381362144782454   12    7    4    2
 0.01422423836894558   12    7    7    1
 -0.000603347186806711   12    7    7    3
 0.005574080216237434   12    7    8    4
 -0.01829590836659054   12    7    9    2
 0.00350396242755085   12    7    9    8
 -0.01014824093182666   12    7   11    4
 -0.002156642972913316   12    7   11    9
 0.01815846438619431   12    7   12    7
 -0.05538490183585589   12    8    2    1
 0.001510445946386073   12    8    3    2
 0.05060649168208813   12    8    6    5
 0.05060649168208815   12    8    7    4
 0.02513743455702224   12    8    8    1
 -0.05532091692236136   12    8    8    3
 0.02455128666234432   12    8    9    7
 0.0245512866623443   12    8   10    6
 0.003813318442252833   12    8   11    1
 -0.005789172123829543   12    8   11    3
 -0.021797253033931   12    8   12    2
 0.03321000484419805   12    8   12    8
 0.05219897718108622   12    9    4    1
 -0.001448076752424816   12    9    4    3
 -0.0518997520644208   12    9    7    2
 0.009995016691440331   12    9    8    7
 0.01069672965648492   12    9    9    1
 0.007356903510271373   12    9    9    3
 -0.0006535743902061226   12    9   11    7
 -0.001929048152479208   12    9   12    4
 0.04851316275628866   12    9   12    9
 0.05219897718108622   12   10    5    1
 -0.001448076752424814   12   10    5    3
 -0.05189975206442079   12   10    6    2
 0.009995016691440329   12   10    8    6
 0.01069672965648492   12   10   10    1
 0.007356903510271372   12   10   10    3
 -0.0006535743902061153   12   10   11    6
 -0.001929048152479208   12   10   12    5
 0.04851316275628866   12   10   12   10
 0.09499361504395731   12   11    2    1
 0.05512031279314279   12   11    3    2
 -0.09024421361045566   12   11    6    5
 -0.09024421361045568   12   11    7    4
 0.02044396540933027   12   11    8    1
 0.08751155315464092   12   11    8    3
 -0.02949257068064092   12   11    9    7
 -0.0294925706806409   12   11   10    6
 0.01575777055696174   12   11   11    1
 0.01600836447901479   12   11   11    3
 0.01859765986013407   12   11   12    2
 -0.01839851023658354   12   11   12    8
 0.06486994665268583   12   11   12   11
 0.3988092745734424   12   12    1    1
 0.3902220377506797   12   12    2    2
 -0.03039397359191955   12   12    3    1
 0.3853772342300288   12   12    3    3
 0.3772215455425073   12   12    4    4
 0.3772215455425073   12   12    5    5
 0.3796090459082652   12   12    6    6
 0.3796090459082653   12   12    7    7
 -0.03704098940892846   12   12    8    2
 0.3976859881769184   12   12    8    8
 0.05919289644204614   12   12    9    4
 0.3575292116117915   12   12    9    9
 0.05919289644204613   12   12   10    5
 0.3575292116117915   12   12   10   10
 0.03316104164467387   12   12   11    2
 0.05254139416985799   12   12   11    8
 0.3182825933465608   12   12   11   11
 0.04774946854712669   12   12   12    1
 0.008773319399676066   12   12   12    3
 0.3622422946824431   12   12   12   12
 -0.02093102729371444   13    1    5    2
 0.0211607208344049   13    1    6    1
 0.001705431288593849   13    1    6    3
 0.005003277567846287   13    1    8    5
 -0.01981126731297459   13    1   10    2
 0.003308773925670611   13    1   10    8
 -0.01015974936384003   13    1   11    5
 -0.006492716047166239   13    1   11   10
 0.01761240077217576   13    1   12    6
 0.01830875114406931   13    1   13    1
 -0.02025484601835719   13    2    5    1
 -0.002445309232854847   13    2    5    3
 0.02205741411843339   13    2    6    2
 -0.004305709583605102   13    2    8    6
 -0.02015832839777116   13    2   10    1
 -0.003212951462975335   13    2   10    3
 0.01210941213201728   13    2   11    6
 -0.01812202883046741   13    2   12    5
 -0.01133849664140388   13    2   12   10
 0.02003990839008584   13    2   13    2
 -0.001617272726980171   13    3    5    2
 0.0009770201221116104   13    3    6    1
 0.004720378258830417   13    3    6    3
 -0.004537580074038153   13    3    8    5
 -0.003273601355776889   13    3   10    2
 -0.006689679611447915   13    3   10    8
 -0.006860399004459292   13    3   11    5
 -0.002665849438397544   13    3   11   10
 0.001880905786203668   13    3   12    6
 0.00227497444765493   13    3   13    1
 0.006791460806545821   13    3   13    3
 0.003969196127198541   13    4    6    4
 0.003969196127198543   13    4    7    5
 0.007250151940165214   13    4    9    6
 0.007250151940165215   13    4   10    7
 0.007084968001378028   13    4   13    4
 -0.07584057809510458   13    5    2    1
 -0.01474859545273052   13    5    3    2
 0.07248718403118636   13    5    6    5
 0.06454879177678928   13    5    7    4
 0.01653133230633028   13    5    8    1
 -0.06398095625271834   13    5    8    3
 0.05227972098386868   13    5    9    7
 0.06678002486419909   13    5   10    6
 -0.02589005124811616   13    5   11    1
 -0.04091845712904116   13    5   11    3
 -0.04828088899165133   13    5   12    2
 0.01972365872891369   13    5   12    8
 -0.01904085185478941   13    5   12   11
 0.06101238953954857   13    5   13    5
 0.09370733213229933   13    6    1    1
 0.096463797377124   13    6    2    2
 -0.0005229289922367489   13    6    3    1
 0.08118184995609301   13    6    3    3
 0.07903592999078679   13    6    4    4
 0.08654503202760663   13    6    5    5
 0.0923728464830134   13    6    6    6
 0.08356764530278138   13    6    7    7
 -0.01121822579525647   13    6    8    2
 0.09263184008768052   13    6    8    8
 0.05302921313508792   13    6    9    4
 0.07302484055327925   13    6    9    9
 0.06820394999021734   13    6   10    5
 0.07858140389730808   13    6   10   10
 0.03503458190282067   13    6   11    2
 0.04027758636240602   13    6   11    8
 0.06060826094137042   13    6   11   11
 0.04981715447931274   13    6   12    1
 3.3592520019867e-05   13    6   12    3
 0.06355771766365473   13    6   12   12
 0.06893982959050893   13    6   13    6
 0.00375455101840991   13    7    5    4
 0.004402600590116025   13    7    7    6
 0.007587368427564702   13    7    9    5
 0.007587368427564702   13    7   10    4
 0.002778281672014392   13    7   10    9
 0.007689636675685747   13    7   13    7
 0.007696964920159914   13    8    5    1
 -0.004284677064439696   13    8    5    3
 -0.007369275992311948   13    8    6    2
 0.007113297046669674   13    8    8    6
 0.003794160554224189   13    8   10    1
 -0.006555277768433345   13    8   10    3
 0.004824467048326351   13    8   11    6
 0.003039502788276828   13    8   12    5
 0.006616294667353101   13    8   12   10
 -0.002344706865056109   13    8   13    2
 0.008668046761882913   13    8   13    8
 0.01165625003008742   13    9    6    4
 0.01165625003008742   13    9    7    5
 0.00379621954458771   13    9    9    6
 0.003796219544587715   13    9   10    7
 0.002507536051792005   13    9   13    4
 0.0113862028701372   13    9   13    9
 -0.1728265295968278   13   10    2    1
 -0.04911507249862224   13   10    3    2
 0.1798278380550148   13   10    6    5
 0.15651533799484   13   10    7    4
 0.0179114660235194   13   10    8    1
 -0.1499117015552022   13   10    8    3
 0.07152835953667093   13   10    9    7
 0.07912079862584637   13   10   10    6
 -0.02850092202980172   13   10   11    1
 -0.04844409709748736   13   10   11    3
 -0.05868498427527967   13   10   12    2
 0.04393001122550613   13   10   12    8
 -0.07922519641960067   13   10   12   11
 0.06056172879900189   13   10   13    5
 0.1614489133706004   13   10   13   10
 -0.02982049539042073   13   11    5    1
 -0.01116296423153485   13   11    5    3
 0.03247258188288129   13   11    6    2
 0.005870107838059314   13   11    8    6
 -0.006881585469941447   13   11   10    1
 -0.005413387368047408   13   11   10    3
 0.001413798453894077   13   11   11    6
 0.001895927693810637   13   11   12    5
 -0.02641484449182532   13   11   12   10
 0.005633481976063913   13   11   13    2
 -0.001162238099223501   13   11   13    8
 0.02549337315326861   13   11   13   11
 -0.04203310717302614   13   12    5    2
 0.0420578245447723   13   12    6    1
 0.005758733750223368   13   12    6    3
 0.005711081062128798   13   12    8    5
 -0.01510874941654993   13   12   10    2
 0.00568611058630765   13   12   10    8
 -0.0009311453990380676   13   12   11    5
 -0.0214228011318992   13   12   11   10
 0.005761347422896477   13   12   12    6
 0.01129548401255519   13   12   13    1
 -0.001251689825937892   13   12   13    3
 0.03504357074550811   13   12   13   12
 0.3831101067261918   13   13    1    1
 0.3842045667206782   13   13    2    2
 -0.006305118533257353   13   13    3    1
 0.3635852102692075   13   13    3    3
 0.3585404138561588   13   13    4    4
 0.3831680505877945   13   13    5    5
 0.3893114808830676   13   13    6    6
 0.3638103094712397   13   13    7    7
 -0.0190296531638294   13   13    8    2
 0.375984286785093   13   13    8    8
 0.06700656672231224   13   13    9    4
 0.3426058465511908   13   13    9    9
 0.07156560531026492   13   13   10    5
 0.3678943689537675   13   13   10   10
 0.04187514283576045   13   13   11    2
 0.05399138840383257   13   13   11    8
 0.3226893847075078   13   13   11   11
 0.05503547215476529   13   13   12    1
 0.004712230362799777   13   13   12    3
 0.3446997853581232   13   13   12   12
 0.07199281721940647   13   13   13    6
 0.3606356951744821   13   13   13   13
 -0.02093102729371442   14    1    4    2
 0.02116072083440488   14    1    7    1
 0.001705431288593846   14    1    7    3
 0.005003277567846283   14    1    8    4
 -0.01981126731297458   14    1    9    2
 0.00330877392567061   14    1    9    8
 -0.01015974936384002   14    1   11    4
 -0.006492716047166238   14    1   11    9
 0.01761240077217576   14    1   12    7
 0.01830875114406929   14    1   14    1
 -0.02025484601835716   14    2    4    1
 -0.002445309232854844   14    2    4    3
 0.02205741411843336   14    2    7    2
 -0.004305709583605098   14    2    8    7
 -0.02015832839777115   14    2    9    1
 -0.003212951462975332   14    2    9    3
 0.01210941213201728   14    2   11    7
 -0.01812202883046741   14    2   12    4
 -0.01133849664140387   14    2   12    9
 0.02003990839008581   14    2   14    2
 -0.001617272726980167   14    3    4    2
 0.0009770201221116085   14    3    7    1
 0.004720378258830414   14    3    7    3
 -0.004537580074038147   14    3    8    4
 -0.003273601355776889   14    3    9    2
 -0.006689679611447912   14    3    9    8
 -0.006860399004459291   14    3   11    4
 -0.002665849438397542   14    3   11    9
 0.00188090578620367   14    3   12    7
 0.00227497444765493   14    3   14    1
 0.006791460806545818   14    3   14    3
 -0.07584057809510447   14    4    2    1
 -0.01474859545273049   14    4    3    2
 0.0645487917767892   14    4    6    5
 0.07248718403118629   14    4    7    4
 0.01653133230633028   14    4    8    1
 -0.06398095625271828   14    4    8    3
 0.06678002486419909   14    4    9    7
 0.05227972098386863   14    4   10    6
 -0.02589005124811614   14    4   11    1
 -0.04091845712904113   14    4   11    3
 -0.0482808889916513   14    4   12    2
 0.01972365872891366   14    4   12    8
 -0.01904085185478934   14    4   12   11
 0.04684245353679249   14    4   13    5
 0.05554665669541779   14    4   13   10
 0.06101238953954852   14    4   14    4
 0.003969196127198536   14    5    6    4
 0.003969196127198538   14    5    7    5
 0.007250151940165212   14    5    9    6
 0.007250151940165213   14    5   10    7
 0.007084968001378026   14    5   13    4
 0.002507536051792004   14    5   13    9
 0.007084968001378024   14    5   14    5
 0.003754551018409899   14    6    5    4
 0.004402600590116013   14    6    7    6
 0.007587368427564698   14    6    9    5
 0.007587368427564698   14    6   10    4
 0.002778281672014383   14    6   10    9
 0.007689636675685744   14    6   13    7
 0.00768963667568574   14    6   14    6
 0.09370733213229927   14    7    1    1
 0.09646379737712393   14    7    2    2
 -0.0005229289922367497   14    7    3    1
 0.08118184995609297   14    7    3    3
 0.08654503202760658   14    7    4    4
 0.07903592999078675   14    7    5    5
 0.08356764530278131   14    7    6    6
 0.0923728464830134   14    7    7    7
 -0.01121822579525646   14    7    8    2
 0.09263184008768047   14    7    8    8
 0.06820394999021732   14    7    9    4
 0.07858140389730807   14    7    9    9
 0.0530292131350879   14    7   10    5
 0.07302484055327932   14    7   10   10
 0.03503458190282067   14    7   11    2
 0.04027758636240605   14    7   11    8
 0.06060826094137042   14    7   11   11
 0.04981715447931274   14    7   12    1
 3.359252001986829e-05   14    7   12    3
 0.06355771766365459   14    7   12   12
 0.05356055623913742   14    7   13    6
 0.0681157884418222   14    7   13   13
 0.06893982959050891   14    7   14    7
 0.007696964920159909   14    8    4    1
 -0.004284677064439689   14    8    4    3
 -0.007369275992311947   14    8    7    2
 0.007113297046669669   14    8    8    7
 0.003794160554224187   14    8    9    1
 -0.006555277768433344   14    8    9    3
 0.004824467048326349   14    8   11    7
 0.003039502788276827   14    8   12    4
 0.006616294667353099   14    8   12    9
 -0.002344706865056104   14    8   14    2
 0.008668046761882906   14    8   14    8
 -0.1728265295968277   14    9    2    1
 -0.04911507249862222   14    9    3    2
 0.15651533799484   14    9    6    5
 0.1798278380550148   14    9    7    4
 0.0179114660235194   14    9    8    1
 -0.1499117015552021   14    9    8    3
 0.07912079862584634   14    9    9    7
 0.07152835953667086   14    9   10    6
 -0.02850092202980171   14    9   11    1
 -0.04844409709748734   14    9   11    3
 -0.05868498427527966   14    9   12    2
 0.04393001122550613   14    9   12    8
 -0.07922519641960057   14    9   12   11
 0.05554665669541781   14    9   13    5
 0.1386765076303261   14    9   13   10
 0.06056172879900171   14    9   14    4
 0.1614489133706004   14    9   14    9
 0.01165625003008742   14   10    6    4
 0.01165625003008742   14   10    7    5
 0.003796219544587709   14   10    9    6
 0.003796219544587713   14   10   10    7
 0.002507536051792005   14   10   13    4
 0.0113862028701372   14   10   13    9
 0.002507536051791999   14   10   14    5
 0.0113862028701372   14   10   14   10
 -0.02982049539042073   14   11    4    1
 -0.01116296423153485   14   11    4    3
 0.03247258188288129   14   11    7    2
 0.005870107838059314   14   11    8    7
 -0.006881585469941449   14   11    9    1
 -0.005413387368047411   14   11    9    3
 0.001413798453894095   14   11   11    7
 0.001895927693810625   14   11   12    4
 -0.02641484449182533   14   11   12    9
 0.005633481976063903   14   11   14    2
 -0.001162238099223502   14   11   14    8
 0.02549337315326861   14   11   14   11
 -0.04203310717302613   14   12    4    2
 0.0420578245447723   14   12    7    1
 0.005758733750223366   14   12    7    3
 0.005711081062128792   14   12    8    4
 -0.01510874941654993   14   12    9    2
 0.005686110586307651   14   12    9    8
 -0.0009311453990380782   14   12   11    4
 -0.02142280113189922   14   12   11    9
 0.005761347422896516   14   12   12    7
 0.01129548401255516   14   12   14    1
 -0.001251689825937895   14   12   14    3
 0.03504357074550814   14   12   14   12
 0.01231381836581784   14   13    5    4
 0.01275058570591394   14   13    7    6
 0.002279519293976328   14   13    9    5
 0.002279519293976328   14   13   10    4
 0.01264426120128829   14   13   10    9
 0.001938514388792168   14   13   13    7
 0.001938514388792158   14   13   14    6
 0.01305532467669425   14   13   14   13
 0.3831101067261917   14   14    1    1
 0.3842045667206781   14   14    2    2
 -0.006305118533257349   14   14    3    1
 0.3635852102692073   14   14    3    3
 0.3831680505877944   14   14    4    4
 0.3585404138561588   14   14    5    5
 0.3638103094712395   14   14    6    6
 0.3893114808830674   14   14    7    7
 -0.01902965316382939   14   14    8    2
 0.3759842867850929   14   14    8    8
 0.07156560531026482   14   14    9    4
 0.3678943689537675   14   14    9    9
 0.0670065667223122   14   14   10    5
 0.3426058465511909   14   14   10   10
 0.0418751428357604   14   14   11    2
 0.05399138840383257   14   14   11    8
 0.3226893847075077   14   14   11   11
 0.0550354721547652   14   14   12    1
 0.004712230362799779   14   14   12    3
 0.3446997853581226   14   14   12   12
 0.06811578844182216   14   14   13    6
 0.3345250458210936   14   14   13   13
 0.07199281721940638   14   14   14    7
 0.360635695174482   14   14   14   14
 0.005482193836132756   15    1    1    1
 0.01095128738796045   15    1    2    2
 0.01858921393117877   15    1    3    1
 0.01406024043980862   15    1    3    3
 0.006456128016450242   15    1    4    4
 0.00645612801645024   15    1    5    5
 0.006039333266926981   15    1    6    6
 0.006039333266926983   15    1    7    7
 0.02229902118484779   15    1    8    2
 -0.0001573205915393846   15    1    8    8
 0.0009790712971258185   15    1    9    4
 0.007147518519887422   15    1    9    9
 0.0009790712971258233   15    1   10    5
 0.007147518519887425   15    1   10   10
 0.0175915332994158   15    1   11    2
 0.01081208639765683   15    1   11    8
 0.01443361840646617   15    1   11   11
 -0.004354755827605838   15    1   12    1
 0.01877904845785257   15    1   12    3
 0.002366286192388742   15    1   12   12
 0.002179310566582349   15    1   13    6
 0.004392913929017055   15    1   13   13
 0.002179310566582345   15    1   14    7
 0.004392913929017046   15    1   14   14
 0.02154155929742801   15    1   15    1
 0.00871822329648258   15    2    2    1
 0.02741339352159747   15    2    3    2
 -0.00560798111035325   15    2    6    5
 -0.005607981110353256   15    2    7    4
 0.02542851130293081   15    2    8    1
 0.006963042852084972   15    2    8    3
 -0.008796250620099358   15    2    9    7
 -0.008796250620099354   15    2   10    6
 0.01976170945116099   15    2   11    1
 0.02026226766954418   15    2   11    3
 0.005382085163744998   15    2   12    2
 0.01693604974252183   15    2   12    8
 0.01012411700502761   15    2   12   11
 -0.008023005294958826   15    2   13    5
 -0.004703785746975795   15    2   13   10
 -0.008023005294958823   15    2   14    4
 -0.0047037857469758   15    2   14    9
 0.02392241818754248   15    2   15    2
 0.08184081332289313   15    3    1    1
 0.09011030245566944   15    3    2    2
 0.01338917598102355   15    3    3    1
 0.07864545797265325   15    3    3    3
 0.06977396164622608   15    3    4    4
 0.06977396164622605   15    3    5    5
 0.07567988234223882   15    3    6    6
 0.07567988234223891   15    3    7    7
 0.002241207634466331   15    3    8    2
 0.09151463357078421   15    3    8    8
 0.05301661472378289   15    3    9    4
 0.06374680377429248   15    3    9    9
 0.05301661472378286   15    3   10    5
 0.06374680377429241   15    3   10   10
 0.03913897552378316   15    3   11    2
 0.05058500685648133   15    3   11    8
 0.06472704889648846   15    3   11   11
 0.04946080644413868   15    3   12    1
 -0.003422951804893204   15    3   12    3
 0.05091554703456715   15    3   12   12
 0.05134875677467835   15    3   13    6
 0.06209722161002454   15    3   13   13
 0.05134875677467838   15    3   14    7
 0.06209722161002455   15    3   14   14
 0.003985791250824643   15    3   15    1
 0.06785610049820728   15    3   15    3
 0.0005631779389618959   15    4    4    1
 0.002999625431587376   15    4    4    3
 -0.0005216483929371963   15    4    7    2
 -0.00471680317655042   15    4    8    7
 -0.0002057947275115897   15    4    9    1
 0.008646303809565695   15    4    9    3
 -0.006817818863023008   15    4   11    7
 -0.0009465204694710034   15    4   12    4
 0.0006851370996865779   15    4   12    9
 -0.002027381999505378   15    4   14    2
 -0.007594047900214044   15    4   14    8
 -0.001488695245257987   15    4   14   11
 0.008856237961034345   15    4   15    4
 0.000563177938961895   15    5    5    1
 0.002999625431587376   15    5    5    3
 -0.0005216483929371948   15    5    6    2
 -0.004716803176550417   15    5    8    6
 -0.0002057947275115904   15    5   10    1
 0.008646303809565695   15    5   10    3
 -0.006817818863023008   15    5   11    6
 -0.0009465204694710032   15    5   12    5
 0.0006851370996865764   15    5   12   10
 -0.002027381999505377   15    5   13    2
 -0.007594047900214047   15    5   13    8
 -0.001488695245257988   15    5   13   11
 0.008856237961034345   15    5   15    5
 0.002231941124988043   15    6    5    2
 -0.003012951655592855   15    6    6    1
 0.005266065159908079   15    6    6    3
 -0.00622592826691686   15    6    8    5
 -0.002093539917106554   15    6   10    2
 -0.007727800714140751   15    6   10    8
 -0.007159001538003742   15    6   11    5
 -0.001492635575133643   15    6   11   10
 0.00136068887270877   15    6   12    6
 0.001359935390363414   15    6   13    1
 0.007317956124841173   15    6   13    3
 -0.004440353520785272   15    6   13   12
 0.008288114744211149   15    6   15    6
 0.002231941124988039   15    7    4    2
 -0.003012951655592851   15    7    7    1
 0.005266065159908087   15    7    7    3
 -0.006225928266916863   15    7    8    4
 -0.002093539917106556   15    7    9    2
 -0.007727800714140753   15    7    9    8
 -0.007159001538003744   15    7   11    4
 -0.001492635575133651   15    7   11    9
 0.001360688872708766   15    7   12    7
 0.001359935390363415   15    7   14    1
 0.007317956124841173   15    7   14    3
 -0.004440353520785266   15    7   14   12
 0.008288114744211152   15    7   15    7
 0.1011720473136528   15    8    2    1
 0.0172978386601815   15    8    3    2
 -0.08750572741132692   15    8    6    5
 -0.08750572741132695   15    8    7    4
 -0.02562799397414041   15    8    8    1
 0.09800142920453565   15    8    8    3
 -0.06222400675836583   15    8    9    7
 -0.06222400675836577   15    8   10    6
 0.02881940861594814   15    8   11    1
 0.05970170749794865   15    8   11    3
 0.05662135346389025   15    8   12    2
 -0.02733152138241907   15    8   12    8
 0.02391950133995902   15    8   12   11
 -0.05467429827349294   15    8   13    5
 -0.07517079664664418   15    8   13   10
 -0.05467429827349293   15    8   14    4
 -0.07517079664664419   15    8   14    9
 0.00943920534598908   15    8   15    2
 0.08193189126203899   15    8   15    8
 -0.0006576259380017345   15    9    4    1
 0.01444274034152604   15    9    4    3
 -0.002978888076055393   15    9    7    2
 -0.01339422423762016   15    9    8    7
 0.00272069340442109   15    9    9    1
 0.001397569264993647   15    9    9    3
 -0.002888466617203067   15    9   11    7
 0.001392764465973025   15    9   12    4
 -0.003155509864737374   15    9   12    9
 -0.0006357104325051792   15    9   14    2
 -0.003629900538163412   15    9   14    8
 -0.01099274806523417   15    9   14   11
 0.001521275540945502   15    9   15    4
 0.01533197533246214   15    9   15    9
 -0.0006576259380017342   15   10    5    1
 0.01444274034152604   15   10    5    3
 -0.002978888076055392   15   10    6    2
 -0.01339422423762016   15   10    8    6
 0.002720693404421092   15   10   10    1
 0.001397569264993647   15   10   10    3
 -0.002888466617203061   15   10   11    6
 0.001392764465973025   15   10   12    5
 -0.003155509864737374   15   10   12   10
 -0.000635710432505183   15   10   13    2
 -0.003629900538163416   15   10   13    8
 -0.01099274806523418   15   10   13   11
 0.0015212755409455   15   10   15    5
 0.01533197533246214   15   10   15   10
 0.1594875209516163   15   11    2    1
 0.07686225999283325   15   11    3    2
 -0.144980958907505   15   11    6    5
 -0.1449809589075051   15   11    7    4
 0.01515337377785804   15   11    8    1
 0.1587201544144181   15   11    8    3
 -0.06200368565719139   15   11    9    7
 -0.0620036856571913   15   11   10    6
 0.02910999262985923   15   11   11    1
 0.04477062091902077   15   11   11    3
 0.04638481969818148   15   11   12    2
 -0.03901836389467984   15   11   12    8
 0.09297756954161034   15   11   12   11
 -0.04629381183449514   15   11   13    5
 -0.1291851523757566   15   11   13   10
 -0.04629381183449512   15   11   14    4
 -0.1291851523757568   15   11   14    9
 0.01460936850880587   15   11   15    2
 0.06735781745074848   15   11   15    8
 0.1552830871501094   15   11   15   11
 -0.04606824820680713   15   12    1    1
 -0.02592511524730454   15   12    2    2
 0.05644726175897231   15   12    3    1
 -0.03578375871485539   15   12    3    3
 -0.03493794849873451   15   12    4    4
 -0.03493794849873451   15   12    5    5
 -0.03091709143103769   15   12    6    6
 -0.0309170914310377   15   12    7    7
 0.05437551236577153   15   12    8    2
 -0.04640503428232365   15   12    8    8
 -0.005706513648232463   15   12    9    4
 -0.03440483665602909   15   12    9    9
 -0.00570651364823247   15   12   10    5
 -0.03440483665602906   15   12   10   10
 0.004431866580657767   15   12   11    2
 -0.01675273888977284   15   12   11    8
 0.01843920985725047   15   12   11   11
 -0.008950732460698921   15   12   12    1
 -0.006247203816281152   15   12   12    3
 -0.04455289109474503   15   12   12   12
 -0.01287247083711711   15   12   13    6
 -0.02378928355716858   15   12   13   13
 -0.0128724708371171   15   12   14    7
 -0.02378928355716862   15   12   14   14
 0.009063502931495738   15   12   15    1
 -0.00238008022128623   15   12   15    3
 0.05307208505807354   15   12   15   12
 -0.008562130397866416   15   13    5    2
 0.007119154990389136   15   13    6    1
 0.01208131842865712   15   13    6    3
 -0.01074299984191224   15   13    8    5
 -0.001095632590069616   15   13   10    2
 -0.004083107440355142   15   13   10    8
 -0.001284898093191773   15   13   11    5
 -0.01298849054212353   15   13   11   10
 -0.003242795824645998   15   13   12    6
 -0.0008323920406196703   15   13   13    1
 0.002989060520526287   15   13   13    3
 0.006976906692512646   15   13   13   12
 0.003263186423863109   15   13   15    6
 0.01263627705528177   15   13   15   13
 -0.008562130397866416   15   14    4    2
 0.007119154990389137   15   14    7    1
 0.01208131842865711   15   14    7    3
 -0.01074299984191223   15   14    8    4
 -0.001095632590069611   15   14    9    2
 -0.004083107440355139   15   14    9    8
 -0.001284898093191769   15   14   11    4
 -0.01298849054212352   15   14   11    9
 -0.003242795824645997   15   14   12    7
 -0.0008323920406196769   15   14   14    1
 0.002989060520526277   15   14   14    3
 0.006976906692512651   15   14   14   12
 0.00326318642386311   15   14   15    7
 0.01263627705528176   15   14   15   14
 0.4057707678263084   15   15    1    1
 0.4056770621085184   15   15    2    2
 -0.007872872979915969   15   15    3    1
 0.4109005599613562   15   15    3    3
 0.3781256874264853   15   15    4    4
 0.3781256874264853   15   15    5    5
 0.3827127850257042   15   15    6    6
 0.3827127850257042   15   15    7    7
 -0.01350232650070112   15   15    8    2
 0.4215870138334394   15   15    8    8
 0.07310253195034729   15   15    9    4
 0.3606288477032616   15   15    9    9
 0.07310253195034719   15   15   10    5
 0.3606288477032615   15   15   10   10
 0.04773744575860903   15   15   11    2
 0.06711216923994399   15   15   11    8
 0.3562965762271759   15   15   11   11
 0.05869885363496122   15   15   12    1
 0.007101108320245411   15   15   12    3
 0.363057952019354   15   15   12   12
 0.07614877395918065   15   15   13    6
 0.3490826003799132   15   15   13   13
 0.07614877395918074   15   15   14    7
 0.3490826003799132   15   15   14   14
 0.009797471804702499   15   15   15    1
 0.07450749270263793   15   15   15    3
 -0.02879510615913379   15   15   15   12
 0.3927619418883774   15   15   15   15
 -0.04721055933439815   16    1    2    1
 -0.003322089334833585   16    1    3    2
 0.03938848499681684   16    1    6    5
 0.03938848499681686   16    1    7    4
 0.01747112272335401   16    1    8    1
 -0.04583648063281576   16    1    8    3
 0.03696261763231087   16    1    9    7
 0.03696261763231085   16    1   10    6
 -0.01010112141981057   16    1   11    1
 -0.02204261223497789   16    1   11    3
 -0.03264265320162433   16    1   12    2
 0.02331751732995215   16    1   12    8
 -0.01004410285710431   16    1   12   11
 0.03380907170491456   16    1   13    5
 0.03521986316294938   16    1   13   10
 0.03380907170491454   16    1   14    4
 0.03521986316294937   16    1   14    9
 0.003873156558063799   16    1   15    2
 -0.0382234388577132   16    1   15    8
 -0.03173000528489971   16    1   15   11
 0.02949139190237621   16    1   16    1
 -0.0468747116626766   16    2    1    1
 -0.04790822938639746   16    2    2    2
 0.003074745661804224   16    2    3    1
 -0.04222129031368731   16    2    3    3
 -0.03727383614008146   16    2    4    4
 -0.03727383614008146   16    2    5    5
 -0.04063109884266212   16    2    6    6
 -0.04063109884266215   16    2    7    7
 0.009731211474168642   16    2    8    2
 -0.05400783482131381   16    2    8    8
 -0.03441841905260594   16    2    9    4
 -0.03486809165154884   16    2    9    9
 -0.03441841905260595   16    2   10    5
 -0.03486809165154883   16    2   10   10
 -0.01371459771959434   16    2   11    2
 -0.01917183025612169   16    2   11    8
 -0.03258975574301203   16    2   11   11
 -0.03171713120558461   16    2   12    1
 0.009503667719260974   16    2   12    3
 -0.03152145521085718   16    2   12   12
 -0.03402853048831977   16    2   13    6
 -0.033305989844506   16    2   13   13
 -0.03402853048831975   16    2   14    7
 -0.03330598984450601   16    2   14   14
 0.007213267222899542   16    2   15    1
 -0.0303986510221415   16    2   15    3
 0.007711121389139665   16    2   15   12
 -0.04118785367705506   16    2   15   15
 0.02555688862497303   16    2   16    2
 0.0204597031657504   16    3    2    1
 -0.00912567452638563   16    3    3    2
 -0.01687960827581507   16    3    6    5
 -0.01687960827581507   16    3    7    4
 -0.01950604114929149   16    3    8    1
 0.0214860285686117   16    3    8    3
 -0.01852473869218583   16    3    9    7
 -0.01852473869218582   16    3   10    6
 0.001606641110652721   16    3   11    1
 0.0137043444598949   16    3   11    3
 0.01888715241624244   16    3   12    2
 -0.01675994277449189   16    3   12    8
 -0.003144092571576709   16    3   12   11
 -0.01737874115668458   16    3   13    5
 -0.0159422978137372   16    3   13   10
 -0.01737874115668458   16    3   14    4
 -0.01594229781373721   16    3   14    9
 -0.007517006173797793   16    3   15    2
 0.02697531821881145   16    3   15    8
 0.009861154517366057   16    3   15   11
 -0.01863186912830686   16    3   16    1
 0.0175106599938067   16    3   16    3
 -0.000373812766696534   16    4    4    2
 0.0005729052724084782   16    4    7    1
 -0.0005893222583274638   16    4    7    3
 0.001634324306019878   16    4    8    4
 -0.01118264711277712   16    4    9    2
 0.004978811213319792   16    4    9    8
 -0.005256629172857776   16    4   11    4
 0.002016843408890682   16    4   11    9
 0.01368845419949704   16    4   12    7
 0.01186003353818742   16    4   14    1
 -0.001586141943118707   16    4   14    3
 -0.002215039090501365   16    4   14   12
 -0.001164952285030197   16    4   15    7
 -0.003066024448138176   16    4   15   14
 0.01531337178385661   16    4   16    4
 -0.0003738127666965331   16    5    5    2
 0.0005729052724084727   16    5    6    1
 -0.0005893222583274632   16    5    6    3
 0.001634324306019877   16    5    8    5
 -0.01118264711277711   16    5   10    2
 0.004978811213319792   16    5   10    8
 -0.005256629172857775   16    5   11    5
 0.002016843408890679   16    5   11   10
 0.01368845419949704   16    5   12    6
 0.01186003353818742   16    5   13    1
 -0.001586141943118708   16    5   13    3
 -0.002215039090501364   16    5   13   12
 -0.001164952285030197   16    5   15    6
 -0.003066024448138173   16    5   15   13
 0.01531337178385661   16    5   16    5
 -0.003322491018513255   16    6    5    1
 0.001489465220314065   16    6    5    3
 0.001756603432188071   16    6    6    2
 0.001263820366854872   16    6    8    6
 0.01380269997613789   16    6   10    1
 -0.004506308312927709   16    6   10    3
 -0.006302055357694711   16    6   11    6
 0.01721130071968845   16    6   12    5
 -0.00690110695939784   16    6   12   10
 -0.01272607916144604   16    6   13    2
 0.004684981205108612   16    6   13    8
 0.004622184176516515   16    6   13   11
 -0.003099967737849761   16    6   15    5
 0.0004693768652053126   16    6   15   10
 0.01760716956390785   16    6   16    6
 -0.003322491018513238   16    7    4    1
 0.001489465220314064   16    7    4    3
 0.001756603432188049   16    7    7    2
 0.001263820366854879   16    7    8    7
 0.0138026999761379   16    7    9    1
 -0.004506308312927706   16    7    9    3
 -0.006302055357694711   16    7   11    7
 0.01721130071968845   16    7   12    4
 -0.006901106959397822   16    7   12    9
 -0.01272607916144605   16    7   14    2
 0.004684981205108612   16    7   14    8
 0.004622184176516508   16    7   14   11
 -0.00309996773784976   16    7   15    4
 0.0004693768652053097   16    7   15    9
 0.01760716956390785   16    7   16    7
 0.05437685261963375   16    8    1    1
 0.05058674356611818   16    8    2    2
 -0.01797156623258943   16    8    3    1
 0.04601590092165545   16    8    3    3
 0.04346594285481167   16    8    4    4
 0.04346594285481166   16    8    5    5
 0.04635855856150675   16    8    6    6
 0.04635855856150679   16    8    7    7
 -0.02559164532533638   16    8    8    2
 0.06414605204491156   16    8    8    8
 0.03340603345942077   16    8    9    4
 0.0412073495533037   16    8    9    9
 0.03340603345942074   16    8   10    5
 0.04120734955330364   16    8   10   10
 0.009721741414258418   16    8   11    2
 0.02544623059236449   16    8   11    8
 0.02583514788756168   16    8   11   11
 0.03445584184278457   16    8   12    1
 -0.01314592750808646   16    8   12    3
 0.03980041394710667   16    8   12   12
 0.03347662392223543   16    8   13    6
 0.03944467856617821   16    8   13   13
 0.03347662392223547   16    8   14    7
 0.03944467856617827   16    8   14   14
 -0.01421125026124061   16    8   15    1
 0.03604582382833692   16    8   15    3
 -0.0203683645786535   16    8   15   12
 0.04639380961776672   16    8   15   15
 -0.02678559847804913   16    8   16    2
 0.03737230699652078   16    8   16    8
 -0.03248842381750135   16    9    4    2
 0.0332380422962096   16    9    7    1
 -0.001310769617994928   16    9    7    3
 0.01054381877267074   16    9    8    4
 -0.01116547026535857   16    9    9    2
 0.00511152802131401   16    9    9    8
 -0.0004014936543320957   16    9   11    4
 -0.0121567029539619   16    9   11    9
 0.00464305591280548   16    9   12    7
 0.008595377280154862   16    9   14    1
 -0.001123294836757323   16    9   14    3
 0.02773906602244722   16    9   14   12
 -0.004150416301912313   16    9   15    7
 -0.0005027959530504547   16    9   15   14
 -0.003758859174203045   16    9   16    4
 0.02642209003673633   16    9   16    9
 -0.03248842381750135   16   10    5    2
 0.03323804229620959   16   10    6    1
 -0.001310769617994927   16   10    6    3
 0.01054381877267075   16   10    8    5
 -0.01116547026535857   16   10   10    2
 0.005111528021314008   16   10   10    8
 -0.0004014936543320988   16   10   11    5
 -0.01215670295396191   16   10   11   10
 0.004643055912805468   16   10   12    6
 0.008595377280154887   16   10   13    1
 -0.00112329483675732   16   10   13    3
 0.02773906602244724   16   10   13   12
 -0.004150416301912313   16   10   15    6
 -0.0005027959530504611   16   10   15   13
 -0.003758859174203055   16   10   16    5
 0.02642209003673637   16   10   16   10
 -0.0008107472089077533   16   11    1    1
 -0.00194741426846932   16   11    2    2
 -0.004022267066696172   16   11    3    1
 0.004846643135492581   16   11    3    3
 -0.00485599536569176   16   11    4    4
 -0.004855995365691724   16   11    5    5
 -0.004776598985378388   16   11    6    6
 -0.004776598985378424   16   11    7    7
 -0.003391857324767122   16   11    8    2
 0.009392678549495957   16   11    8    8
 0.003197882208154579   16   11    9    4
 -0.003108423515209888   16   11    9    9
 0.003197882208154579   16   11   10    5
 -0.003108423515209941   16   11   10   10
 -0.003172178268144408   16   11   11    2
 2.734997916879193e-05   16   11   11    8
 0.005739271348059424   16   11   11   11
 0.003950925003839813   16   11   12    1
 -0.006383907508553463   16   11   12    3
 0.0001088703995750282   16   11   12   12
 0.003513494735149638   16   11   13    6
 -0.003236575969503137   16   11   13   13
 0.003513494735149638   16   11   14    7
 -0.003236575969503066   16   11   14   14
 -0.005460772770047024   16   11   15    1
 0.003652620606784502   16   11   15    3
 -0.002207720452447937   16   11   15   12
 0.00837778804400512   16   11   15   15
 -0.006356211713238794   16   11   16    2
 0.007086268807584123   16   11   16    8
 0.007165818667905981   16   11   16   11
 -0.1188841665569889   16   12    2    1
 -0.009596305722623492   16   12    3    2
 0.1144156693773275   16   12    6    5
 0.1144156693773275   16   12    7    4
 0.03824165384549542   16   12    8    1
 -0.1045635294553454   16   12    8    3
 0.04883902151015274   16   12    9    7
 0.04883902151015266   16   12   10    6
 -0.01296684339600387   16   12   11    1
 -0.0349286960579566   16   12   11    3
 -0.04298566993816868   16   12   12    2
 0.03583120541660067   16   12   12    8
 -0.03865401142322633   16   12   12   11
 0.03788628800630211   16   12   13    5
 0.09851153928871058   16   12   13   10
 0.03788628800630209   16   12   14    4
 0.09851153928871051   16   12   14    9
 0.006429143766946766   16   12   15    2
 -0.05916284716972674   16   12   15    8
 -0.07167099660566836   16   12   15   11
 0.02554505643300502   16   12   16    1
 -0.01696297411586922   16   12   16    3
 0.08132130568243946   16   12   16   12
 0.04166480869125354   16   13    5    1
 -0.00499855968089265   16   13    5    3
 -0.04074262007604266   16   13    6    2
 0.01230894431329454   16   13    8    6
 0.006982821053688158   16   13   10    1
 0.004358196533168613   16   13   10    3
 0.001197490627049219   16   13   11    6
 -0.00284769648139887   16   13   12    5
 0.03934178546143798   16   13   12   10
 -0.007294289724016795   16   13   13    2
 0.005995944539640417   16   13   13    8
 -0.01756627976561953   16   13   13   11
 -0.001098316694270297   16   13   15    5
 -0.006349228191553543   16   13   15   10
 -0.007944129963867737   16   13   16    6
 0.03575227335283056   16   13   16   13
 0.04166480869125354   16   14    4    1
 -0.00499855968089265   16   14    4    3
 -0.04074262007604267   16   14    7    2
 0.01230894431329454   16   14    8    7
 0.00698282105368815   16   14    9    1
 0.004358196533168611   16   14    9    3
 0.001197490627049224   16   14   11    7
 -0.002847696481398882   16   14   12    4
 0.03934178546143797   16   14   12    9
 -0.007294289724016768   16   14   14    2
 0.005995944539640414   16   14   14    8
 -0.01756627976561953   16   14   14   11
 -0.001098316694270299   16   14   15    4
 -0.006349228191553537   16   14   15    9
 -0.007944129963867737   16   14   16    7
 0.03575227335283054   16   14   16   14
 0.06936978318415668   16   15    2    1
 -0.0002539107814738431   16   15    3    2
 -0.06262361939970494   16   15    6    5
 -0.062623619399705   16   15    7    4
 -0.02993257942299637   16   15    8    1
 0.07100910482640298   16   15    8    3
 -0.03284682616469657   16   15    9    7
 -0.03284682616469655   16   15   10    6
 0.004307270998613425   16   15   11    1
 0.02102910926889337   16   15   11    3
 0.02958567428127585   16   15   12    2
 -0.02987434549700523   16   15   12    8
 0.0200617685142752   16   15   12   11
 -0.02735343631030571   16   15   13    5
 -0.0556346846544234   16   15   13   10
 -0.02735343631030569   16   15   14    4
 -0.0556346846544235   16   15   14    9
 -0.009278787634725807   16   15   15    2
 0.04160701643773924   16   15   15    8
 0.04934585603403181   16   15   15   11
 -0.02371195595365077   16   15   16    1
 0.01604343577339611   16   15   16    3
 -0.04811147853975145   16   15   16   12
 0.03890501221049147   16   15   16   15
 0.3983305334233079   16   16    1    1
 0.3834635096331858   16   16    2    2
 -0.04894095681021509   16   16    3    1
 0.3780863625846594   16   16    3    3
 0.3775482661131022   16   16    4    4
 0.3775482661131023   16   16    5    5
 0.3783497732285514   16   16    6    6
 0.3783497732285515   16   16    7    7
 -0.05655499049860382   16   16    8    2
 0.3971071862036777   16   16    8    8
 0.05298182425914142   16   16    9    4
 0.3590530225413056   16   16    9    9
 0.05298182425914143   16   16   10    5
 0.3590530225413056   16   16   10   10
 0.02719516751150211   16   16   11    2
 0.05525341563132272   16   16   11    8
 0.2995737019839602   16   16   11   11
 0.04638877834271656   16   16   12    1
 0.007747682281067339   16   16   12    3
 0.3650393793747477   16   16   12   12
 0.05893798332243005   16   16   13    6
 0.3446785336898334   16   16   13   13
 0.05893798332243002   16   16   14    7
 0.3446785336898334   16   16   14   14
 -0.004007173014529534   16   16   15    1
 0.05083762919439411   16   16   15    3
 -0.06007043569796985   16   16   15   12
 0.357248229182935   16   16   15   15
 -0.02819665248353434   16   16   16    2
 0.04384989109883285   16   16   16    8
 0.0003167946056021063   16   16   16   11
 0.3820282486141079   16   16   16   16
 -4.620178968392882    1    1  0  0
 -4.548149578103867    2    2  0  0
 0.1582976380558071    3    1  0  0
 -4.086545355896984    3    3  0  0
 -3.975357457962494    4    4  0  0
 -3.975357457962495    5    5  0  0
 -3.988793802980737    6    6  0  0
 -3.988793802980738    7    7  0  0
 0.2596242687006699    8    2  0  0
 -4.087220206909527    8    8  0  0
 -0.7152202208317516    9    4  0  0
 -2.906716731770349    9    9  0  0
 -0.7152202208317512   10    5  0  0
 -2.90671673177035   10   10  0  0
 -0.401203728153479   11    2  0  0
 -0.6199167056963791   11    8  0  0
 -2.550632804678295   11   11  0  0
 -0.5180791466532215   12    1  0  0
 -0.0661329746349672   12    3  0  0
 -3.040903379473407e-15   12   11  0  0
 -2.814078196190192   12   12  0  0
 -0.749472989597766   13    6  0  0
 -2.683887048952753   13   13  0  0
 -0.7494729895977661   14    7  0  0
 -2.683887048952751   14   14  0  0
 -0.05809620188147009   15    1  0  0
 -0.6496416444741102   15    3  0  0
 0.3510173749251773   15   12  0  0
 -2.875763443062997   15   15  0  0
 0.3181119551612102   16    2  0  0
 -0.4238657542558902   16    8  0  0
 -0.005377614878688882   16   11  0  0
 5.063791151768489e-15   16   12  0  0
 1.439556316350926e-15   16   15  0  0
 -2.422586155702415   16   16  0  0
 -83.72003772386121  0  0  0  0
