 &FCI NORB=  16,NELEC=10,MS2=0,
  ORBSYM=1,1,1,1,1,1,1,1,1,1,1,1,1,1,1,1
  ISYM=1,
 &END
 0.597735748592128    1    1    1    1
 0.1316753333297455    2    1    2    1
 0.4917980602567187    2    2    1    1
 0.5036697392097887    2    2    2    2
 -0.08735932136367947    3    1    1    1
 0.002102823422030167    3    1    2    2
 0.06953843197541508    3    1    3    1
 0.1074972919023895    3    2    2    1
 0.1472374401583164    3    2    3    2
 0.5003535538373799    3    3    1    1
 0.5020389241758463    3    3    2    2
 -0.01066229622016744    3    3    3    1
 0.5249674778714862    3    3    3    3
 0.07682673807478632    4    1    4    1
 0.05509750613133172    4    2    4    2
 0.007581032305502194    4    3    4    1
 0.02116384044323075    4    3    4    3
 0.5051389602937578    4    4    1    1
 0.4628686419719307    4    4    2    2
 -0.03494492227587966    4    4    3    1
 0.4537919461112545    4    4    3    3
 0.4798178540461173    4    4    4    4
 0.07682673807478632    5    1    5    1
 0.05509750613133172    5    2    5    2
 0.007581032305502194    5    3    5    1
 0.02116384044323075    5    3    5    3
 0.01776490348367676    5    4    5    4
 0.5051389602937578    5    5    1    1
 0.4628686419719308    5    5    2    2
 -0.03494492227587965    5    5    3    1
 0.4537919461112545    5    5    3    3
 0.4442880470787638    5    5    4    4
 0.4798178540461173    5    5    5    5
 -0.05099775850319673    6    1    5    2
 0.05013001650564629    6    1    6    1
 -0.0695231221223413    6    2    5    1
 -0.02240443789657031    6    2    5    3
 0.07529769377600304    6    2    6    2
 -0.02656797921366163    6    3    5    2
 0.01870383805867525    6    3    6    1
 0.02481041108332238    6    3    6    3
 0.01560633913111281    6    4    6    4
 -0.1449105728919679    6    5    2    1
 -0.1179146584175938    6    5    3    2
 0.1802825499002821    6    5    6    5
 0.4948823493079014    6    6    1    1
 0.4731876358321506    6    6    2    2
 -0.02010280725331035    6    6    3    1
 0.4615415570873749    6    6    3    3
 0.4430560281238987    6    6    4    4
 0.4781117732052619    6    6    5    5
 0.4840418176387099    6    6    6    6
 -0.05099775850319674    7    1    4    2
 0.05013001650564626    7    1    7    1
 -0.0695231221223413    7    2    4    1
 -0.02240443789657031    7    2    4    3
 0.07529769377600302    7    2    7    2
 -0.02656797921366163    7    3    4    2
 0.01870383805867525    7    3    7    1
 0.02481041108332238    7    3    7    3
 -0.1449105728919678    7    4    2    1
 -0.1179146584175938    7    4    3    2
 0.1490698716380565    7    4    6    5
 0.180282549900282    7    4    7    4
 0.01560633913111281    7    5    6    4
 0.01560633913111281    7    5    7    5
 0.01752787254068157    7    6    5    4
 0.0185694068644364    7    6    7    6
 0.4948823493079013    7    7    1    1
 0.4731876358321506    7    7    2    2
 -0.02010280725331035    7    7    3    1
 0.4615415570873749    7    7    3    3
 0.4781117732052618    7    7    4    4
 0.4430560281238987    7    7    5    5
 0.4469030039098371    7    7    6    6
 0.4840418176387097    7    7    7    7
 -0.06973581675730579    8    1    2    1
 -0.007045955416677044    8    1    3    2
 0.07402166951664138    8    1    6    5
 0.07402166951664137    8    1    7    4
 0.08347005653019138    8    1    8    1
 -0.08561773421091824    8    2    1    1
 -0.01293958831396703    8    2    2    2
 0.05339063649937667    8    2    3    1
 -0.004207383900065784    8    2    3    3
 -0.05048000673824862    8    2    4    4
 -0.05048000673824862    8    2    5    5
 -0.04026126289181363    8    2    6    6
 -0.0402612628918136    8    2    7    7
 0.05827457585008742    8    2    8    2
 0.1156094010535132    8    3    2    1
 0.1122353287083842    8    3    3    2
 -0.1210157020789306    8    3    6    5
 -0.1210157020789306    8    3    7    4
 -0.05550631136754886    8    3    8    1
 0.1297277161044813    8    3    8    3
 -0.0172721274072119    8    4    4    2
 0.02276378847779737    8    4    7    1
 -0.005564717675638022    8    4    7    3
 0.0215590731691155    8    4    8    4
 -0.0172721274072119    8    5    5    2
 0.02276378847779737    8    5    6    1
 -0.005564717675638026    8    5    6    3
 0.02155907316911549    8    5    8    5
 0.03241909409103793    8    6    5    1
 -0.009430648959101132    8    6    5    3
 -0.02089878351414455    8    6    6    2
 0.02515604316927493    8    6    8    6
 0.03241909409103792    8    7    4    1
 -0.009430648959101132    8    7    4    3
 -0.02089878351414453    8    7    7    2
 0.02515604316927493    8    7    8    7
 0.5366030454272469    8    8    1    1
 0.4738495390179972    8    8    2    2
 -0.05818507849222145    8    8    3    1
 0.4922723850029331    8    8    3    3
 0.4622731739379143    8    8    4    4
 0.4622731739379143    8    8    5    5
 0.4610843832838989    8    8    6    6
 0.461084383283899    8    8    7    7
 -0.05184055652183474    8    8    8    2
 0.5158472221069378    8    8    8    8
 -0.005581239800622112    9    1    2    1
 0.01752422801433052    9    1    3    2
 0.004404808979779936    9    1    6    5
 0.004404808979779947    9    1    7    4
 0.02532419266924092    9    1    8    1
 -0.01015122562836042    9    1    8    3
 0.01669164135594411    9    1    9    1
 0.03637142208935572    9    2    1    1
 0.06743108902116522    9    2    2    2
 0.02150548572065811    9    2    3    1
 0.06532176883198323    9    2    3    3
 0.04409619851444486    9    2    4    4
 0.04409619851444485    9    2    5    5
 0.05003896930250223    9    2    6    6
 0.05003896930250221    9    2    7    7
 0.0127259127812886    9    2    8    2
 0.03495228635795594    9    2    8    8
 0.03900701124632484    9    2    9    2
 0.07384050734989266    9    3    2    1
 0.06290025345229257    9    3    3    2
 -0.07557243024443315    9    3    6    5
 -0.07557243024443312    9    3    7    4
 -0.04468496732837449    9    3    8    1
 0.06963893692239073    9    3    8    3
 0.002796625217217021    9    3    9    1
 0.08277435016710089    9    3    9    3
 0.005439450281107283    9    4    4    2
 -0.002301397854946922    9    4    7    1
 -0.007365428442324364    9    4    7    3
 0.003341557589512694    9    4    8    4
 0.008008612248438053    9    4    9    4
 0.005439450281107286    9    5    5    2
 -0.002301397854946925    9    5    6    1
 -0.007365428442324368    9    5    6    3
 0.003341557589512697    9    5    8    5
 0.00800861224843805    9    5    9    5
 0.0001345694963650566    9    6    5    1
 -0.007387266459571375    9    6    5    3
 0.00520686274426935    9    6    6    2
 0.003406417203639274    9    6    8    6
 0.01048227864909157    9    6    9    6
 0.0001345694963650667    9    7    4    1
 -0.007387266459571368    9    7    4    3
 0.005206862744269332    9    7    7    2
 0.003406417203639262    9    7    8    7
 0.01048227864909158    9    7    9    7
 0.1366476856286192    9    8    1    1
 0.0968180500857125    9    8    2    2
 -0.03594714610377531    9    8    3    1
 0.1053453634608551    9    8    3    3
 0.09789965419064783    9    8    4    4
 0.09789965419064782    9    8    5    5
 0.09515238548070816    9    8    6    6
 0.09515238548070805    9    8    7    7
 -0.03552541972562277    9    8    8    2
 0.1164007421508442    9    8    8    8
 0.02906141363726399    9    8    9    2
 0.0806701687807153    9    8    9    8
 0.4056150956076855    9    9    1    1
 0.4206366530487261    9    9    2    2
 0.001766874496604129    9    9    3    1
 0.4379112068944282    9    9    3    3
 0.3798598797886557    9    9    4    4
 0.3798598797886556    9    9    5    5
 0.3901282238743681    9    9    6    6
 0.3901282238743681    9    9    7    7
 0.005425331311824288    9    9    8    2
 0.4182084108139216    9    9    8    8
 0.04373420649694067    9    9    9    2
 0.06376357072959488    9    9    9    8
 0.4008906612193391    9    9    9    9
 0.01817569468585608   10    1    4    1
 0.004594769528445206   10    1    4    3
 -0.02085770661891062   10    1    7    2
 0.01074520529994348   10    1    8    7
 -0.004425245935413553   10    1    9    7
 0.01996794883008291   10    1   10    1
 0.02587151606600731   10    2    4    2
 -0.02434942509877442   10    2    7    1
 -0.01128244323738539   10    2    7    3
 -0.009756725435784571   10    2    8    4
 0.007359021716643401   10    2    9    4
 0.02213140605860547   10    2   10    2
 0.007023109952634732   10    3    4    1
 0.008814632337950755   10    3    4    3
 -0.01181639607075073   10    3    7    2
 -0.002244637477530887   10    3    8    7
 -0.009348264117769876   10    3    9    7
 0.00404556569379655   10    3   10    1
 0.009776972758137275   10    3   10    3
 0.1011100742635883   10    4    1    1
 0.1003350434773975   10    4    2    2
 -0.004878609348510888   10    4    3    1
 0.09762619678351665   10    4    3    3
 0.08691385084231792   10    4    4    4
 0.08130276140049757   10    4    5    5
 0.08795992539392113   10    4    6    6
 0.09714404548411591   10    4    7    7
 -0.01498943125950158   10    4    8    2
 0.0978668538796573   10    4    8    8
 0.02925818112641234   10    4    9    2
 0.04891516674878517   10    4    9    8
 0.07537296797326878   10    4    9    9
 0.07188362951379906   10    4   10    4
 0.002805544720910174   10    5    5    4
 0.004592060045097425   10    5    7    6
 0.008495507980229067   10    5   10    5
 0.005995193729615242   10    6    6    4
 0.005995193729615237   10    6    7    5
 0.007858114405786541   10    6   10    6
 -0.07569179669712887   10    7    2    1
 -0.05476649687297923   10    7    3    2
 0.07575054419262915   10    7    6    5
 0.08774093165185956   10    7    7    4
 0.04797244617456069   10    7    8    1
 -0.06250931549309147   10    7    8    3
 0.0007516403665544913   10    7    9    1
 -0.06116166356952959   10    7    9    3
 0.07522027627248236   10    7   10    7
 -0.01163195646927399   10    8    4    2
 0.01460070744256182   10    8    7    1
 -0.001466292947782111   10    8    7    3
 0.01154967806468376   10    8    8    4
 0.004610271516059724   10    8    9    4
 -0.007196192271987595   10    8   10    2
 0.01154242542816053   10    8   10    8
 0.01628016198873717   10    9    4    2
 -0.01102877322206681   10    9    7    1
 -0.01606138060389236   10    9    7    3
 0.004498792268088257   10    9    8    4
 0.004856353211725437   10    9    9    4
 0.006767997893815646   10    9   10    2
 0.001536392982425579   10    9   10    8
 0.01319914487805571   10    9   10    9
 0.4560079544962454   10   10    1    1
 0.4262488700657138   10   10    2    2
 -0.025776812793693   10   10    3    1
 0.4186693389265015   10   10    3    3
 0.4391474687651329   10   10    4    4
 0.4103652852749487   10   10    5    5
 0.4106794137375607   10   10    6    6
 0.4388011666599563   10   10    7    7
 -0.0409044843238976   10   10    8    2
 0.4246745940316117   10   10    8    8
 0.04273608687400515   10   10    9    2
 0.08857430051711562   10   10    9    8
 0.3612413006811834   10   10    9    9
 0.07737320528537009   10   10   10    4
 0.4216415532710369   10   10   10   10
 0.01817569468585608   11    1    5    1
 0.004594769528445206   11    1    5    3
 -0.02085770661891063   11    1    6    2
 0.01074520529994349   11    1    8    6
 -0.004425245935413552   11    1    9    6
 0.01996794883008291   11    1   11    1
 0.02587151606600731   11    2    5    2
 -0.02434942509877442   11    2    6    1
 -0.01128244323738539   11    2    6    3
 -0.009756725435784572   11    2    8    5
 0.007359021716643406   11    2    9    5
 0.02213140605860547   11    2   11    2
 0.007023109952634733   11    3    5    1
 0.008814632337950755   11    3    5    3
 -0.01181639607075073   11    3    6    2
 -0.00224463747753089   11    3    8    6
 -0.009348264117769877   11    3    9    6
 0.004045565693796551   11    3   11    1
 0.009776972758137275   11    3   11    3
 0.002805544720910174   11    4    5    4
 0.004592060045097425   11    4    7    6
 0.008495507980229067   11    4   10    5
 0.008495507980229067   11    4   11    4
 0.1011100742635883   11    5    1    1
 0.1003350434773975   11    5    2    2
 -0.004878609348510888   11    5    3    1
 0.09762619678351664   11    5    3    3
 0.08130276140049758   11    5    4    4
 0.0869138508423179   11    5    5    5
 0.09714404548411595   11    5    6    6
 0.08795992539392108   11    5    7    7
 -0.01498943125950156   11    5    8    2
 0.09786685387965738   11    5    8    8
 0.02925818112641232   11    5    9    2
 0.0489151667487851   11    5    9    8
 0.07537296797326876   11    5    9    9
 0.05489261355334091   11    5   10    4
 0.07456460164528136   11    5   10   10
 0.07188362951379905   11    5   11    5
 -0.07569179669712892   11    6    2    1
 -0.05476649687297928   11    6    3    2
 0.08774093165185966   11    6    6    5
 0.07575054419262919   11    6    7    4
 0.04797244617456072   11    6    8    1
 -0.06250931549309152   11    6    8    3
 0.0007516403665544788   11    6    9    1
 -0.06116166356952957   11    6    9    3
 0.05950404746090936   11    6   10    7
 0.07522027627248241   11    6   11    6
 0.005995193729615235   11    7    6    4
 0.005995193729615231   11    7    7    5
 0.007858114405786541   11    7   10    6
 0.007858114405786539   11    7   11    7
 -0.01163195646927399   11    8    5    2
 0.01460070744256182   11    8    6    1
 -0.001466292947782112   11    8    6    3
 0.01154967806468376   11    8    8    5
 0.004610271516059722   11    8    9    5
 -0.007196192271987601   11    8   11    2
 0.01154242542816054   11    8   11    8
 0.01628016198873717   11    9    5    2
 -0.01102877322206681   11    9    6    1
 -0.01606138060389237   11    9    6    3
 0.00449879226808826   11    9    8    5
 0.004856353211725437   11    9    9    5
 0.00676799789381565   11    9   11    2
 0.001536392982425575   11    9   11    8
 0.01319914487805573   11    9   11    9
 0.01439109174509209   11   10    5    4
 0.01406087646119784   11   10    7    6
 0.001404301820044395   11   10   10    5
 0.001404301820044396   11   10   11    4
 0.01563034062726705   11   10   11   10
 0.4560079544962454   11   11    1    1
 0.4262488700657138   11   11    2    2
 -0.02577681279369298   11   11    3    1
 0.4186693389265015   11   11    3    3
 0.4103652852749487   11   11    4    4
 0.4391474687651329   11   11    5    5
 0.4388011666599563   11   11    6    6
 0.4106794137375607   11   11    7    7
 -0.04090448432389761   11   11    8    2
 0.4246745940316119   11   11    8    8
 0.04273608687400513   11   11    9    2
 0.08857430051711521   11   11    9    8
 0.3612413006811835   11   11    9    9
 0.07456460164528135   11   11   10    4
 0.3903808720165028   11   11   10   10
 0.07737320528537006   11   11   11    5
 0.4216415532710368   11   11   11   11
 -0.04155580198921108   12    1    1    1
 -0.05083422239587163   12    1    2    2
 -0.005561995165443575   12    1    3    1
 -0.04732854759492482   12    1    3    3
 -0.03900595195913524   12    1    4    4
 -0.03900595195913525   12    1    5    5
 -0.0431659246725799   12    1    6    6
 -0.04316592467257987   12    1    7    7
 0.001903778339818715   12    1    8    2
 -0.03892090274132307   12    1    8    8
 -0.02136007521621647   12    1    9    2
 -0.02327333495725288   12    1    9    8
 -0.03409159232586851   12    1    9    9
 -0.028630590516231   12    1   10    4
 -0.03617402441569834   12    1   10   10
 -0.028630590516231   12    1   11    5
 -0.03617402441569836   12    1   11   11
 0.01623945187154712   12    1   12    1
 -0.05491472089904847   12    2    2    1
 -0.05360247525921975   12    2    3    2
 0.0569633004805703   12    2    6    5
 0.05696330048057029   12    2    7    4
 0.02418417622952545   12    2    8    1
 -0.04585637378793828   12    2    8    3
 -0.01009072351237635   12    2    9    1
 -0.06120427244900802   12    2    9    3
 0.05054904233736155   12    2   10    7
 0.05054904233736156   12    2   11    6
 0.05200583104190729   12    2   12    2
 -0.08218275349367343   12    3    1    1
 -0.09066986230858665   12    3    2    2
 -0.002354561933972723   12    3    3    1
 -0.0936726692124444   12    3    3    3
 -0.07215931780944046   12    3    4    4
 -0.07215931780944045   12    3    5    5
 -0.07534757382058098   12    3    6    6
 -0.07534757382058094   12    3    7    7
 0.003284881237195973   12    3    8    2
 -0.0734842077973982   12    3    8    8
 -0.04349778839237936   12    3    9    2
 -0.05485911047995035   12    3    9    8
 -0.06165774751703866   12    3    9    9
 -0.04340229000014469   12    3   10    4
 -0.06815375668001321   12    3   10   10
 -0.04340229000014467   12    3   11    5
 -0.06815375668001314   12    3   11   11
 0.02687090924265836   12    3   12    1
 0.05768152976947664   12    3   12    3
 -0.004503885804731553   12    4    4    1
 -0.004488743924576721   12    4    4    3
 0.008043105184780828   12    4    7    2
 -0.002674183706061777   12    4    8    7
 0.009473976368572914   12    4    9    7
 -0.01255734276425128   12    4   10    1
 -0.008038529781229153   12    4   10    3
 0.01349456213610488   12    4   12    4
 -0.004503885804731552   12    5    5    1
 -0.004488743924576722   12    5    5    3
 0.008043105184780837   12    5    6    2
 -0.002674183706061779   12    5    8    6
 0.009473976368572916   12    5    9    6
 -0.01255734276425128   12    5   11    1
 -0.008038529781229153   12    5   11    3
 0.01349456213610489   12    5   12    5
 0.01086329353467965   12    6    5    2
 -0.009885569217946307   12    6    6    1
 -0.004721306347101868   12    6    6    3
 -0.004493102258230458   12    6    8    5
 0.008768199215235388   12    6    9    5
 0.01618337049351954   12    6   11    2
 -0.001097566503192859   12    6   11    8
 0.002644726012921453   12    6   11    9
 0.01603029949212328   12    6   12    6
 0.01086329353467963   12    7    4    2
 -0.009885569217946281   12    7    7    1
 -0.004721306347101847   12    7    7    3
 -0.004493102258230454   12    7    8    4
 0.008768199215235382   12    7    9    4
 0.01618337049351954   12    7   10    2
 -0.001097566503192858   12    7   10    8
 0.002644726012921445   12    7   10    9
 0.01603029949212329   12    7   12    7
 0.004790002935214314   12    8    2    1
 0.00496564322518235   12    8    3    2
 -0.007970666804015503   12    8    6    5
 -0.007970666804015477   12    8    7    4
 0.001854971799699369   12    8    8    1
 0.007697032103964464   12    8    8    3
 -0.006750521726822938   12    8    9    1
 -0.02780155645614917   12    8    9    3
 0.008954028675499503   12    8   10    7
 0.008954028675499518   12    8   11    6
 0.02074818062643576   12    8   12    2
 0.02620087432616958   12    8   12    8
 -0.113980221394264   12    9    2    1
 -0.1388692113714713   12    9    3    2
 0.1260613319513866   12    9    6    5
 0.1260613319513866   12    9    7    4
 0.02500223000126049   12    9    8    1
 -0.1268653334531208   12    9    8    3
 -0.003544193012607334   12    9    9    1
 -0.05483721494041292   12    9    9    3
 0.05501226698629381   12    9   10    7
 0.05501226698629386   12    9   11    6
 0.04269776126112033   12    9   12    2
 -0.02056834413034368   12    9   12    8
 0.1619991717913991   12    9   12    9
 -0.03799735443065078   12   10    4    1
 -0.01568572982202096   12   10    4    3
 0.04309072271071118   12   10    7    2
 -0.007521093657920435   12   10    8    7
 0.002414140958304596   12   10    9    7
 -0.007947473454602831   12   10   10    1
 -0.007456774302107644   12   10   10    3
 0.001869606428620338   12   10   12    4
 0.03080959843277103   12   10   12   10
 -0.03799735443065078   12   11    5    1
 -0.01568572982202096   12   11    5    3
 0.04309072271071118   12   11    6    2
 -0.007521093657920449   12   11    8    6
 0.002414140958304612   12   11    9    6
 -0.007947473454602826   12   11   11    1
 -0.007456774302107647   12   11   11    3
 0.00186960642862034   12   11   12    5
 0.03080959843277101   12   11   12   11
 0.3760831404981414   12   12    1    1
 0.4076595925457753   12   12    2    2
 0.01774181015605866   12   12    3    1
 0.4142561593065063   12   12    3    3
 0.3676875892568752   12   12    4    4
 0.3676875892568752   12   12    5    5
 0.3789134249028521   12   12    6    6
 0.3789134249028521   12   12    7    7
 0.01364585813811075   12   12    8    2
 0.3838709515918327   12   12    8    8
 0.04397219737547546   12   12    9    2
 0.0463554748567493   12   12    9    8
 0.3781964281053784   12   12    9    9
 0.06221807662115501   12   12   10    4
 0.3503154869727294   12   12   10   10
 0.06221807662115507   12   12   11    5
 0.3503154869727295   12   12   11   11
 -0.03087322200996121   12   12   12    1
 -0.05378513894211807   12   12   12    3
 0.3686270884409706   12   12   12   12
 -0.01949817535432893   13    1    5    2
 0.02118951745521255   13    1    6    1
 0.002947441336163294   13    1    6    3
 0.01367037237423744   13    1    8    5
 -0.002578036797907005   13    1    9    5
 -0.01781207714145994   13    1   11    2
 0.01005166355582594   13    1   11    8
 -0.00122836415347792   13    1   11    9
 -0.01234037821784277   13    1   12    6
 0.01732860264354137   13    1   13    1
 -0.01910041432193971   13    2    5    1
 -0.00352826492450011   13    2    5    3
 0.0197936683870772   13    2    6    2
 -0.01095695097872507   13    2    8    6
 0.008260722197249179   13    2    9    6
 -0.01773061925414992   13    2   11    1
 -0.008042482620564149   13    2   11    3
 0.0147966170955937   13    2   12    5
 0.007946945195682991   13    2   12   11
 0.01967467013189697   13    2   13    2
 -0.001310265849480301   13    3    5    2
 -0.001141230844556378   13    3    6    1
 0.004473568963405398   13    3    6    3
 -0.003546012358912358   13    3    8    5
 -0.008337691468680779   13    3    9    5
 -0.006975571907075284   13    3   11    2
 -0.005264977896397994   13    3   11    8
 -0.003296580085495607   13    3   11    9
 -0.009868271731131422   13    3   12    6
 0.002678320466822308   13    3   13    1
 0.009353229152766148   13    3   13    3
 0.004174499908194338   13    4    6    4
 0.004174499908194335   13    4    7    5
 0.007063311015410509   13    4   10    6
 0.007063311015410507   13    4   11    7
 0.006662283142059032   13    4   13    4
 -0.05640130834332199   13    5    2    1
 -0.03370361235324101   13    5    3    2
 0.06375346490166409   13    5    6    5
 0.05540446508527536   13    5    7    4
 0.04282060311206976   13    5    8    1
 -0.04531718313044039   13    5    8    3
 0.002081629423550304   13    5    9    1
 -0.05106026839860692   13    5    9    3
 0.04939475618964558   13    5   10    7
 0.06352137822046662   13    5   11    6
 0.04223830712580519   13    5   12    2
 0.01044517420625039   13    5   12    8
 0.03412158518300583   13    5   12    9
 0.05593360306682732   13    5   13    5
 0.1197274812220978   13    6    1    1
 0.1025509783946884   13    6    2    2
 -0.01671333710015774   13    6    3    1
 0.09998318071553612   13    6    3    3
 0.09208017157777908   13    6    4    4
 0.09950703378399028   13    6    5    5
 0.1034353117147865   13    6    6    6
 0.09475840165628817   13    6    7    7
 -0.02581179164897872   13    6    8    2
 0.1075788578562542   13    6    8    8
 0.02927909524534904   13    6    9    2
 0.05759008099502964   13    6    9    8
 0.07307358189180393   13    6    9    9
 0.05488819960594813   13    6   10    4
 0.08461910532561344   13    6   10   10
 0.07004235942571892   13    6   11    5
 0.09014206882741382   13    6   11   11
 -0.02889730441352306   13    6   12    1
 -0.04743527717107328   13    6   12    3
 0.05835500435600451   13    6   12   12
 0.07544195986336398   13    6   13    6
 0.003713431103105583   13    7    5    4
 0.004338455029249069   13    7    7    6
 0.00757707990988539   13    7   10    5
 0.00757707990988539   13    7   11    4
 0.002761481750900185   13    7   11   10
 0.008063646817815476   13    7   13    7
 0.02361929680736588   13    8    5    1
 -0.00115570669109501   13    8    5    3
 -0.02012226381109025   13    8    6    2
 0.01340819925402847   13    8    8    6
 0.006166114724293888   13    8    9    6
 0.01047569235130719   13    8   11    1
 -0.003773808661882005   13    8   11    3
 5.10323797089325e-05   13    8   12    5
 -0.01025073890331417   13    8   12   11
 -0.006398175858898265   13    8   13    2
 0.01527860835481711   13    8   13    8
 -0.01344903899645179   13    9    5    1
 -0.01551208662300144   13    9    5    3
 0.02222984977324674   13    9    6    2
 0.005829462348585541   13    9    8    6
 0.002120005663197895   13    9    9    6
 -0.000962459449526094   13    9   11    1
 -0.0056255718898087   13    9   11    3
 -0.0005780286644476764   13    9   12    5
 0.01959367400304447   13    9   12   11
 0.0001807084295496118   13    9   13    2
 -0.002572322099517587   13    9   13    8
 0.01866522773769543   13    9   13    9
 0.01100410250019133   13   10    6    4
 0.01100410250019133   13   10    7    5
 0.004129355573084484   13   10   10    6
 0.004129355573084479   13   10   11    7
 0.002684261697820796   13   10   13    4
 0.01071277115444172   13   10   13   10
 -0.118175463736332   13   11    2    1
 -0.09777182954497821   13   11    3    2
 0.1467962358771102   13   11    6    5
 0.1247880308767275   13   11    7    4
 0.06099096470034149   13   11    8    1
 -0.1034562141282076   13   11    8    3
 0.005344999955967066   13   11    9    1
 -0.06432818624455874   13   11    9    3
 0.06548430095037806   13   11   10    7
 0.073743012096547   13   11   11    6
 0.04755628625598114   13   11   12    2
 -0.007523345763783507   13   11   12    8
 0.1131539756805669   13   11   12    9
 0.05337861379940521   13   11   13    5
 0.1334572896238328   13   11   13   11
 0.03426319729339327   13   12    5    2
 -0.02925091863914149   13   12    6    1
 -0.02206052734800355   13   12    6    3
 -0.003998674482876381   13   12    8    5
 0.001762889260407794   13   12    9    5
 0.01182924878549706   13   12   11    2
 -0.006077085253767406   13   12   11    8
 0.01737487060456841   13   12   11    9
 0.0006023622582530336   13   12   12    6
 -0.006680731877903597   13   12   13    1
 0.001707391785337909   13   12   13    3
 0.03211649972016965   13   12   13   12
 0.4244206767007406   13   13    1    1
 0.407469760924393   13   13    2    2
 -0.01655573395500275   13   13    3    1
 0.4014759685270299   13   13    3    3
 0.3867779326919195   13   13    4    4
 0.41177806487417   13   13    5    5
 0.4171581106687655   13   13    6    6
 0.3905095779731662   13   13    7    7
 -0.03000916688305112   13   13    8    2
 0.4039655470678621   13   13    8    8
 0.03592511429927617   13   13    9    2
 0.07338841510753066   13   13    9    8
 0.3545583900878542   13   13    9    9
 0.06882268743593832   13   13   10    4
 0.368314159053482   13   13   10   10
 0.0722541121388663   13   13   11    5
 0.3949267327705845   13   13   11   11
 -0.03161091854225513   13   13   12    1
 -0.05611234112711949   13   13   12    3
 0.3453975534633105   13   13   12   12
 0.0762411662427628   13   13   13    6
 0.3814535750427475   13   13   13   13
 -0.01949817535432896   14    1    4    2
 0.02118951745521258   14    1    7    1
 0.002947441336163307   14    1    7    3
 0.01367037237423746   14    1    8    4
 -0.002578036797907004   14    1    9    4
 -0.01781207714145995   14    1   10    2
 0.01005166355582594   14    1   10    8
 -0.001228364153477924   14    1   10    9
 -0.01234037821784278   14    1   12    7
 0.0173286026435414   14    1   14    1
 -0.01910041432193976   14    2    4    1
 -0.003528264924500123   14    2    4    3
 0.01979366838707724   14    2    7    2
 -0.01095695097872508   14    2    8    7
 0.008260722197249173   14    2    9    7
 -0.01773061925414994   14    2   10    1
 -0.008042482620564156   14    2   10    3
 0.01479661709559371   14    2   12    4
 0.007946945195683022   14    2   12   10
 0.019674670131897   14    2   14    2
 -0.001310265849480318   14    3    4    2
 -0.001141230844556368   14    3    7    1
 0.004473568963405408   14    3    7    3
 -0.003546012358912361   14    3    8    4
 -0.008337691468680785   14    3    9    4
 -0.006975571907075287   14    3   10    2
 -0.005264977896398   14    3   10    8
 -0.003296580085495618   14    3   10    9
 -0.009868271731131424   14    3   12    7
 0.002678320466822306   14    3   14    1
 0.009353229152766155   14    3   14    3
 -0.05640130834332206   14    4    2    1
 -0.03370361235324108   14    4    3    2
 0.05540446508527547   14    4    6    5
 0.06375346490166416   14    4    7    4
 0.04282060311206978   14    4    8    1
 -0.04531718313044049   14    4    8    3
 0.002081629423550337   14    4    9    1
 -0.05106026839860695   14    4    9    3
 0.06352137822046668   14    4   10    7
 0.04939475618964564   14    4   11    6
 0.04223830712580525   14    4   12    2
 0.01044517420625031   14    4   12    8
 0.03412158518300601   14    4   12    9
 0.04260903678270931   14    4   13    5
 0.04801009040376376   14    4   13   11
 0.05593360306682744   14    4   14    4
 0.004174499908194349   14    5    6    4
 0.004174499908194344   14    5    7    5
 0.007063311015410513   14    5   10    6
 0.007063311015410513   14    5   11    7
 0.006662283142059035   14    5   13    4
 0.002684261697820801   14    5   13   10
 0.006662283142059038   14    5   14    5
 0.003713431103105603   14    6    5    4
 0.00433845502924909   14    6    7    6
 0.007577079909885396   14    6   10    5
 0.007577079909885396   14    6   11    4
 0.002761481750900207   14    6   11   10
 0.008063646817815479   14    6   13    7
 0.008063646817815484   14    6   14    6
 0.1197274812220978   14    7    1    1
 0.1025509783946885   14    7    2    2
 -0.01671333710015776   14    7    3    1
 0.09998318071553619   14    7    3    3
 0.09950703378399033   14    7    4    4
 0.09208017157777913   14    7    5    5
 0.09475840165628828   14    7    6    6
 0.1034353117147864   14    7    7    7
 -0.0258117916489787   14    7    8    2
 0.107578857856254   14    7    8    8
 0.02927909524534909   14    7    9    2
 0.05759008099502996   14    7    9    8
 0.07307358189180381   14    7    9    9
 0.07004235942571896   14    7   10    4
 0.09014206882741389   14    7   10   10
 0.05488819960594814   14    7   11    5
 0.08461910532561344   14    7   11   11
 -0.02889730441352309   14    7   12    1
 -0.04743527717107333   14    7   12    3
 0.05835500435600446   14    7   12   12
 0.05931466622773308   14    7   13    6
 0.07362874602476235   14    7   13   13
 0.07544195986336404   14    7   14    7
 0.02361929680736591   14    8    4    1
 -0.001155706691095018   14    8    4    3
 -0.02012226381109027   14    8    7    2
 0.01340819925402847   14    8    8    7
 0.006166114724293903   14    8    9    7
 0.01047569235130721   14    8   10    1
 -0.003773808661881999   14    8   10    3
 5.103237970893133e-05   14    8   12    4
 -0.01025073890331416   14    8   12   10
 -0.006398175858898293   14    8   14    2
 0.01527860835481713   14    8   14    8
 -0.01344903899645179   14    9    4    1
 -0.01551208662300145   14    9    4    3
 0.02222984977324674   14    9    7    2
 0.00582946234858555   14    9    8    7
 0.002120005663197884   14    9    9    7
 -0.0009624594495260963   14    9   10    1
 -0.00562557188980871   14    9   10    3
 -0.0005780286644476628   14    9   12    4
 0.01959367400304446   14    9   12   10
 0.0001807084295496262   14    9   14    2
 -0.002572322099517578   14    9   14    8
 0.01866522773769543   14    9   14    9
 -0.118175463736332   14   10    2    1
 -0.09777182954497822   14   10    3    2
 0.1247880308767275   14   10    6    5
 0.1467962358771102   14   10    7    4
 0.06099096470034147   14   10    8    1
 -0.1034562141282078   14   10    8    3
 0.005344999955967166   14   10    9    1
 -0.06432818624455879   14   10    9    3
 0.07374301209654698   14   10   10    7
 0.06548430095037812   14   10   11    6
 0.04755628625598126   14   10   12    2
 -0.007523345763783582   14   10   12    8
 0.1131539756805673   14   10   12    9
 0.04801009040376373   14   10   13    5
 0.1120317473149496   14   10   13   11
 0.05337861379940538   14   10   14    4
 0.133457289623833   14   10   14   10
 0.01100410250019134   14   11    6    4
 0.01100410250019134   14   11    7    5
 0.004129355573084493   14   11   10    6
 0.004129355573084486   14   11   11    7
 0.002684261697820801   14   11   13    4
 0.01071277115444172   14   11   13   10
 0.002684261697820808   14   11   14    5
 0.01071277115444172   14   11   14   11
 0.03426319729339328   14   12    4    2
 -0.02925091863914149   14   12    7    1
 -0.02206052734800355   14   12    7    3
 -0.003998674482876373   14   12    8    4
 0.001762889260407786   14   12    9    4
 0.01182924878549706   14   12   10    2
 -0.006077085253767372   14   12   10    8
 0.01737487060456837   14   12   10    9
 0.0006023622582530312   14   12   12    7
 -0.006680731877903614   14   12   14    1
 0.001707391785337897   14   12   14    3
 0.03211649972016967   14   12   14   12
 0.01250006609112525   14   13    5    4
 0.01332426634779964   14   13    7    6
 0.001715712351463985   14   13   10    5
 0.001715712351463985   14   13   11    4
 0.01330628685855137   14   13   11   10
 0.001306210109000144   14   13   13    7
 0.001306210109000161   14   13   14    6
 0.01368475487545811   14   13   14   13
 0.4244206767007408   14   14    1    1
 0.4074697609243931   14   14    2    2
 -0.01655573395500278   14   14    3    1
 0.40147596852703   14   14    3    3
 0.4117780648741701   14   14    4    4
 0.3867779326919196   14   14    5    5
 0.3905095779731663   14   14    6    6
 0.4171581106687656   14   14    7    7
 -0.03000916688305106   14   14    8    2
 0.403965547067862   14   14    8    8
 0.03592511429927615   14   14    9    2
 0.07338841510753095   14   14    9    8
 0.3545583900878541   14   14    9    9
 0.07225411213886643   14   14   10    4
 0.3949267327705849   14   14   10   10
 0.0688226874359384   14   14   11    5
 0.3683141590534822   14   14   11   11
 -0.03161091854225526   14   14   12    1
 -0.05611234112711963   14   14   12    3
 0.3453975534633105   14   14   12   12
 0.07362874602476242   14   14   13    6
 0.3540840652918318   14   14   13   13
 0.07624116624276295   14   14   14    7
 0.3814535750427481   14   14   14   14
 -0.07100447103385692   15    1    1    1
 -0.0520104707709202   15    1    2    2
 0.01987181475775262   15    1    3    1
 -0.05828549372618087   15    1    3    3
 -0.04429496988481837   15    1    4    4
 -0.04429496988481837   15    1    5    5
 -0.05032306184988478   15    1    6    6
 -0.05032306184988475   15    1    7    7
 0.0193922950250059   15    1    8    2
 -0.07554882742532421   15    1    8    8
 -0.0055856996693489   15    1    9    2
 -0.03785841035684521   15    1    9    8
 -0.04842979553054288   15    1    9    9
 -0.04221998172213949   15    1   10    4
 -0.04059677770029   15    1   10   10
 -0.04221998172213948   15    1   11    5
 -0.04059677770029   15    1   11   11
 0.0142547928219449   15    1   12    1
 0.01912057724720807   15    1   12    3
 -0.03142916937971559   15    1   12   12
 -0.0394325150453075   15    1   13    6
 -0.04181745725737666   15    1   13   13
 -0.03943251504530752   15    1   14    7
 -0.04181745725737671   15    1   14   14
 0.04558299112424483   15    1   15    1
 -0.02860620487273521   15    2    2    1
 -0.01374165465491614   15    2    3    2
 0.02957613725682528   15    2    6    5
 0.02957613725682528   15    2    7    4
 0.02484391040186465   15    2    8    1
 -0.02698070762513054   15    2    8    3
 0.007831756130584931   15    2    9    1
 -0.014845430507828   15    2    9    3
 0.02258558044920505   15    2   10    7
 0.02258558044920506   15    2   11    6
 0.01030728728655998   15    2   12    2
 -0.004771664124905698   15    2   12    8
 0.02094244683871532   15    2   12    9
 0.01891604484823953   15    2   13    5
 0.02622139625873813   15    2   13   11
 0.01891604484823956   15    2   14    4
 0.02622139625873813   15    2   14   10
 0.01310439191867592   15    2   15    2
 0.06046453248079645   15    3    1    1
 0.03976441004853107   15    3    2    2
 -0.01998835582700987   15    3    3    1
 0.04699377592310362   15    3    3    3
 0.03854913968307366   15    3    4    4
 0.03854913968307366   15    3    5    5
 0.03979868778029746   15    3    6    6
 0.03979868778029742   15    3    7    7
 -0.01782391134011913   15    3    8    2
 0.0584587237039295   15    3    8    8
 0.008800504937342768   15    3    9    2
 0.03873135035751896   15    3    9    8
 0.03421819307668644   15    3    9    9
 0.02664870967469779   15    3   10    4
 0.03654641662723898   15    3   10   10
 0.02664870967469776   15    3   11    5
 0.03654641662723895   15    3   11   11
 -0.009954063820798968   15    3   12    1
 -0.02205202676555529   15    3   12    3
 0.02138528476041393   15    3   12   12
 0.02794013659836672   15    3   13    6
 0.03342474461121683   15    3   13   13
 0.02794013659836678   15    3   14    7
 0.03342474461121683   15    3   14   14
 -0.02855002309082431   15    3   15    1
 0.02420287015163408   15    3   15    3
 0.01093239821867115   15    4    4    1
 -0.0008628684650517967   15    4    4    3
 -0.005442006314049486   15    4    7    2
 0.0007804323481454472   15    4    8    7
 0.0005138871715132508   15    4    9    7
 -0.01439575285162699   15    4   10    1
 0.002513690637488772   15    4   10    3
 0.008412869898362261   15    4   12    4
 -0.007182288411825949   15    4   12   10
 0.008549797946861728   15    4   14    2
 -0.005353719052024635   15    4   14    8
 -0.00424011697802771   15    4   14    9
 0.02267108921619197   15    4   15    4
 0.01093239821867115   15    5    5    1
 -0.0008628684650517971   15    5    5    3
 -0.005442006314049478   15    5    6    2
 0.0007804323481454434   15    5    8    6
 0.0005138871715132453   15    5    9    6
 -0.014395752851627   15    5   11    1
 0.00251369063748877   15    5   11    3
 0.008412869898362263   15    5   12    5
 -0.007182288411825948   15    5   12   11
 0.008549797946861734   15    5   13    2
 -0.005353719052024649   15    5   13    8
 -0.004240116978027693   15    5   13    9
 0.02267108921619197   15    5   15    5
 0.007729368565672176   15    6    5    2
 -0.009243585935033572   15    6    6    1
 -1.37429877354363e-05   15    6    6    3
 -0.006562114887028772   15    6    8    5
 -0.00118527670685401   15    6    9    5
 0.009248536591075105   15    6   11    2
 -0.008785475007354762   15    6   11    8
 -0.0008195339811675066   15    6   11    9
 0.005153386761763942   15    6   12    6
 -0.01024747680980788   15    6   13    1
 0.001184652270356413   15    6   13    3
 0.00275871121090945   15    6   13   12
 0.009222127589013383   15    6   15    6
 0.007729368565672166   15    7    4    2
 -0.009243585935033556   15    7    7    1
 -1.3742987735438e-05   15    7    7    3
 -0.006562114887028769   15    7    8    4
 -0.001185276706854004   15    7    9    4
 0.009248536591075098   15    7   10    2
 -0.00878547500735475   15    7   10    8
 -0.0008195339811675231   15    7   10    9
 0.005153386761763933   15    7   12    7
 -0.01024747680980788   15    7   14    1
 0.001184652270356417   15    7   14    3
 0.00275871121090945   15    7   14   12
 0.00922212758901338   15    7   15    7
 0.05066422582701723   15    8    2    1
 0.01429424570782528   15    8    3    2
 -0.05058987215811593   15    8    6    5
 -0.05058987215811591   15    8    7    4
 -0.05770620592844476   15    8    8    1
 0.04804014441414244   15    8    8    3
 -0.01598673884752562   15    8    9    1
 0.05115175352286026   15    8    9    3
 -0.04687230208105691   15    8   10    7
 -0.04687230208105695   15    8   11    6
 -0.03141867791046274   15    8   12    2
 -0.01214871327334641   15    8   12    8
 -0.02219032317802834   15    8   12    9
 -0.04177819431811056   15    8   13    5
 -0.04629678911758504   15    8   13   11
 -0.0417781943181106   15    8   14    4
 -0.04629678911758518   15    8   14   10
 -0.02140969948141649   15    8   15    2
 0.05650266416108291   15    8   15    8
 0.05486110150462042   15    9    2    1
 0.04356426795721753   15    9    3    2
 -0.05798236306376218   15    9    6    5
 -0.05798236306376221   15    9    7    4
 -0.03634147445977461   15    9    8    1
 0.06355432651892057   15    9    8    3
 -0.01161364329184255   15    9    9    1
 0.03261774279410703   15    9    9    3
 -0.03233444523814066   15    9   10    7
 -0.03233444523814067   15    9   11    6
 -0.01880455674471611   15    9   12    2
 0.006682079028528781   15    9   12    8
 -0.06250680012349565   15    9   12    9
 -0.02457902353719261   15    9   13    5
 -0.05371251901450239   15    9   13   11
 -0.02457902353719261   15    9   14    4
 -0.05371251901450241   15    9   14   10
 -0.01676364488333844   15    9   15    2
 0.03162233134598585   15    9   15    8
 0.03831634059111876   15    9   15    9
 -0.04914901386948666   15   10    4    1
 0.001443340038230783   15   10    4    3
 0.03882108954872357   15   10    7    2
 -0.02411849482832439   15   10    8    7
 -0.00347506550138294   15   10    9    7
 -0.003833432956660672   15   10   10    1
 -0.001827041568055224   15   10   10    3
 -0.002876763299709127   15   10   12    4
 0.0238994949911228   15   10   12   10
 0.007173887573702075   15   10   14    2
 -0.0140127967847443   15   10   14    8
 0.004502506977197277   15   10   14    9
 -0.01688937595293886   15   10   15    4
 0.04577213999061676   15   10   15   10
 -0.04914901386948666   15   11    5    1
 0.001443340038230779   15   11    5    3
 0.03882108954872356   15   11    6    2
 -0.0241184948283244   15   11    8    6
 -0.003475065501382924   15   11    9    6
 -0.00383343295666067   15   11   11    1
 -0.001827041568055224   15   11   11    3
 -0.002876763299709129   15   11   12    5
 0.0238994949911228   15   11   12   11
 0.007173887573702055   15   11   13    2
 -0.01401279678474428   15   11   13    8
 0.004502506977197266   15   11   13    9
 -0.01688937595293885   15   11   15    5
 0.04577213999061678   15   11   15   11
 0.02408831606323232   15   12    1    1
 0.006190111707388548   15   12    2    2
 -0.01123064034459077   15   12    3    1
 -0.002004960601502161   15   12    3    3
 0.01981336676676161   15   12    4    4
 0.01981336676676159   15   12    5    5
 0.01531016444223187   15   12    6    6
 0.01531016444223189   15   12    7    7
 -0.01697302294565799   15   12    8    2
 0.006460723586988515   15   12    8    8
 -0.0002820004123227825   15   12    9    2
 0.009489066089308227   15   12    9    8
 -0.01256489309633339   15   12    9    9
 -0.001360639816942774   15   12   10    4
 0.01672609460635203   15   12   10   10
 -0.00136063981694278   15   12   11    5
 0.016726094606352   15   12   11   11
 -0.0004772405419991074   15   12   12    1
 -0.002561973491153924   15   12   12    3
 -0.008136059869491676   15   12   12   12
 0.003809899074292217   15   12   13    6
 0.01013534467604296   15   12   13   13
 0.003809899074292233   15   12   14    7
 0.01013534467604294   15   12   14   14
 0.003991058235669099   15   12   15    1
 0.000293584215129318   15   12   15    3
 0.01122826486466466   15   12   15   12
 0.01749980364543632   15   13    5    2
 -0.0195915320723528   15   13    6    1
 -0.001525277051399165   15   13    6    3
 -0.0136085478202634   15   13    8    5
 -0.001158721285017268   15   13    9    5
 0.008669703400723988   15   13   11    2
 -0.00805738251738573   15   13   11    8
 -0.0005326569301231048   15   13   11    9
 0.003248209122026969   15   13   12    6
 -0.009635743684535104   15   13   13    1
 0.002153360513849413   15   13   13    3
 0.008432681331084536   15   13   13   12
 0.004647973061110003   15   13   15    6
 0.01267975191227606   15   13   15   13
 0.01749980364543632   15   14    4    2
 -0.0195915320723528   15   14    7    1
 -0.001525277051399163   15   14    7    3
 -0.0136085478202634   15   14    8    4
 -0.00115872128501728   15   14    9    4
 0.008669703400723995   15   14   10    2
 -0.008057382517385749   15   14   10    8
 -0.0005326569301230865   15   14   10    9
 0.003248209122026979   15   14   12    7
 -0.009635743684535134   15   14   14    1
 0.002153360513849406   15   14   14    3
 0.008432681331084525   15   14   14   12
 0.004647973061109999   15   14   15    7
 0.01267975191227607   15   14   15   14
 0.4985194050430692   15   15    1    1
 0.4143707405024738   15   15    2    2
 -0.06777121000682504   15   15    3    1
 0.4198205355879029   15   15    3    3
 0.4366402027968196   15   15    4    4
 0.4366402027968196   15   15    5    5
 0.4227292514576272   15   15    6    6
 0.4227292514576272   15   15    7    7
 -0.06716070405883318   15   15    8    2
 0.4545803237276678   15   15    8    8
 0.02325227384136897   15   15    9    2
 0.1023451877736243   15   15    9    8
 0.3556858285981457   15   15    9    9
 0.05980607436759979   15   15   10    4
 0.4098329760787433   15   15   10   10
 0.05980607436759978   15   15   11    5
 0.4098329760787432   15   15   11   11
 -0.02485795405635129   15   15   12    1
 -0.05850307474358906   15   15   12    3
 0.3339321615198237   15   15   12   12
 0.0816819225313784   15   15   13    6
 0.3766292555618542   15   15   13   13
 0.08168192253137849   15   15   14    7
 0.3766292555618545   15   15   14   14
 -0.03923636551664144   15   15   15    1
 0.04217158289152624   15   15   15    3
 0.02303416359908109   15   15   15   12
 0.4583567747315538   15   15   15   15
 -0.03934002982309293   16    1    2    1
 -0.01967299002564786   16    1    3    2
 0.03714133697324679   16    1    6    5
 0.03714133697324677   16    1    7    4
 0.03745406654740812   16    1    8    1
 -0.04123961456910841   16    1    8    3
 0.009097852804892524   16    1    9    1
 -0.03732801528426141   16    1    9    3
 0.03880619301912138   16    1   10    7
 0.03880619301912137   16    1   11    6
 0.02665627795225418   16    1   12    2
 0.00515735672697188   16    1   12    8
 0.02649562603787905   16    1   12    9
 0.03450396311933315   16    1   13    5
 0.03410345435432977   16    1   13   11
 0.0345039631193332   16    1   14    4
 0.03410345435432985   16    1   14   10
 0.01789381022821677   16    1   15    2
 -0.03854199612190618   16    1   15    8
 -0.02462266177270542   16    1   15    9
 0.03222547873000565   16    1   16    1
 -0.06156009642409583   16    2    1    1
 -0.06094280215042422   16    2    2    2
 0.004939247795018842   16    2    3    1
 -0.06778472928110156   16    2    3    3
 -0.0453149870564293   16    2    4    4
 -0.04531498705642931   16    2    5    5
 -0.04934879647966844   16    2    6    6
 -0.04934879647966838   16    2    7    7
 0.004223957177885393   16    2    8    2
 -0.06496412731666787   16    2    8    8
 -0.02012559196512245   16    2    9    2
 -0.03332896473576829   16    2    9    8
 -0.05272229938240214   16    2    9    9
 -0.03913892793544139   16    2   10    4
 -0.04295502329108166   16    2   10   10
 -0.03913892793544142   16    2   11    5
 -0.04295502329108172   16    2   11   11
 0.01874614784552244   16    2   12    1
 0.03081701451024665   16    2   12    3
 -0.04038006246015491   16    2   12   12
 -0.03967772893818372   16    2   13    6
 -0.03843606885254668   16    2   13   13
 -0.03967772893818371   16    2   14    7
 -0.0384360688525467   16    2   14   14
 0.02811397858395683   16    2   15    1
 -0.01813839167418758   16    2   15    3
 0.004003010948102228   16    2   15   12
 -0.0374757675720844   16    2   15   15
 0.03011689823824574   16    2   16    2
 -0.00417470233079697   16    3    2    1
 -0.02770223574171246   16    3    3    2
 0.003859325415329384   16    3    6    5
 0.003859325415329378   16    3    7    4
 -0.01920442192273394   16    3    8    1
 -0.006998318853379288   16    3    8    3
 -0.01362304990853076   16    3    9    1
 -0.008012449048700665   16    3    9    3
 0.005123146000576318   16    3   10    7
 0.005123146000576329   16    3   11    6
 0.01318903825577726   16    3   12    2
 0.003384927113683669   16    3   12    8
 0.0198352009042746   16    3   12    9
 0.002945575508621239   16    3   13    5
 0.002880174589819892   16    3   13   11
 0.002945575508621236   16    3   14    4
 0.002880174589819896   16    3   14   10
 -0.003953429083454156   16    3   15    2
 0.01104336316367112   16    3   15    8
 0.00198815443705362   16    3   15    9
 -0.002558287956724487   16    3   16    1
 0.01548801411261403   16    3   16    3
 0.001134402009053559   16    4    4    2
 0.0002348658020686019   16    4    7    1
 -0.003027847586064294   16    4    7    3
 0.002489037736636372   16    4    8    4
 -0.002656858551733188   16    4    9    4
 -0.01130909614145667   16    4   10    2
 0.005254384722907203   16    4   10    8
 0.002109727339308537   16    4   10    9
 -0.01126811534903321   16    4   12    7
 0.0113950092662636   16    4   14    1
 0.004435318241519701   16    4   14    3
 0.005254581660106743   16    4   14   12
 -0.009582631032500037   16    4   15    7
 9.762927329652312e-05   16    4   15   14
 0.01683246764097687   16    4   16    4
 0.001134402009053559   16    5    5    2
 0.0002348658020686085   16    5    6    1
 -0.003027847586064288   16    5    6    3
 0.002489037736636377   16    5    8    5
 -0.002656858551733197   16    5    9    5
 -0.01130909614145666   16    5   11    2
 0.005254384722907206   16    5   11    8
 0.002109727339308531   16    5   11    9
 -0.0112681153490332   16    5   12    6
 0.0113950092662636   16    5   13    1
 0.004435318241519698   16    5   13    3
 0.005254581660106731   16    5   13   12
 -0.009582631032500049   16    5   15    6
 9.762927329654632e-05   16    5   15   13
 0.01683246764097686   16    5   16    5
 -0.007162593364037445   16    6    5    1
 -0.002458551755835426   16    6    5    3
 0.006154974013612859   16    6    6    2
 0.001192489199515083   16    6    8    6
 -0.004901636283615625   16    6    9    6
 0.01426116026602202   16    6   11    1
 0.002723927442697777   16    6   11    3
 -0.01300283209546342   16    6   12    5
 0.00731760646875148   16    6   12   11
 -0.01406497072825052   16    6   13    2
 0.002913171053282741   16    6   13    8
 0.006066827390947907   16    6   13    9
 -0.01711198128687795   16    6   15    5
 0.01111453672396122   16    6   15   11
 0.02160083248116985   16    6   16    6
 -0.007162593364037475   16    7    4    1
 -0.002458551755835433   16    7    4    3
 0.006154974013612893   16    7    7    2
 0.001192489199515055   16    7    8    7
 -0.004901636283615602   16    7    9    7
 0.01426116026602202   16    7   10    1
 0.002723927442697769   16    7   10    3
 -0.01300283209546342   16    7   12    4
 0.007317606468751494   16    7   12   10
 -0.01406497072825051   16    7   14    2
 0.002913171053282749   16    7   14    8
 0.006066827390947897   16    7   14    9
 -0.01711198128687795   16    7   15    4
 0.01111453672396124   16    7   15   10
 0.0216008324811699   16    7   16    7
 0.07953622380013825   16    8    1    1
 0.03616710213292026   16    8    2    2
 -0.03606692996763119   16    8    3    1
 0.04073407580330352   16    8    3    3
 0.04689614835922212   16    8    4    4
 0.04689614835922217   16    8    5    5
 0.04505895856879539   16    8    6    6
 0.04505895856879524   16    8    7    7
 -0.03354035953406501   16    8    8    2
 0.06840427982572862   16    8    8    8
 -0.002891183410239658   16    8    9    2
 0.0388362809332936   16    8    9    8
 0.02752072404218318   16    8    9    9
 0.02822359205841245   16    8   10    4
 0.04141476793306643   16    8   10   10
 0.0282235920584124   16    8   11    5
 0.04141476793306633   16    8   11   11
 -0.007488327649229378   16    8   12    1
 -0.01236139237044003   16    8   12    3
 0.01384032466526674   16    8   12   12
 0.03157116219789369   16    8   13    6
 0.03734564680654061   16    8   13   13
 0.03157116219789384   16    8   14    7
 0.03734564680654067   16    8   14   14
 -0.03353892544479928   16    8   15    1
 0.02432696136005419   16    8   15    3
 0.004526887853321227   16    8   15   12
 0.05528961838473327   16    8   15   15
 -0.01793238652414995   16    8   16    2
 0.03487366860481572   16    8   16    8
 0.01622061512670339   16    9    1    1
 -0.01495829974731817   16    9    2    2
 -0.02455025724450237   16    9    3    1
 -0.009723363158597622   16    9    3    3
 -0.00169496644319172   16    9    4    4
 -0.001694966443191827   16    9    5    5
 -0.005925240566768178   16    9    6    6
 -0.005925240566767997   16    9    7    7
 -0.01792881775398862   16    9    8    2
 0.01484782623455857   16    9    8    8
 -0.01639256193056497   16    9    9    2
 0.003847684147839188   16    9    9    8
 -0.003945979906267513   16    9    9    9
 -0.0004124520032224013   16    9   10    4
 -0.003409851333231674   16    9   10   10
 -0.0004124520032222826   16    9   11    5
 -0.003409851333231653   16    9   11   11
 0.005382132910078647   16    9   12    1
 0.01115456909568178   16    9   12    3
 -0.01337540073272356   16    9   12   12
 0.002407196276027789   16    9   13    6
 -0.004410830697093338   16    9   13   13
 0.002407196276027551   16    9   14    7
 -0.00441083069709329   16    9   14   14
 -0.01093472367888766   16    9   15    1
 0.006437723603017403   16    9   15    3
 0.0001847586040949241   16    9   15   12
 0.01437774611125106   16    9   15   15
 -0.000915896364683073   16    9   16    2
 0.0135546796588325   16    9   16    8
 0.01509768573525535   16    9   16    9
 -0.03208424266831209   16   10    4    2
 0.03105348368728328   16   10    7    1
 0.01274293723016267   16   10    7    3
 0.01324540432152614   16   10    8    4
 -0.0005245929366479212   16   10    9    4
 -0.01173212242854572   16   10   10    2
 0.007728950719917221   16   10   10    8
 -0.008589882073143764   16   10   10    9
 -0.002246469694440005   16   10   12    7
 0.009603290439427732   16   10   14    1
 -0.002162340359185433   16   10   14    3
 -0.02367362660382832   16   10   14   12
 -0.002712186696190678   16   10   15    7
 -0.01553182283107763   16   10   15   14
 -0.005866825280128401   16   10   16    4
 0.02692277931354644   16   10   16   10
 -0.03208424266831209   16   11    5    2
 0.03105348368728328   16   11    6    1
 0.01274293723016267   16   11    6    3
 0.01324540432152614   16   11    8    5
 -0.0005245929366479226   16   11    9    5
 -0.01173212242854571   16   11   11    2
 0.007728950719917212   16   11   11    8
 -0.008589882073143743   16   11   11    9
 -0.002246469694440012   16   11   12    6
 0.00960329043942771   16   11   13    1
 -0.002162340359185447   16   11   13    3
 -0.02367362660382833   16   11   13   12
 -0.002712186696190693   16   11   15    6
 -0.01553182283107762   16   11   15   13
 -0.005866825280128406   16   11   16    5
 0.02692277931354646   16   11   16   11
 0.05881386282314468   16   12    2    1
 0.05768834487929613   16   12    3    2
 -0.06786475187982907   16   12    6    5
 -0.06786475187982913   16   12    7    4
 -0.02142882675490777   16   12    8    1
 0.04921135586206477   16   12    8    3
 0.003482117741303468   16   12    9    1
 0.03518647826508404   16   12    9    3
 1.566831946940963e-15   16   12    9    9
 -0.02908871498182133   16   12   10    7
 -0.02908871498182131   16   12   11    6
 -0.02639832552042976   16   12   12    2
 -0.001693327041243716   16   12   12    8
 -0.05587198014435261   16   12   12    9
 -0.01905478711849704   16   12   13    5
 -0.05861741854241989   16   12   13   11
 -0.01905478711849705   16   12   14    4
 -0.05861741854241973   16   12   14   10
 -0.007599430770369757   16   12   15    2
 0.01622391752506698   16   12   15    8
 0.0204402504370411   16   12   15    9
 -0.01011031905932099   16   12   16    1
 -0.004752974142953155   16   12   16    3
 1.383541889041086e-15   16   12   16    9
 0.03509589581883774   16   12   16   12
 0.04776545514612131   16   13    5    1
 0.009819791064407227   16   13    5    3
 -0.04703739952643431   16   13    6    2
 0.01711323128574415   16   13    8    6
 0.002057519798924582   16   13    9    6
 0.006676279209289423   16   13   11    1
 0.003033792638943406   16   13   11    3
 0.002703687247687731   16   13   12    5
 -0.03177077633253064   16   13   12   11
 -0.00583628948172474   16   13   13    2
 0.01396390465015726   16   13   13    8
 -0.01441365090813298   16   13   13    9
 0.01125810989830606   16   13   15    5
 -0.03671840832923162   16   13   15   11
 -0.01365536970931556   16   13   16    6
 0.04219245509929032   16   13   16   13
 0.04776545514612131   16   14    4    1
 0.009819791064407231   16   14    4    3
 -0.04703739952643431   16   14    7    2
 0.01711323128574414   16   14    8    7
 0.002057519798924604   16   14    9    7
 0.006676279209289436   16   14   10    1
 0.00303379263894341   16   14   10    3
 0.002703687247687717   16   14   12    4
 -0.03177077633253066   16   14   12   10
 -0.005836289481724786   16   14   14    2
 0.01396390465015731   16   14   14    8
 -0.01441365090813304   16   14   14    9
 0.01125810989830604   16   14   15    4
 -0.03671840832923158   16   14   15   10
 -0.01365536970931553   16   14   16    7
 0.04219245509929027   16   14   16   14
 0.06809467557109018   16   15    2    1
 0.03804758610848866   16   15    3    2
 -0.07667680057974594   16   15    6    5
 -0.07667680057974588   16   15    7    4
 -0.05250120341025791   16   15    8    1
 0.06009872996012965   16   15    8    3
 -0.01372358358036569   16   15    9    1
 0.03381111572254641   16   15    9    3
 -0.03430740627023015   16   15   10    7
 -0.0343074062702302   16   15   11    6
 -0.01878680436563195   16   15   12    2
 0.005528283542126434   16   15   12    8
 -0.05225955216797389   16   15   12    9
 -0.02577220366740517   16   15   13    5
 -0.0669862924171082   16   15   13   11
 -0.02577220366740525   16   15   14    4
 -0.06698629241710834   16   15   14   10
 -0.01662653556320575   16   15   15    2
 0.03373641074494571   16   15   15    8
 0.03477718342823996   16   15   15    9
 -0.02058687249542553   16   15   16    1
 0.00779852624554195   16   15   16    3
 0.02989225998296448   16   15   16   12
 0.05009399056549385   16   15   16   15
 0.432283075606658   16   16    1    1
 0.3947775946594247   16   16    2    2
 -0.03077855245997214   16   16    3    1
 0.3909459749367312   16   16    3    3
 0.3995007580167493   16   16    4    4
 0.3995007580167492   16   16    5    5
 0.3962254010301514   16   16    6    6
 0.3962254010301517   16   16    7    7
 -0.03926156811817608   16   16    8    2
 -1.409256435766817e-15   16   16    8    3
 0.4015486375702708   16   16    8    8
 0.02634305971650344   16   16    9    2
 0.0726308490360129   16   16    9    8
 0.3373100511717363   16   16    9    9
 0.04852231055233818   16   16   10    4
 0.3754591293815041   16   16   10   10
 0.04852231055233832   16   16   11    5
 0.3754591293815043   16   16   11   11
 -0.02196302457352324   16   16   12    1
 -0.04741409001901352   16   16   12    3
 -1.143696754775978e-15   16   16   12    8
 1.797854695646035e-15   16   16   12    9
 0.3294524264907829   16   16   12   12
 0.05806453896681133   16   16   13    6
 0.356892953113493   16   16   13   13
 0.05806453896681108   16   16   14    7
 0.3568929531134927   16   16   14   14
 -0.02880068209302035   16   16   15    1
 0.03023480768653465   16   16   15    3
 -1.658558362679151e-15   16   16   15    8
 0.01733835247326966   16   16   15   12
 0.3926263623358052   16   16   15   15
 -0.02457355657479761   16   16   16    2
 3.257662904355059e-15   16   16   16    3
 0.03384204403635996   16   16   16    8
 0.0005252507440723286   16   16   16    9
 1.679788299346122e-15   16   16   16   12
 0.3686986129457351   16   16   16   16
 -5.494275717278307    1    1  0  0
 -4.854745732362646    2    2  0  0
 0.3562550163566982    3    1  0  0
 -4.65001887157904    3    3  0  0
 -4.529620559113827    4    4  0  0
 -4.529620559113827    5    5  0  0
 -4.370585252458484    6    6  0  0
 -4.370585252458483    7    7  0  0
 0.4024667165217192    8    2  0  0
 1.319050378432816e-15    8    3  0  0
 -1.339100574436968e-15    8    4  0  0
 -4.300304290419723    8    8  0  0
 -0.3790052265382246    9    2  0  0
 -0.9548486575610159    9    8  0  0
 -3.040276922680409    9    9  0  0
 -0.7919925508274959   10    4  0  0
 -3.29658024494073   10   10  0  0
 -0.7919925508274954   11    5  0  0
 -3.296580244940731   11   11  0  0
 0.3276269109908376   12    1  0  0
 -1.379826867152636e-15   12    2  0  0
 0.659873124568551   12    3  0  0
 -2.695482482276972e-15   12    9  0  0
 -2.809844635218437   12   12  0  0
 -0.9143129717726303   13    6  0  0
 -2.471428597208393e-15   13   11  0  0
 -2.996596274306057   13   13  0  0
 -0.914312971772632   14    7  0  0
 -2.426180060011931e-15   14   10  0  0
 -2.996596274306057   14   14  0  0
 0.442045714282869   15    1  0  0
 -0.3972432648347002   15    3  0  0
 3.185921883156573e-15   15    8  0  0
 2.208086866451619e-15   15    9  0  0
 -0.1164646082656167   15   12  0  0
 -3.22016284028527   15   15  0  0
 1.332600595175073e-15   16    1  0  0
 0.4361174561595367   16    2  0  0
 -1.839468264585541e-15   16    3  0  0
 1.802592212742504e-15   16    4  0  0
 -0.4608016165644114   16    8  0  0
 -0.0006519439812123736   16    9  0  0
 -5.266111997510887e-15   16   12  0  0
 -4.40878144317986e-15   16   15  0  0
 -2.611617806245716   16   16  0  0
 -80.85012058990807  0  0  0  0
