 &FCI NORB=  16,NELEC=10,MS2=0,
  ORBSYM=1,1,1,1,1,1,1,1,1,1,1,1,1,1,1,1
  ISYM=1,
 &END
 0.4341798515306793    1    1    1    1
 0.2567845590367897    2    1    2    1
 0.4351416274376703    2    2    1    1
 0.4374995158396149    2    2    2    2
 -0.01043077146394158    3    1    1    1
 -0.0009796467828166973    3    1    2    2
 0.06814542097675398    3    1    3    1
 0.03527676538239848    3    2    2    1
 0.06346897639825091    3    2    3    2
 0.4091659956606185    3    3    1    1
 0.4093919379096811    3    3    2    2
 -0.008951628665589026    3    3    3    1
 0.412316171650504    3    3    3    3
 0.06703212726126578    4    1    4    1
 0.06435942586205572    4    2    4    2
 0.001335278791821735    4    3    4    1
 0.01629940708931156    4    3    4    3
 0.4095042282910333    4    4    1    1
 0.4106615401094414    4    4    2    2
 -0.007500576738533127    4    4    3    1
 0.3781433830130227    4    4    3    3
 0.4107080892471057    4    4    4    4
 0.06703212726126578    5    1    5    1
 0.06435942586205572    5    2    5    2
 0.001335278791821735    5    3    5    1
 0.01629940708931157    5    3    5    3
 0.01623207771810556    5    4    5    4
 0.4095042282910333    5    5    1    1
 0.4106615401094415    5    5    2    2
 -0.007500576738533129    5    5    3    1
 0.3781433830130227    5    5    3    3
 0.3782439338108946    5    5    4    4
 0.4107080892471057    5    5    5    5
 -0.06439758178740611    6    1    5    2
 0.06448561566489255    6    1    6    1
 -0.06792022617198888    6    2    5    1
 -0.002667379956751748    6    2    5    3
 0.06895748771768263    6    2    6    2
 -0.004321833399312275    6    3    5    2
 0.003453719448434227    6    3    6    1
 0.01550361931069248    6    3    6    3
 0.01634605360768827    6    4    6    4
 -0.2364291231867401    6    5    2    1
 -0.03107927152485889    6    5    3    2
 0.2415131625988829    6    5    6    5
 0.4128139575680093    6    6    1    1
 0.4142350571828411    6    6    2    2
 -0.006275641908486755    6    6    3    1
 0.3803284247095705    6    6    3    3
 0.3810743947278318    6    6    4    4
 0.4141145664447054    6    6    5    5
 0.4176872408101531    6    6    6    6
 -0.06439758178740609    7    1    4    2
 0.06448561566489253    7    1    7    1
 -0.06792022617198888    7    2    4    1
 -0.002667379956751747    7    2    4    3
 0.06895748771768261    7    2    7    2
 -0.004321833399312274    7    3    4    2
 0.003453719448434226    7    3    7    1
 0.01550361931069247    7    3    7    3
 -0.2364291231867401    7    4    2    1
 -0.03107927152485888    7    4    3    2
 0.2088210553835064    7    4    6    5
 0.2415131625988828    7    4    7    4
 0.01634605360768827    7    5    6    4
 0.01634605360768827    7    5    7    5
 0.01652008585843682    7    6    5    4
 0.01682806555899736    7    6    7    6
 0.4128139575680092    7    7    1    1
 0.414235057182841    7    7    2    2
 -0.006275641908486757    7    7    3    1
 0.3803284247095704    7    7    3    3
 0.4141145664447053    7    7    4    4
 0.3810743947278317    7    7    5    5
 0.3840311096921583    7    7    6    6
 0.4176872408101528    7    7    7    7
 -0.006843319887220957    8    1    2    1
 0.06080060027015642    8    1    3    2
 0.007196952108018079    8    1    6    5
 0.007196952108018075    8    1    7    4
 0.0653060696414669    8    1    8    1
 -0.02004682251231919    8    2    1    1
 -0.01083684618428336    8    2    2    2
 0.06893795890159603    8    2    3    1
 -0.01345387707543536    8    2    3    3
 -0.01684571272454748    8    2    4    4
 -0.01684571272454748    8    2    5    5
 -0.01600156047648404    8    2    6    6
 -0.01600156047648403    8    2    7    7
 0.07127392141247173    8    2    8    2
 0.2291859619076687    8    3    2    1
 0.03240513456408226    8    3    3    2
 -0.2022443299131154    8    3    6    5
 -0.2022443299131154    8    3    7    4
 -0.006036611048282762    8    3    8    1
 0.2269429400659944    8    3    8    3
 -0.002959888662349982    8    4    4    2
 0.00387779637217424    8    4    7    1
 -0.01579312719479887    8    4    7    3
 0.0169925919257887    8    4    8    4
 -0.002959888662349982    8    5    5    2
 0.003877796372174242    8    5    6    1
 -0.01579312719479887    8    5    6    3
 0.0169925919257887    8    5    8    5
 0.005004859955646247    8    6    5    1
 -0.01650454398901342    8    6    5    3
 -0.003833734895253592    8    6    6    2
 0.01766360927236741    8    6    8    6
 0.005004859955646245    8    7    4    1
 -0.01650454398901342    8    7    4    3
 -0.00383373489525359    8    7    7    2
 0.0176636092723674    8    7    8    7
 0.4241609135140282    8    8    1    1
 0.4242230308281049    8    8    2    2
 -0.01469286604105669    8    8    3    1
 0.4227263238814915    8    8    3    3
 0.3907194878045373    8    8    4    4
 0.3907194878045373    8    8    5    5
 0.3934555803830639    8    8    6    6
 0.3934555803830638    8    8    7    7
 -0.02170917260526718    8    8    8    2
 0.4388969212676684    8    8    8    8
 0.04164905234361149    9    1    1    1
 0.04037142685481778    9    1    2    2
 -0.01917295328870964    9    1    3    1
 0.02882293441435987    9    1    3    3
 0.03560391439559982    9    1    4    4
 0.0356039143955998    9    1    5    5
 0.03685145778453781    9    1    6    6
 0.03685145778453777    9    1    7    7
 -0.02501922019311142    9    1    8    2
 0.04120814399906587    9    1    8    8
 0.03238799473329457    9    1    9    1
 0.04447347446962772    9    2    2    1
 -0.02008441237034863    9    2    3    2
 -0.03995644259653796    9    2    6    5
 -0.03995644259653795    9    2    7    4
 -0.02943068623877145    9    2    8    1
 0.03875520906321412    9    2    8    3
 0.02912052882028412    9    2    9    2
 -0.06744304842594571    9    3    1    1
 -0.07047343896840699    9    3    2    2
 -0.007278915470311073    9    3    3    1
 -0.05609217771124402    9    3    3    3
 -0.0564550365503336    9    3    4    4
 -0.05645503655033358    9    3    5    5
 -0.0588306078202835    9    3    6    6
 -0.05883060782028346    9    3    7    7
 0.0002012494767057512    9    3    8    2
 -0.07155120458531822    9    3    8    8
 -0.0333803664577856    9    3    9    1
 0.05899253432788721    9    3    9    3
 0.004993799584183567    9    4    4    1
 -0.003348189314815569    9    4    4    3
 -0.005278347326167975    9    4    7    2
 0.0056233669705714    9    4    8    7
 0.01215694709742996    9    4    9    4
 0.004993799584183567    9    5    5    1
 -0.003348189314815569    9    5    5    3
 -0.00527834732616798    9    5    6    2
 0.005623366970571404    9    5    8    6
 0.01215694709742996    9    5    9    5
 -0.007911786231104672    9    6    5    2
 0.008244504875487458    9    6    6    1
 -0.004995863108044283    9    6    6    3
 0.006701150999089264    9    6    8    5
 0.01041707691184818    9    6    9    6
 -0.00791178623110466    9    7    4    2
 0.008244504875487441    9    7    7    1
 -0.004995863108044276    9    7    7    3
 0.006701150999089258    9    7    8    4
 0.01041707691184817    9    7    9    7
 -0.1104531780789691    9    8    2    1
 -0.001577079326484869    9    8    3    2
 0.09584452789667107    9    8    6    5
 0.09584452789667104    9    8    7    4
 0.01868578500509022    9    8    8    1
 -0.1059808840740158    9    8    8    3
 -0.03635517777663663    9    8    9    2
 0.07559517665828915    9    8    9    8
 0.4003693791651713    9    9    1    1
 0.3928658861197265    9    9    2    2
 -0.06190720972965801    9    9    3    1
 0.3985547606175939    9    9    3    3
 0.3742196608435215    9    9    4    4
 0.3742196608435215    9    9    5    5
 0.3749907152255454    9    9    6    6
 0.3749907152255453    9    9    7    7
 -0.06607344535780996    9    9    8    2
 0.4091687196416171    9    9    8    8
 0.03922292742569003    9    9    9    1
 -0.04074195466918116    9    9    9    3
 0.4475649510531735    9    9    9    9
 0.02250502573272333   10    1    4    1
 0.00199277914867545   10    1    4    3
 -0.02336736458677844   10    1    7    2
 0.00156386509001431   10    1    8    7
 0.01057292076540648   10    1    9    4
 0.02081851829501909   10    1   10    1
 0.02483393709615692   10    2    4    2
 -0.02486442702816467   10    2    7    1
 -0.0016457684025016   10    2    7    3
 -0.001806203695147994   10    2    8    4
 -0.009504909469726184   10    2    9    7
 0.02093357492352001   10    2   10    2
 0.003961388355749941   10    3    4    1
 0.003295370587091651   10    3    4    3
 -0.004000775120170746   10    3    7    2
 -0.003995490794915728   10    3    8    7
 -0.00690987036794637   10    3    9    4
 0.0005026532788413631   10    3   10    1
 0.008172247427111456   10    3   10    3
 0.09193837773547239   10    4    1    1
 0.09409567065635401   10    4    2    2
 0.003733911862108865   10    4    3    1
 0.07421515861092236   10    4    3    3
 0.08706751399031437   10    4    4    4
 0.0780166780754116   10    4    5    5
 0.08008026463910695   10    4    6    6
 0.08967032702439227   10    4    7    7
 -0.002897897920692914   10    4    8    2
 0.08385077215483629   10    4    8    8
 0.02858479552967246   10    4    9    1
 -0.0446034092342138   10    4    9    3
 0.06912113021137133   10    4    9    9
 0.06846911954673547   10    4   10    4
 0.004525417957451385   10    5    5    4
 0.004795031192642698   10    5    7    6
 0.007530051905136577   10    5   10    5
 0.005020172268302673   10    6    6    4
 0.005020172268302669   10    6    7    5
 0.007473518901979048   10    6   10    6
 -0.09416089992802786   10    7    2    1
 -0.009428565121580744   10    7    3    2
 0.08006668359902602   10    7    6    5
 0.09010702813563133   10    7    7    4
 0.007021291971608326   10    7    8    1
 -0.07843914936975903   10    7    8    3
 -0.02722801441683979   10    7    9    2
 0.05588194456275337   10    7    9    8
 0.07055641405802376   10    7   10    7
 -0.002690698039525052   10    8    4    2
 0.002994092543565281   10    8    7    1
 -0.005011465027395901   10    8    7    3
 0.005779364705709881   10    8    8    4
 0.006931114090079907   10    8    9    7
 -0.001103198099572306   10    8   10    2
 0.007750800795261744   10    8   10    8
 0.02799907341072614   10    9    4    1
 -0.01074943247360421   10    9    4    3
 -0.02722282918341008   10    9    7    2
 0.01288513885963161   10    9    8    7
 0.001852349845700942   10    9    9    4
 0.005711350376100447   10    9   10    1
 0.0005738813295862975   10    9   10    3
 0.02457313971812172   10    9   10    9
 0.3700352680790561   10   10    1    1
 0.3705502261743587   10   10    2    2
 -0.008782323703664913   10   10    3    1
 0.3474390047209491   10   10    3    3
 0.3708119104948496   10   10    4    4
 0.3465733055491111   10   10    5    5
 0.3488361343165694   10   10    6    6
 0.3733709328866544   10   10    7    7
 -0.01603088153498784   10   10    8    2
 0.357461934930312   10   10    8    8
 0.03002237875276897   10   10    9    1
 -0.04748955605050893   10   10    9    3
 0.3534579636631834   10   10    9    9
 0.07402683106752607   10   10   10    4
 0.3514841946097393   10   10   10   10
 0.02250502573272333   11    1    5    1
 0.001992779148675449   11    1    5    3
 -0.02336736458677845   11    1    6    2
 0.001563865090014311   11    1    8    6
 0.01057292076540648   11    1    9    5
 0.02081851829501909   11    1   11    1
 0.02483393709615692   11    2    5    2
 -0.02486442702816468   11    2    6    1
 -0.001645768402501601   11    2    6    3
 -0.001806203695147994   11    2    8    5
 -0.009504909469726189   11    2    9    6
 0.02093357492352001   11    2   11    2
 0.003961388355749941   11    3    5    1
 0.003295370587091651   11    3    5    3
 -0.004000775120170746   11    3    6    2
 -0.003995490794915732   11    3    8    6
 -0.006909870367946368   11    3    9    5
 0.0005026532788413633   11    3   11    1
 0.008172247427111454   11    3   11    3
 0.004525417957451386   11    4    5    4
 0.004795031192642698   11    4    7    6
 0.007530051905136577   11    4   10    5
 0.007530051905136577   11    4   11    4
 0.09193837773547241   11    5    1    1
 0.09409567065635402   11    5    2    2
 0.003733911862108866   11    5    3    1
 0.07421515861092233   11    5    3    3
 0.0780166780754116   11    5    4    4
 0.08706751399031437   11    5    5    5
 0.08967032702439237   11    5    6    6
 0.08008026463910689   11    5    7    7
 -0.002897897920692914   11    5    8    2
 0.08385077215483627   11    5    8    8
 0.02858479552967247   11    5    9    1
 -0.0446034092342138   11    5    9    3
 0.06912113021137133   11    5    9    9
 0.05340901573646233   11    5   10    4
 0.0683509873200967   11    5   10   10
 0.06846911954673547   11    5   11    5
 -0.09416089992802798   11    6    2    1
 -0.009428565121580759   11    6    3    2
 0.09010702813563147   11    6    6    5
 0.08006668359902611   11    6    7    4
 0.00702129197160833   11    6    8    1
 -0.07843914936975913   11    6    8    3
 -0.02722801441683981   11    6    9    2
 0.05588194456275342   11    6    9    8
 0.05560937625406573   11    6   10    7
 0.07055641405802388   11    6   11    6
 0.005020172268302667   11    7    6    4
 0.005020172268302663   11    7    7    5
 0.007473518901979045   11    7   10    6
 0.007473518901979043   11    7   11    7
 -0.002690698039525052   11    8    5    2
 0.002994092543565282   11    8    6    1
 -0.005011465027395906   11    8    6    3
 0.005779364705709881   11    8    8    5
 0.006931114090079908   11    8    9    6
 -0.001103198099572306   11    8   11    2
 0.007750800795261744   11    8   11    8
 0.02799907341072614   11    9    5    1
 -0.01074943247360421   11    9    5    3
 -0.02722282918341009   11    9    6    2
 0.01288513885963162   11    9    8    6
 0.001852349845700943   11    9    9    5
 0.005711350376100448   11    9   11    1
 0.0005738813295862986   11    9   11    3
 0.02457313971812172   11    9   11    9
 0.01211930247286926   11   10    5    4
 0.01226739928504256   11   10    7    6
 0.002837921873714678   11   10   10    5
 0.002837921873714678   11   10   11    4
 0.01219934106629776   11   10   11   10
 0.3700352680790562   11   11    1    1
 0.3705502261743587   11   11    2    2
 -0.008782323703664909   11   11    3    1
 0.347439004720949   11   11    3    3
 0.3465733055491111   11   11    4    4
 0.3708119104948497   11   11    5    5
 0.3733709328866546   11   11    6    6
 0.3488361343165693   11   11    7    7
 -0.01603088153498785   11   11    8    2
 0.357461934930312   11   11    8    8
 0.030022378752769   11   11    9    1
 -0.04748955605050893   11   11    9    3
 0.3534579636631833   11   11    9    9
 0.06835098732009677   11   11   10    4
 0.3270855124771438   11   11   10   10
 0.07402683106752608   11   11   11    5
 0.3514841946097392   11   11   11   11
 0.05213404866947036   12    1    2    1
 0.02016241821497589   12    1    3    2
 -0.04480153146011643   12    1    6    5
 -0.04480153146011641   12    1    7    4
 0.01189271351734551   12    1    8    1
 0.04317128817845655   12    1    8    3
 0.004460861077370749   12    1    9    2
 -0.02769831479694439   12    1    9    8
 -0.03606108662174732   12    1   10    7
 -0.03606108662174735   12    1   11    6
 0.03124931576134275   12    1   12    1
 0.05995048816333245   12    2    1    1
 0.0630840773375482   12    2    2    2
 0.01695032704208741   12    2    3    1
 0.05194633218018035   12    2    3    3
 0.0525460311787631   12    2    4    4
 0.0525460311787631   12    2    5    5
 0.05392975663466418   12    2    6    6
 0.05392975663466412   12    2    7    7
 0.01415591917623281   12    2    8    2
 0.05396986836969311   12    2    8    8
 0.006040677180878929   12    2    9    1
 -0.02560863683993545   12    2    9    3
 0.0390664686741665   12    2    9    9
 0.03816808498081846   12    2   10    4
 0.04596950618320828   12    2   10   10
 0.03816808498081846   12    2   11    5
 0.04596950618320828   12    2   11   11
 0.03628312834362236   12    2   12    2
 0.05880017195303633   12    3    2    1
 0.01263750627092151   12    3    3    2
 -0.04940515091995771   12    3    6    5
 -0.04940515091995769   12    3    7    4
 0.002597117435725066   12    3    8    1
 0.05397637925077143   12    3    8    3
 0.007233804695665898   12    3    9    2
 -0.03770714487139099   12    3    9    8
 -0.03755112998337402   12    3   10    7
 -0.03755112998337404   12    3   11    6
 0.03314663884543591   12    3   12    1
 0.04220007880153771   12    3   12    3
 0.007113217482281571   12    4    4    2
 -0.006962349852457345   12    4    7    1
 -0.003358900398905333   12    4    7    3
 0.002245799356418264   12    4    8    4
 -0.002591034866338245   12    4    9    7
 0.01296667758798324   12    4   10    2
 0.004499424297700499   12    4   10    8
 0.01313874204351388   12    4   12    4
 0.007113217482281571   12    5    5    2
 -0.006962349852457352   12    5    6    1
 -0.003358900398905336   12    5    6    3
 0.002245799356418264   12    5    8    5
 -0.002591034866338245   12    5    9    6
 0.01296667758798324   12    5   11    2
 0.004499424297700499   12    5   11    8
 0.01313874204351388   12    5   12    5
 -0.006095454467570024   12    6    5    1
 -0.003741295592616886   12    6    5    3
 0.006684865198274173   12    6    6    2
 0.002599716208419488   12    6    8    6
 -0.003228889624437088   12    6    9    5
 -0.01309495506575463   12    6   11    1
 -0.005202402006452076   12    6   11    3
 0.002002342809175775   12    6   11    9
 0.01375453093018638   12    6   12    6
 -0.006095454467570005   12    7    4    1
 -0.003741295592616881   12    7    4    3
 0.006684865198274147   12    7    7    2
 0.002599716208419482   12    7    8    7
 -0.003228889624437091   12    7    9    4
 -0.01309495506575463   12    7   10    1
 -0.005202402006452073   12    7   10    3
 0.00200234280917578   12    7   10    9
 0.01375453093018638   12    7   12    7
 0.06431502950012802   12    8    1    1
 0.06564182484219633   12    8    2    2
 0.004061227579588842   12    8    3    1
 0.0609384776171508   12    8    3    3
 0.05486414762561488   12    8    4    4
 0.05486414762561487   12    8    5    5
 0.05590750278551509   12    8    6    6
 0.05590750278551506   12    8    7    7
 0.001604337816276896   12    8    8    2
 0.06453887163265408   12    8    8    8
 0.007652973774531228   12    8    9    1
 -0.0286228673038093   12    8    9    3
 0.05755070752366793   12    8    9    9
 0.0346245772651405   12    8   10    4
 0.04912867075189662   12    8   10   10
 0.03462457726514049   12    8   11    5
 0.04912867075189661   12    8   11   11
 0.03446600166346305   12    8   12    2
 0.04066095366941178   12    8   12    8
 -0.04264488769954389   12    9    2    1
 -0.01648508390754546   12    9    3    2
 0.03531578673173084   12    9    6    5
 0.03531578673173083   12    9    7    4
 -0.00940457784290729   12    9    8    1
 -0.04694561990165526   12    9    8    3
 -0.005085952216402132   12    9    9    2
 0.02448162752918149   12    9    9    8
 0.01874378021791802   12    9   10    7
 0.01874378021791803   12    9   11    6
 -0.01345921878977269   12    9   12    1
 -0.01561013484583954   12    9   12    3
 0.01593600154641365   12    9   12    9
 0.03287437101346968   12   10    4    2
 -0.03246018851383532   12   10    7    1
 -0.009757106371429619   12   10    7    3
 0.006606761357198765   12   10    8    4
 0.0003119670264466563   12   10    9    7
 0.009914876838330184   12   10   10    2
 0.0009059765677404055   12   10   10    8
 0.002055639063892632   12   10   12    4
 0.02577097080921178   12   10   12   10
 0.03287437101346968   12   11    5    2
 -0.03246018851383533   12   11    6    1
 -0.009757106371429619   12   11    6    3
 0.006606761357198766   12   11    8    5
 0.0003119670264466504   12   11    9    6
 0.009914876838330184   12   11   11    2
 0.0009059765677404045   12   11   11    8
 0.00205563906389263   12   11   12    5
 0.02577097080921179   12   11   12   11
 0.3471714591170123   12   12    1    1
 0.3544739406192807   12   12    2    2
 0.0420579086283947   12   12    3    1
 0.3426094670904523   12   12    3    3
 0.331047384772144   12   12    4    4
 0.331047384772144   12   12    5    5
 0.3340308784355092   12   12    6    6
 0.3340308784355092   12   12    7    7
 0.03737733731347868   12   12    8    2
 0.3491374532520599   12   12    8    8
 0.01445289009678125   12   12    9    1
 -0.05208152505016223   12   12    9    3
 0.2968453955214565   12   12    9    9
 0.06146088534308427   12   12   10    4
 0.3099879689250244   12   12   10   10
 0.06146088534308421   12   12   11    5
 0.3099879689250242   12   12   11   11
 0.04786024502182215   12   12   12    2
 0.04221411207673093   12   12   12    8
 0.3470603912599302   12   12   12   12
 -0.0224596177104667   13    1    5    2
 0.02251013767016436   13    1    6    1
 0.00112051955457736   13    1    6    3
 0.002101569823175888   13    1    8    5
 0.009687994697343088   13    1    9    6
 -0.02021910060079945   13    1   11    2
 0.001413048749135388   13    1   11    8
 -0.01263150117431   13    1   12    5
 -0.008463182370336069   13    1   12   11
 0.01961921204875601   13    1   13    1
 -0.02187068484181651   13    2    5    1
 -0.001632659542083273   13    2    5    3
 0.02264838927331954   13    2    6    2
 -0.001705098353274001   13    2    8    6
 -0.009851107618554959   13    2    9    5
 -0.02051342723459602   13    2   11    1
 -0.001287756874181395   13    2   11    3
 -0.00607431568034152   13    2   11    9
 0.01348593973321261   13    2   12    6
 0.02036558325765241   13    2   13    2
 -0.001587959809484322   13    3    5    2
 0.001350840709725516   13    3    6    1
 0.004211020009304937   13    3    6    3
 -0.004375737071905431   13    3    8    5
 -0.0052821118639366   13    3    9    6
 -0.001643373651820773   13    3   11    2
 -0.007034663724437341   13    3   11    8
 -0.005628786939679439   13    3   12    5
 -0.002425156280379604   13    3   12   11
 0.001226261150548375   13    3   13    1
 0.006809871469391519   13    3   13    3
 0.00435756213351354   13    4    6    4
 0.004357562133513537   13    4    7    5
 0.007392409329074975   13    4   10    6
 0.007392409329074973   13    4   11    7
 0.007341256776857074   13    4   13    4
 -0.08500176461444797   13    5    2    1
 -0.007888800998153428   13    5    3    2
 0.08058790919620788   13    5    6    5
 0.07187278492918074   13    5    7    4
 0.007115278134549789   13    5    8    1
 -0.07061223522519848   13    5    8    3
 -0.02596222805258424   13    5    9    2
 0.05251614494141994   13    5    9    8
 0.05296807057842613   13    5   10    7
 0.06775288923657614   13    5   11    6
 -0.03465313158765694   13    5   12    1
 -0.03600775631333055   13    5   12    3
 0.01741712209422185   13    5   12    9
 0.06534320307246656   13    5   13    5
 0.09165865319540237   13    6    1    1
 0.09349034150276672   13    6    2    2
 0.001869318210225139   13    6    3    1
 0.07486641847336174   13    6    3    3
 0.07776918068574089   13    6    4    4
 0.08630277825882078   13    6    5    5
 0.08876864221972659   13    6    6    6
 0.07973587803207882   13    6    7    7
 -0.004488744100482741   13    6    8    2
 0.08409059431383527   13    6    8    8
 0.02813305464555757   13    6    9    1
 -0.04316586479918295   13    6    9    3
 0.07209046059515672   13    6    9    9
 0.05315884843227007   13    6   10    4
 0.06862306012281451   13    6   10   10
 0.06823256159515778   13    6   11    5
 0.07415145020357393   13    6   11   11
 0.03820029867811316   13    6   12    2
 0.03501362689144765   13    6   12    8
 0.05998116720743352   13    6   12   12
 0.06824339761302907   13    6   13    6
 0.004266798786539926   13    7    5    4
 0.004516382093823838   13    7    7    6
 0.007536856581443857   13    7   10    5
 0.007536856581443857   13    7   11    4
 0.002764195040379735   13    7   11   10
 0.007584019163862181   13    7   13    7
 0.002750080294714565   13    8    5    1
 -0.004221209462771284   13    8    5    3
 -0.002642943634333988   13    8    6    2
 0.005354365457816872   13    8    8    6
 0.007208861876423918   13    8    9    5
 0.001714553789891119   13    8   11    1
 -0.007410088927299714   13    8   11    3
 0.003967608873421138   13    8   11    9
 0.00452937135579959   13    8   12    6
 -0.001070002270573985   13    8   13    2
 0.007793714934774688   13    8   13    8
 -0.02214568163617251   13    9    5    2
 0.02269120508710435   13    9    6    1
 -0.007832492729022339   13    9    6    3
 0.01074957502235447   13    9    8    5
 0.005960262204439999   13    9    9    6
 -0.007594423954644499   13    9   11    2
 0.004876811418208959   13    9   11    8
 0.0008716428305756098   13    9   12    5
 -0.007446719931481389   13    9   12   11
 0.006993363347729087   13    9   13    1
 -0.002595721080863977   13    9   13    3
 0.01647896117564475   13    9   13    9
 0.01193215359108444   13   10    6    4
 0.01193215359108444   13   10    7    5
 0.003209078405373299   13   10   10    6
 0.003209078405373293   13   10   11    7
 0.002693037929972823   13   10   13    4
 0.01177636517253597   13   10   13   10
 -0.1960490715942377   13   11    2    1
 -0.02737430016273061   13   11    3    2
 0.2004459461543658   13   11    6    5
 0.1765816389721968   13   11    7    4
 0.004507632144977416   13   11    8    1
 -0.170659093799877   13   11    8    3
 -0.03385907099818655   13   11    9    2
 0.08252143992169969   13   11    9    8
 0.06866942168525773   13   11   10    7
 0.07508757849600439   13   11   11    6
 -0.03774576928423237   13   11   12    1
 -0.04202073234269324   13   11   12    3
 0.03239652289263632   13   11   12    9
 0.06707747301066441   13   11   13    5
 0.1806895836685975   13   11   13   11
 -0.03516906423180685   13   12    5    1
 -0.008910996037522542   13   12    5    3
 0.03613921680740257   13   12    6    2
 0.006274609062778342   13   12    8    6
 0.002000913238260371   13   12    9    5
 -0.008441385887118498   13   12   11    1
 -0.003798827818259739   13   12   11    3
 -0.01059198622267584   13   12   11    9
 0.001032951937791982   13   12   12    6
 0.007994942078030804   13   12   13    2
 0.0005599287230656849   13   12   13    8
 0.02891784277924514   13   12   13   12
 0.3667158616383384   13   13    1    1
 0.3677060974684334   13   13    2    2
 -0.005872490031537245   13   13    3    1
 0.3433206277919508   13   13    3    3
 0.3438825311197867   13   13    4    4
 0.3683299380915632   13   13    5    5
 0.3710454799889068   13   13    6    6
 0.3462548096364104   13   13    7    7
 -0.01339722891671301   13   13    8    2
 0.3538583898959152   13   13    8    8
 0.0302168500680863   13   13    9    1
 -0.04896889261650098   13   13    9    3
 0.346006927876665   13   13    9    9
 0.06747547544243394   13   13   10    4
 0.3244359615011084   13   13   10   10
 0.07267558167779503   13   13   11    5
 0.349029138747886   13   13   11   11
 0.04489284460075774   13   13   12    2
 0.04759000596814159   13   13   12    8
 0.3103442207538591   13   13   12   12
 0.07241349405903745   13   13   13    6
 0.3473094182127565   13   13   13   13
 -0.02245961771046674   14    1    4    2
 0.02251013767016438   14    1    7    1
 0.001120519554577362   14    1    7    3
 0.00210156982317589   14    1    8    4
 0.009687994697343088   14    1    9    7
 -0.02021910060079947   14    1   10    2
 0.00141304874913539   14    1   10    8
 -0.01263150117431   14    1   12    4
 -0.008463182370336088   14    1   12   10
 0.01961921204875604   14    1   14    1
 -0.02187068484181654   14    2    4    1
 -0.001632659542083275   14    2    4    3
 0.02264838927331957   14    2    7    2
 -0.001705098353274003   14    2    8    7
 -0.009851107618554962   14    2    9    4
 -0.02051342723459603   14    2   10    1
 -0.001287756874181397   14    2   10    3
 -0.006074315680341534   14    2   10    9
 0.01348593973321261   14    2   12    7
 0.02036558325765243   14    2   14    2
 -0.001587959809484325   14    3    4    2
 0.001350840709725517   14    3    7    1
 0.004211020009304942   14    3    7    3
 -0.00437573707190544   14    3    8    4
 -0.005282111863936602   14    3    9    7
 -0.001643373651820773   14    3   10    2
 -0.007034663724437345   14    3   10    8
 -0.00562878693967944   14    3   12    4
 -0.002425156280379612   14    3   12   10
 0.001226261150548376   14    3   14    1
 0.006809871469391523   14    3   14    3
 -0.08500176461444807   14    4    2    1
 -0.007888800998153443   14    4    3    2
 0.07187278492918091   14    4    6    5
 0.08058790919620799   14    4    7    4
 0.007115278134549792   14    4    8    1
 -0.07061223522519862   14    4    8    3
 -0.02596222805258427   14    4    9    2
 0.05251614494142003   14    4    9    8
 0.06775288923657613   14    4   10    7
 0.05296807057842623   14    4   11    6
 -0.03465313158765698   14    4   12    1
 -0.03600775631333061   14    4   12    3
 0.01741712209422185   14    4   12    9
 0.05066068951875245   14    4   13    5
 0.06169139715071885   14    4   13   11
 0.06534320307246662   14    4   14    4
 0.00435756213351355   14    5    6    4
 0.004357562133513546   14    5    7    5
 0.007392409329074978   14    5   10    6
 0.007392409329074976   14    5   11    7
 0.007341256776857078   14    5   13    4
 0.002693037929972831   14    5   13   10
 0.00734125677685708   14    5   14    5
 0.004266798786539941   14    6    5    4
 0.004516382093823853   14    6    7    6
 0.007536856581443863   14    6   10    5
 0.007536856581443863   14    6   11    4
 0.00276419504037975   14    6   11   10
 0.007584019163862185   14    6   13    7
 0.007584019163862189   14    6   14    6
 0.09165865319540237   14    7    1    1
 0.09349034150276671   14    7    2    2
 0.001869318210225138   14    7    3    1
 0.07486641847336178   14    7    3    3
 0.08630277825882078   14    7    4    4
 0.07776918068574092   14    7    5    5
 0.07973587803207891   14    7    6    6
 0.08876864221972654   14    7    7    7
 -0.00448874410048274   14    7    8    2
 0.08409059431383534   14    7    8    8
 0.02813305464555758   14    7    9    1
 -0.043165864799183   14    7    9    3
 0.07209046059515678   14    7    9    9
 0.0682325615951578   14    7   10    4
 0.074151450203574   14    7   10   10
 0.05315884843227007   14    7   11    5
 0.06862306012281449   14    7   11   11
 0.0382002986781132   14    7   12    2
 0.03501362689144769   14    7   12    8
 0.05998116720743359   14    7   12   12
 0.05307535928530471   14    7   13    6
 0.06748560956005598   14    7   13   13
 0.06824339761302908   14    7   14    7
 0.002750080294714568   14    8    4    1
 -0.004221209462771294   14    8    4    3
 -0.00264294363433399   14    8    7    2
 0.005354365457816878   14    8    8    7
 0.007208861876423921   14    8    9    4
 0.001714553789891119   14    8   10    1
 -0.007410088927299717   14    8   10    3
 0.003967608873421148   14    8   10    9
 0.004529371355799592   14    8   12    7
 -0.001070002270573987   14    8   14    2
 0.007793714934774695   14    8   14    8
 -0.02214568163617251   14    9    4    2
 0.02269120508710435   14    9    7    1
 -0.007832492729022342   14    9    7    3
 0.01074957502235448   14    9    8    4
 0.005960262204439993   14    9    9    7
 -0.007594423954644504   14    9   10    2
 0.004876811418208963   14    9   10    8
 0.0008716428305756132   14    9   12    4
 -0.007446719931481379   14    9   12   10
 0.006993363347729102   14    9   14    1
 -0.002595721080863987   14    9   14    3
 0.01647896117564474   14    9   14    9
 -0.1960490715942377   14   10    2    1
 -0.0273743001627306   14   10    3    2
 0.1765816389721969   14   10    6    5
 0.2004459461543657   14   10    7    4
 0.004507632144977418   14   10    8    1
 -0.1706590937998771   14   10    8    3
 -0.03385907099818657   14   10    9    2
 0.08252143992169975   14   10    9    8
 0.07508757849600436   14   10   10    7
 0.06866942168525782   14   10   11    6
 -0.03774576928423241   14   10   12    1
 -0.0420207323426933   14   10   12    3
 0.03239652289263631   14   10   12    9
 0.06169139715071879   14   10   13    5
 0.1571368533235257   14   10   13   11
 0.06707747301066457   14   10   14    4
 0.1806895836685978   14   10   14   10
 0.01193215359108445   14   11    6    4
 0.01193215359108444   14   11    7    5
 0.003209078405373305   14   11   10    6
 0.003209078405373299   14   11   11    7
 0.002693037929972828   14   11   13    4
 0.01177636517253598   14   11   13   10
 0.002693037929972835   14   11   14    5
 0.01177636517253598   14   11   14   11
 -0.03516906423180684   14   12    4    1
 -0.008910996037522543   14   12    4    3
 0.03613921680740257   14   12    7    2
 0.006274609062778344   14   12    8    7
 0.002000913238260378   14   12    9    4
 -0.008441385887118492   14   12   10    1
 -0.003798827818259744   14   12   10    3
 -0.01059198622267583   14   12   10    9
 0.001032951937791968   14   12   12    7
 0.007994942078030819   14   12   14    2
 0.0005599287230656952   14   12   14    8
 0.02891784277924513   14   12   14   12
 0.01222370348588824   14   13    5    4
 0.01239533517624816   14   13    7    6
 0.002600053117680591   14   13   10    5
 0.002600053117680591   14   13   11    4
 0.01229658862338894   14   13   11   10
 0.002463942249490734   14   13   13    7
 0.002463942249490749   14   13   14    6
 0.01251568613986082   14   13   14   13
 0.3667158616383385   14   14    1    1
 0.3677060974684334   14   14    2    2
 -0.005872490031537244   14   14    3    1
 0.3433206277919508   14   14    3    3
 0.3683299380915633   14   14    4    4
 0.3438825311197868   14   14    5    5
 0.3462548096364106   14   14    6    6
 0.3710454799889068   14   14    7    7
 -0.01339722891671301   14   14    8    2
 0.3538583898959153   14   14    8    8
 0.03021685006808632   14   14    9    1
 -0.04896889261650101   14   14    9    3
 0.3460069278766651   14   14    9    9
 0.07267558167779507   14   14   10    4
 0.3490291387478862   14   14   10   10
 0.06747547544243393   14   14   11    5
 0.3244359615011083   14   14   11   11
 0.04489284460075776   14   14   12    2
 0.04759000596814161   14   14   12    8
 0.3103442207538591   14   14   12   12
 0.06748560956005606   14   14   13    6
 0.322278045933035   14   14   13   13
 0.07241349405903755   14   14   14    7
 0.3473094182127567   14   14   14   14
 -0.06360828518967679   15    1    1    1
 -0.06632236727599769   15    1    2    2
 -0.01282117024945646   15    1    3    1
 -0.05441538835172315   15    1    3    3
 -0.05536734254814115   15    1    4    4
 -0.05536734254814115   15    1    5    5
 -0.05686106646302332   15    1    6    6
 -0.05686106646302326   15    1    7    7
 -0.009343655308027575   15    1    8    2
 -0.05811033758413071   15    1    8    8
 -0.01104979383057208   15    1    9    1
 0.02915753051379278   15    1    9    3
 -0.04435844235183457   15    1    9    9
 -0.04118395859681197   15    1   10    4
 -0.04845536879914897   15    1   10   10
 -0.04118395859681197   15    1   11    5
 -0.04845536879914897   15    1   11   11
 -0.03537433935787219   15    1   12    2
 -0.03354999110529493   15    1   12    8
 -0.0478496823202508   15    1   12   12
 -0.0412082158845407   15    1   13    6
 -0.04735187253732961   15    1   13   13
 -0.04120821588454071   15    1   14    7
 -0.04735187253732964   15    1   14   14
 0.03542822272719431   15    1   15    1
 -0.06469990436862143   15    2    2    1
 -0.01837559198596591   15    2    3    2
 0.05560569740686055   15    2    6    5
 0.05560569740686052   15    2    7    4
 -0.007663774533611738   15    2    8    1
 -0.05466829152602354   15    2    8    3
 -0.01013129032590013   15    2    9    2
 0.03715938409181584   15    2    9    8
 0.04411766317006989   15    2   10    7
 0.04411766317006992   15    2   11    6
 -0.03482999180336832   15    2   12    1
 -0.0376472010677275   15    2   12    3
 0.01591424295948644   15    2   12    9
 0.04237330438129024   15    2   13    5
 0.04706431955153608   15    2   13   11
 0.04237330438129026   15    2   14    4
 0.04706431955153609   15    2   14   10
 0.03978765171304207   15    2   15    2
 -0.05486556353585408   15    3    1    1
 -0.05645488508258224   15    3    2    2
 -0.007461135560722631   15    3    3    1
 -0.05164848485117   15    3    3    3
 -0.04740735875381357   15    3    4    4
 -0.04740735875381357   15    3    5    5
 -0.04827233002869208   15    3    6    6
 -0.04827233002869204   15    3    7    7
 -0.005755265016854377   15    3    8    2
 -0.05318917086029889   15    3    8    8
 -0.002525846731287455   15    3    9    1
 0.02150885647229876   15    3    9    3
 -0.04614047698838709   15    3    9    9
 -0.02945210468299332   15    3   10    4
 -0.04238381706831421   15    3   10   10
 -0.02945210468299332   15    3   11    5
 -0.04238381706831421   15    3   11   11
 -0.03222600416293313   15    3   12    2
 -0.03661630270666034   15    3   12    8
 -0.03777196267535063   15    3   12   12
 -0.02983169967962072   15    3   13    6
 -0.04095601655652575   15    3   13   13
 -0.02983169967962073   15    3   14    7
 -0.0409560165565258   15    3   14   14
 0.03060721137684465   15    3   15    1
 0.0339133801590463   15    3   15    3
 -0.006039783116557457   15    4    4    1
 -0.003163799941390014   15    4    4    3
 0.006659074901191865   15    4    7    2
 0.0017400271836657   15    4    8    7
 -0.005400972144117887   15    4    9    4
 -0.01489228243205486   15    4   10    1
 -0.003998886403822635   15    4   10    3
 0.001933670878156006   15    4   10    9
 0.01447036553107825   15    4   12    7
 0.01520425700648294   15    4   14    2
 0.003265372382493119   15    4   14    8
 0.0001273714707049812   15    4   14   12
 0.01562195230988469   15    4   15    4
 -0.006039783116557457   15    5    5    1
 -0.003163799941390014   15    5    5    3
 0.006659074901191873   15    5    6    2
 0.001740027183665701   15    5    8    6
 -0.005400972144117886   15    5    9    5
 -0.01489228243205486   15    5   11    1
 -0.003998886403822635   15    5   11    3
 0.001933670878156006   15    5   11    9
 0.01447036553107825   15    5   12    6
 0.01520425700648294   15    5   13    2
 0.003265372382493118   15    5   13    8
 0.0001273714707049736   15    5   13   12
 0.01562195230988469   15    5   15    5
 0.008097277785922436   15    6    5    2
 -0.007987993846792558   15    6    6    1
 -0.002757902078412342   15    6    6    3
 0.001379524254659991   15    6    8    5
 -0.004589036087694062   15    6    9    6
 0.01502074798998342   15    6   11    2
 0.003365107842476189   15    6   11    8
 0.01406786443021984   15    6   12    5
 0.001843491195530216   15    6   12   11
 -0.01473803899219875   15    6   13    1
 -0.004791526140093827   15    6   13    3
 0.0001671388565718255   15    6   13    9
 0.01541857398104956   15    6   15    6
 0.008097277785922417   15    7    4    2
 -0.007987993846792529   15    7    7    1
 -0.002757902078412334   15    7    7    3
 0.001379524254659989   15    7    8    4
 -0.004589036087694062   15    7    9    7
 0.01502074798998342   15    7   10    2
 0.003365107842476189   15    7   10    8
 0.01406786443021984   15    7   12    4
 0.001843491195530203   15    7   12   10
 -0.01473803899219875   15    7   14    1
 -0.004791526140093827   15    7   14    3
 0.0001671388565718291   15    7   14    9
 0.01541857398104956   15    7   15    7
 -0.03606848869096829   15    8    2    1
 -0.01105614414552723   15    8    3    2
 0.02941968683913544   15    8    6    5
 0.02941968683913542   15    8    7    4
 -0.005066461669862746   15    8    8    1
 -0.03301647362884558   15    8    8    3
 -0.0004915978272867022   15    8    9    2
 0.02332287856146171   15    8    9    8
 0.02564957130851598   15    8   10    7
 0.02564957130851599   15    8   11    6
 -0.02676885997937311   15    8   12    1
 -0.03442927212695805   15    8   12    3
 0.0107407160488197   15    8   12    9
 0.02480799934746271   15    8   13    5
 0.02477147621078436   15    8   13   11
 0.02480799934746273   15    8   14    4
 0.02477147621078439   15    8   14   10
 0.02942567928865245   15    8   15    2
 0.02950764214840332   15    8   15    8
 0.002413099172388522   15    9    1    1
 0.005062094461971172   15    9    2    2
 0.01860669784131356   15    9    3    1
 0.009331538597142981   15    9    3    3
 -0.0009365789390711318   15    9    4    4
 -0.0009365789390711363   15    9    5    5
 -0.0005023449014128519   15    9    6    6
 -0.0005023449014128546   15    9    7    7
 0.01905239940618765   15    9    8    2
 0.008985325120114065   15    9    8    8
 -0.002639912484452741   15    9    9    1
 -0.008981425167522454   15    9    9    3
 -0.007330999320269544   15    9    9    9
 0.006392275160353521   15    9   10    4
 -0.0001900793040051053   15    9   10   10
 0.006392275160353509   15    9   11    5
 -0.0001900793040051576   15    9   11   11
 0.008701259313436904   15    9   12    2
 0.006752507109312403   15    9   12    8
 0.02146981030485949   15    9   12   12
 0.006065483648668678   15    9   13    6
 0.000319284536593303   15    9   13   13
 0.00606548364866869   15    9   14    7
 0.0003192845365933609   15    9   14   14
 -0.007934457108620806   15    9   15    1
 -0.006363768192443161   15    9   15    3
 0.01039062735537068   15    9   15    9
 -0.03992489715546661   15   10    4    1
 -0.007116479641572315   15   10    4    3
 0.04080712689474056   15   10    7    2
 0.00398869470557893   15   10    8    7
 0.001267825782594793   15   10    9    4
 -0.01002337563239593   15   10   10    1
 -0.003854878232511055   15   10   10    3
 -0.01446483943162975   15   10   10    9
 0.001246376535798729   15   10   12    7
 0.00959444275342322   15   10   14    2
 -3.07839028310504e-05   15   10   14    8
 0.03042461881825771   15   10   14   12
 0.0003996726685428032   15   10   15    4
 0.03262719436136052   15   10   15   10
 -0.03992489715546661   15   11    5    1
 -0.007116479641572316   15   11    5    3
 0.04080712689474057   15   11    6    2
 0.00398869470557893   15   11    8    6
 0.001267825782594792   15   11    9    5
 -0.01002337563239593   15   11   11    1
 -0.003854878232511056   15   11   11    3
 -0.01446483943162974   15   11   11    9
 0.001246376535798743   15   11   12    6
 0.009594442753423197   15   11   13    2
 -3.078390283105357e-05   15   11   13    8
 0.03042461881825771   15   11   13   12
 0.0003996726685428032   15   11   15    5
 0.03262719436136052   15   11   15   11
 -0.1987566291143187   15   12    2    1
 -0.06962075911851455   15   12    3    2
 0.1835851310509056   15   12    6    5
 0.1835851310509056   15   12    7    4
 -0.03913001467619246   15   12    8    1
 -0.1875171691440856   15   12    8    3
 -0.01539147556315108   15   12    9    2
 0.07417499595777363   15   12    9    8
 0.06033993162240128   15   12   10    7
 0.06033993162240136   15   12   11    6
 -0.03947179068644378   15   12   12    1
 -0.03756907974357616   15   12   12    3
 0.04673275374392417   15   12   12    9
 0.05270686546508103   15   12   13    5
 0.1627908191096355   15   12   13   11
 0.05270686546508114   15   12   14    4
 0.1627908191096356   15   12   14   10
 0.04596084504620616   15   12   15    2
 0.02167083286409666   15   12   15    8
 0.2085247354138055   15   12   15   12
 0.03857606957053756   15   13    5    2
 -0.03825201336249923   15   13    6    1
 -0.008607178755709174   15   13    6    3
 0.004783385509973962   15   13    8    5
 -0.0005697151616987872   15   13    9    6
 0.01116262095525953   15   13   11    2
 -0.000131298744818136   15   13   11    8
 0.001296514277736807   15   13   12    5
 0.02851793334845096   15   13   12   11
 -0.009525395416685302   15   13   13    1
 -0.001842023719008011   15   13   13    3
 -0.01111398688591012   15   13   13    9
 0.001129186048926454   15   13   15    6
 0.03218122140511728   15   13   15   13
 0.03857606957053756   15   14    4    2
 -0.03825201336249922   15   14    7    1
 -0.008607178755709174   15   14    7    3
 0.004783385509973962   15   14    8    4
 -0.000569715161698781   15   14    9    7
 0.01116262095525954   15   14   10    2
 -0.0001312987448181341   15   14   10    8
 0.001296514277736811   15   14   12    4
 0.02851793334845095   15   14   12   10
 -0.009525395416685326   15   14   14    1
 -0.00184202371900802   15   14   14    3
 -0.01111398688591013   15   14   14    9
 0.001129186048926444   15   14   15    7
 0.03218122140511728   15   14   15   14
 0.3461476911303949   15   15    1    1
 0.352616231747103   15   15    2    2
 0.03643130453735664   15   15    3    1
 0.3387187424040968   15   15    3    3
 0.3316221516276966   15   15    4    4
 0.3316221516276966   15   15    5    5
 0.3344398836319252   15   15    6    6
 0.3344398836319251   15   15    7    7
 0.03168661001908295   15   15    8    2
 0.34492167901251   15   15    8    8
 0.01415971972422427   15   15    9    1
 -0.0480202442648771   15   15    9    3
 0.2983878583063204   15   15    9    9
 0.05862540401901743   15   15   10    4
 0.3101892678756766   15   15   10   10
 0.05862540401901748   15   15   11    5
 0.3101892678756766   15   15   11   11
 0.0452577972871438   15   15   12    2
 0.04032804557305282   15   15   12    8
 0.3393747712841281   15   15   12   12
 0.05724635861849831   15   15   13    6
 0.3103840907391271   15   15   13   13
 0.05724635861849831   15   15   14    7
 0.3103840907391271   15   15   14   14
 -0.04525211089704984   15   15   15    1
 -0.03619937764251931   15   15   15    3
 0.01763972348838089   15   15   15    9
 0.3332243064893755   15   15   15   15
 -0.04768515883843002   16    1    2    1
 0.007556463660914729   16    1    3    2
 0.04106241501930266   16    1    6    5
 0.04106241501930265   16    1    7    4
 0.01708946697392926   16    1    8    1
 -0.04230009157246239   16    1    8    3
 -0.02693410664414803   16    1    9    2
 0.03991746159417642   16    1    9    8
 0.03342693226463397   16    1   10    7
 0.03342693226463399   16    1   11    6
 -0.01161202163779921   16    1   12    1
 -0.01301102200190758   16    1   12    3
 0.009440712317403482   16    1   12    9
 0.0321677343416969   16    1   13    5
 0.03566098535687913   16    1   13   11
 0.03216773434169692   16    1   14    4
 0.03566098535687915   16    1   14   10
 0.01760250135630614   16    1   15    2
 0.005278581167828538   16    1   15    8
 0.02491688835077218   16    1   15   12
 0.02879044707856643   16    1   16    1
 -0.04359499331622713   16    2    1    1
 -0.04351169404509008   16    2    2    2
 0.00927535386603818   16    2    3    1
 -0.03378940652665385   16    2    3    3
 -0.03654702322174173   16    2    4    4
 -0.03654702322174173   16    2    5    5
 -0.03784106645818148   16    2    6    6
 -0.03784106645818144   16    2    7    7
 0.01421289081608923   16    2    8    2
 -0.04365146039207948   16    2    8    8
 -0.02779509232361276   16    2    9    1
 0.03202493215487312   16    2    9    3
 -0.03882652096447523   16    2    9    9
 -0.03163194720005162   16    2   10    4
 -0.03191413854358553   16    2   10   10
 -0.03163194720005162   16    2   11    5
 -0.03191413854358553   16    2   11   11
 -0.01174093868683211   16    2   12    2
 -0.01112646098769633   16    2   12    8
 -0.02329257504872367   16    2   12   12
 -0.03134523678454259   16    2   13    6
 -0.03176769563187523   16    2   13   13
 -0.0313452367845426   16    2   14    7
 -0.03176769563187527   16    2   14   14
 0.01599700602527044   16    2   15    1
 0.006479936020885737   16    2   15    3
 -0.001096246676164709   16    2   15    9
 -0.02182456739711301   16    2   15   15
 0.02644858089843067   16    2   16    2
 0.04463985349274318   16    3    2    1
 -0.002158678542799742   16    3    3    2
 -0.03731202228226477   16    3    6    5
 -0.03731202228226477   16    3    7    4
 -0.01111509128909097   16    3    8    1
 0.04227095814395294   16    3    8    3
 0.02313694437459767   16    3    9    2
 -0.04379112519429029   16    3    9    8
 -0.03130969205337408   16    3   10    7
 -0.03130969205337408   16    3   11    6
 0.01438341151290282   16    3   12    1
 0.0201949210819493   16    3   12    3
 -0.01218081274255026   16    3   12    9
 -0.03014291505507002   16    3   13    5
 -0.03305200047213443   16    3   13   11
 -0.03014291505507005   16    3   14    4
 -0.03305200047213448   16    3   14   10
 -0.02012404911959713   16    3   15    2
 -0.01206814950860522   16    3   15    8
 -0.02583903016362191   16    3   15   12
 -0.0265850575761993   16    3   16    1
 0.03082729820658601   16    3   16    3
 -0.003901255346259445   16    4    4    2
 0.004025964274088585   16    4    7    1
 -0.001596137546717967   16    4    7    3
 0.002842350363869498   16    4    8    4
 0.01061694654078312   16    4    9    7
 -0.01114409337747846   16    4   10    2
 0.005788690336015624   16    4   10    8
 -0.005557034922656733   16    4   12    4
 0.001389743056831878   16    4   12   10
 0.01146073783028011   16    4   14    1
 -0.004360385743941771   16    4   14    3
 0.00202010466420364   16    4   14    9
 -0.007853841124362677   16    4   15    7
 0.00152185742117917   16    4   15   14
 0.01289028125795236   16    4   16    4
 -0.003901255346259445   16    5    5    2
 0.004025964274088591   16    5    6    1
 -0.00159613754671797   16    5    6    3
 0.002842350363869498   16    5    8    5
 0.01061694654078313   16    5    9    6
 -0.01114409337747846   16    5   11    2
 0.005788690336015624   16    5   11    8
 -0.005557034922656733   16    5   12    5
 0.001389743056831878   16    5   12   11
 0.01146073783028011   16    5   13    1
 -0.00436038574394177   16    5   13    3
 0.002020104664203633   16    5   13    9
 -0.007853841124362678   16    5   15    6
 0.001521857421179175   16    5   15   13
 0.01289028125795235   16    5   16    5
 0.002015814128233067   16    6    5    1
 -0.0005935216090389988   16    6    5    3
 -0.002476094010197548   16    6    6    2
 0.00250014832330477   16    6    8    6
 0.01232743524915214   16    6    9    5
 0.01238010103849583   16    6   11    1
 -0.005741605957478883   16    6   11    3
 -0.000880051846094846   16    6   11    9
 -0.00621689846862472   16    6   12    6
 -0.01186520969356431   16    6   13    2
 0.006049380984908838   16    6   13    8
 0.002896181689711855   16    6   13   12
 -0.00864246145594354   16    6   15    5
 0.002658496744740204   16    6   15   11
 0.01422646987562275   16    6   16    6
 0.002015814128233049   16    7    4    1
 -0.0005935216090389939   16    7    4    3
 -0.002476094010197522   16    7    7    2
 0.002500148323304761   16    7    8    7
 0.01232743524915213   16    7    9    4
 0.01238010103849582   16    7   10    1
 -0.005741605957478883   16    7   10    3
 -0.0008800518460948559   16    7   10    9
 -0.006216898468624721   16    7   12    7
 -0.01186520969356431   16    7   14    2
 0.006049380984908836   16    7   14    8
 0.002896181689711861   16    7   14   12
 -0.00864246145594354   16    7   15    4
 0.002658496744740215   16    7   15   10
 0.01422646987562275   16    7   16    7
 0.06015245133568967   16    8    1    1
 0.06080219955805015   16    8    2    2
 -0.006895698233230938   16    8    3    1
 0.05079768474486137   16    8    3    3
 0.05033615276140237   16    8    4    4
 0.05033615276140236   16    8    5    5
 0.0520696780678029   16    8    6    6
 0.05206967806780286   16    8    7    7
 -0.01305947761819962   16    8    8    2
 0.0639430742021804   16    8    8    8
 0.03283842723393186   16    8    9    1
 -0.04813490646328918   16    8    9    3
 0.05351234935008741   16    8    9    9
 0.03952189872503441   16    8   10    4
 0.044648490575584   16    8   10   10
 0.03952189872503439   16    8   11    5
 0.044648490575584   16    8   11   11
 0.01941686103672074   16    8   12    2
 0.02397496295406149   16    8   12    8
 0.03698645405654963   16    8   12   12
 0.03895399553206948   16    8   13    6
 0.04484451540815876   16    8   13   13
 0.03895399553206951   16    8   14    7
 0.04484451540815881   16    8   14   14
 -0.02366667933836156   16    8   15    1
 -0.01681329809121926   16    8   15    3
 0.004456894309978325   16    8   15    9
 0.03442280641754038   16    8   15   15
 -0.03125514027811337   16    8   16    2
 0.0446619959371886   16    8   16    8
 -0.1681117499504179   16    9    2    1
 0.0123300031502581   16    9    3    2
 0.1542847898030725   16    9    6    5
 0.1542847898030725   16    9    7    4
 0.04223681325179193   16    9    8    1
 -0.160205631978336   16    9    8    3
 -0.04500753374720857   16    9    9    2
 0.08620660197965482   16    9    9    8
 0.06185973083888362   16    9   10    7
 0.06185973083888371   16    9   11    6
 -0.02497200494820747   16    9   12    1
 -0.03842157953726223   16    9   12    3
 0.02750515804652761   16    9   12    9
 0.05603261012828096   16    9   13    5
 0.1353279148115296   16    9   13   11
 0.05603261012828104   16    9   14    4
 0.1353279148115296   16    9   14   10
 0.03571836620219175   16    9   15    2
 0.02185732417210392   16    9   15    8
 0.112908105948698   16    9   15   12
 0.04018087566287355   16    9   16    1
 -0.03660704608454407   16    9   16    3
 0.1482824445784133   16    9   16    9
 -0.03004230959182196   16   10    4    2
 0.03055332332875403   16   10    7    1
 -0.006662459996795521   16   10    7    3
 0.01030899738275367   16   10    8    4
 0.004830824125724113   16   10    9    7
 -0.009167700726280781   16   10   10    2
 0.003802660863811182   16   10   10    8
 0.0005188303801956107   16   10   12    4
 -0.01299651181320772   16   10   12   10
 0.008165212000863724   16   10   14    1
 -0.001151991349848205   16   10   14    3
 0.01946958265023395   16   10   14    9
 0.0001242869359128502   16   10   15    7
 -0.01757121636390666   16   10   15   14
 4.101788576997484e-05   16   10   16    4
 0.024198706498483   16   10   16   10
 -0.03004230959182196   16   11    5    2
 0.03055332332875403   16   11    6    1
 -0.006662459996795522   16   11    6    3
 0.01030899738275367   16   11    8    5
 0.004830824125724124   16   11    9    6
 -0.009167700726280781   16   11   11    2
 0.00380266086381118   16   11   11    8
 0.0005188303801956099   16   11   12    5
 -0.01299651181320772   16   11   12   11
 0.008165212000863706   16   11   13    1
 -0.0011519913498482   16   11   13    3
 0.01946958265023396   16   11   13    9
 0.0001242869359128412   16   11   15    6
 -0.01757121636390666   16   11   15   13
 4.101788576997227e-05   16   11   16    5
 0.02419870649848301   16   11   16   11
 0.002030146348213494   16   12    1    1
 0.003145373156844333   16   12    2    2
 0.007138122349679191   16   12    3    1
 0.009262547816601116   16   12    3    3
 -0.002015070847678936   16   12    4    4
 -0.00201507084767893   16   12    5    5
 -0.001754768829328156   16   12    6    6
 -0.001754768829328167   16   12    7    7
 0.007245337727680277   16   12    8    2
 0.01071573094137643   16   12    8    8
 0.00288805853936554   16   12    9    1
 -0.009286341245949523   16   12    9    3
 0.001799921501349622   16   12    9    9
 0.005822148158341996   16   12   10    4
 -0.0006431752354991314   16   12   10   10
 0.005822148158341955   16   12   11    5
 -0.0006431752354992225   16   12   11   11
 0.003655541371360887   16   12   12    2
 0.003256239707651285   16   12   12    8
 0.01365776993114757   16   12   12   12
 0.005760465540687311   16   12   13    6
 -0.0005111251955125668   16   12   13   13
 0.005760465540687356   16   12   14    7
 -0.0005111251955124696   16   12   14   14
 -0.004167339193619525   16   12   15    1
 -0.002089341955062283   16   12   15    3
 0.007435078713588041   16   12   15    9
 0.01043477114354752   16   12   15   15
 -0.004723794809189633   16   12   16    2
 0.007221981322818176   16   12   16    8
 0.007378885917569472   16   12   16   12
 0.03496137916223883   16   13    5    1
 -0.008624082718549831   16   13    5    3
 -0.03449018814840249   16   13    6    2
 0.01151773177367494   16   13    8    6
 0.00123799139948711   16   13    9    5
 0.007208568287196541   16   13   11    1
 0.001398416703907342   16   13   11    3
 0.02586542093127355   16   13   11    9
 0.001730685660589445   16   13   12    6
 -0.007299833347714019   16   13   13    2
 0.003232506763438565   16   13   13    8
 -0.01634551552935848   16   13   13   12
 0.002048578987276196   16   13   15    5
 -0.02062954776512121   16   13   15   11
 -0.002322236960070273   16   13   16    6
 0.02943099107652847   16   13   16   13
 0.03496137916223883   16   14    4    1
 -0.008624082718549831   16   14    4    3
 -0.03449018814840249   16   14    7    2
 0.01151773177367494   16   14    8    7
 0.001237991399487121   16   14    9    4
 0.007208568287196545   16   14   10    1
 0.001398416703907337   16   14   10    3
 0.02586542093127355   16   14   10    9
 0.001730685660589453   16   14   12    7
 -0.007299833347714045   16   14   14    2
 0.003232506763438577   16   14   14    8
 -0.01634551552935848   16   14   14   12
 0.002048578987276189   16   14   15    4
 -0.02062954776512121   16   14   15   10
 -0.002322236960070274   16   14   16    7
 0.02943099107652846   16   14   16   14
 0.02502388826968523   16   15    2    1
 -0.008831052801675478   16   15    3    2
 -0.02716178607425019   16   15    6    5
 -0.02716178607425019   16   15    7    4
 -0.01302398401553093   16   15    8    1
 0.01548925463091885   16   15    8    3
 0.006376964272567535   16   15    9    2
 -0.006992943290990691   16   15    9    8
 -0.005684721485382025   16   15   10    7
 -0.005684721485382045   16   15   11    6
 0.001095129499194318   16   15   12    1
 0.00324347293565724   16   15   12    3
 0.003374517607752505   16   15   12    9
 -0.004576669771835244   16   15   13    5
 -0.02224653763082148   16   15   13   11
 -0.00457666977183525   16   15   14    4
 -0.02224653763082149   16   15   14   10
 -0.002094662776957055   16   15   15    2
 -0.001811252495266028   16   15   15    8
 -0.006650208805170523   16   15   15   12
 -0.002632294816483216   16   15   16    1
 0.0008879984322201374   16   15   16    3
 -0.0218352842543755   16   15   16    9
 0.01044750294807629   16   15   16   15
 0.3829073144015395   16   16    1    1
 0.3765483570483562   16   16    2    2
 -0.05553730537541354   16   16    3    1
 0.3735551612650675   16   16    3    3
 0.3627018846830024   16   16    4    4
 0.3627018846830024   16   16    5    5
 0.3636786098035746   16   16    6    6
 0.3636786098035745   16   16    7    7
 -0.06099953826057983   16   16    8    2
 0.3859002149068685   16   16    8    8
 0.03745163383437584   16   16    9    1
 -0.03989090429156137   16   16    9    3
 0.414391589363112   16   16    9    9
 0.06048648340450346   16   16   10    4
 0.3419580414972744   16   16   10   10
 0.06048648340450345   16   16   11    5
 0.3419580414972743   16   16   11   11
 0.03259493271511318   16   16   12    2
 0.04927254761909911   16   16   12    8
 0.2872217179329223   16   16   12   12
 0.06247282690291299   16   16   13    6
 0.3364293890480607   16   16   13   13
 0.06247282690291303   16   16   14    7
 0.3364293890480609   16   16   14   14
 -0.03716580614827598   16   16   15    1
 -0.03960507024725334   16   16   15    3
 -0.01003161308333793   16   16   15    9
 0.2899337644528681   16   16   15   15
 -0.03388627546487194   16   16   16    2
 0.04713937370895743   16   16   16    8
 -0.001563475766730908   16   16   16   12
 0.3947718942866546   16   16   16   16
 -4.336108300395446    1    1  0  0
 -4.3295917518979    2    2  0  0
 0.08929132361533841    3    1  0  0
 -3.763433674268052    3    3  0  0
 -3.73890564068884    4    4  0  0
 -3.73890564068884    5    5  0  0
 -3.753400887822505    6    6  0  0
 -3.753400887822503    7    7  0  0
 0.164862275228413    8    2  0  0
 -3.823128245747903    8    8  0  0
 -0.2752703108796343    9    1  0  0
 0.5117898284208435    9    3  0  0
 -2.952340627583892    9    9  0  0
 -0.7084385472294007   10    4  0  0
 -2.632174080121092   10   10  0  0
 -0.7084385472294003   11    5  0  0
 -2.632174080121092   11   11  0  0
 -0.4180638307729805   12    2  0  0
 -0.5167306437642232   12    8  0  0
 -2.370076343042681   12   12  0  0
 -0.7138597259496745   13    6  0  0
 1.077186538154745e-15   13   11  0  0
 -2.543838783441026   13   13  0  0
 -0.7138597259496756   14    7  0  0
 -2.543838783441025   14   14  0  0
 0.4423123720845618   15    1  0  0
 0.4263938766441893   15    3  0  0
 -0.04034132067912907   15    9  0  0
 -2.337125961098104   15   15  0  0
 0.2868214222725454   16    2  0  0
 -0.4655912656611015   16    8  0  0
 -0.03508796034059582   16   12  0  0
 1.127880860848977e-15   16   15  0  0
 -2.43577814106364   16   16  0  0
 -84.99546748412084  0  0  0  0
