 &FCI NORB=  16,NELEC=10,MS2=0,
  ORBSYM=1,1,1,1,1,1,1,1,1,1,1,1,1,1,1,1
  ISYM=1,
 &END
 0.4282925718748631    1    1    1    1
 0.2631408468520514    2    1    2    1
 0.429233447361953    2    2    1    1
 0.4309681339327622    2    2    2    2
 -0.008873106484574613    3    1    1    1
 -0.001786052022389107    3    1    2    2
 0.06720648088600929    3    1    3    1
 0.02903159023891599    3    2    2    1
 0.06306572857669009    3    2    3    2
 0.4023912313651615    3    3    1    1
 0.4028283535742117    3    3    2    2
 -0.007554405908599744    3    3    3    1
 0.4043636437857808    3    3    3    3
 0.06697461804493807    4    1    4    1
 0.06472122313214733    4    2    4    2
 0.001113899673269551    4    3    4    1
 0.01615024888476364    4    3    4    3
 0.4041759400221018    4    4    1    1
 0.4051645251314236    4    4    2    2
 -0.006655546909746159    4    4    3    1
 0.3720116918924405    4    4    3    3
 0.4058531575874809    4    4    4    4
 0.06697461804493807    5    1    5    1
 0.06472122313214733    5    2    5    2
 0.001113899673269551    5    3    5    1
 0.01615024888476364    5    3    5    3
 0.01628568654622281    5    4    5    4
 0.4041759400221018    5    5    1    1
 0.4051645251314236    5    5    2    2
 -0.006655546909746159    5    5    3    1
 0.3720116918924405    5    5    3    3
 0.3732817844950353    5    5    4    4
 0.4058531575874809    5    5    5    5
 -0.0647492631492232    6    1    5    2
 0.06480989988925674    6    1    6    1
 -0.06760110043948402    6    2    5    1
 -0.002066328667041565    6    2    5    3
 0.06830276402650268    6    2    6    2
 -0.003287322995271593    6    3    5    2
 0.002579798884920621    6    3    6    1
 0.01559614215052416    6    3    6    3
 0.0163582582397489    6    4    6    4
 -0.242236102209922    6    5    2    1
 -0.02570108307701608    6    5    3    2
 0.2468626302647995    6    5    6    5
 0.4065229851316693    6    6    1    1
 0.4076298903450525    6    6    2    2
 -0.005978924269802803    6    6    3    1
 0.3736191465825739    6    6    3    3
 0.3752816376790877    6    6    4    4
 0.40824536854323    6    6    5    5
 0.4107081681775201    6    6    6    6
 -0.06474926314922322    7    1    4    2
 0.06480989988925677    7    1    7    1
 -0.06760110043948402    7    2    4    1
 -0.002066328667041565    7    2    4    3
 0.06830276402650269    7    2    7    2
 -0.003287322995271593    7    3    4    2
 0.002579798884920621    7    3    7    1
 0.01559614215052416    7    3    7    3
 -0.242236102209922    7    4    2    1
 -0.02570108307701608    7    4    3    2
 0.2141461137853018    7    4    6    5
 0.2468626302647996    7    4    7    4
 0.0163582582397489    7    5    6    4
 0.01635825823974891    7    5    7    5
 0.01648186543207112    7    6    5    4
 0.01668610734770542    7    6    7    6
 0.4065229851316693    7    7    1    1
 0.4076298903450525    7    7    2    2
 -0.005978924269802806    7    7    3    1
 0.3736191465825741    7    7    3    3
 0.4082453685432301    7    7    4    4
 0.3752816376790878    7    7    5    5
 0.3773359534821094    7    7    6    6
 0.4107081681775202    7    7    7    7
 -0.004292643065087827    8    1    2    1
 0.06196334661445282    8    1    3    2
 0.004523827010354505    8    1    6    5
 0.004523827010354503    8    1    7    4
 0.06526311840064881    8    1    8    1
 -0.0167142388198863    8    2    1    1
 -0.009699330963593938    8    2    2    2
 0.06839588002668399    8    2    3    1
 -0.01163980030422177    8    2    3    3
 -0.01416790938724131    8    2    4    4
 -0.01416790938724131    8    2    5    5
 -0.01368418812684909    8    2    6    6
 -0.01368418812684909    8    2    7    7
 0.07050313988886792    8    2    8    2
 0.235860193133275    8    3    2    1
 0.02685572896570917    8    3    3    2
 -0.2083540536731119    8    3    6    5
 -0.208354053673112    8    3    7    4
 -0.003736304912775525    8    3    8    1
 0.2340486205721574    8    3    8    3
 -0.002166799988253466    8    4    4    2
 0.002905215180228138    8    4    7    1
 -0.01594849763840289    8    4    7    3
 0.01682181841878035    8    4    8    4
 -0.002166799988253466    8    5    5    2
 0.002905215180228138    8    5    6    1
 -0.01594849763840289    8    5    6    3
 0.01682181841878035    8    5    8    5
 0.003806209971445937    8    6    5    1
 -0.01646189658672132    8    6    5    3
 -0.002927930408884832    8    6    6    2
 0.01733013162564281    8    6    8    6
 0.003806209971445937    8    7    4    1
 -0.01646189658672132    8    7    4    3
 -0.002927930408884832    8    7    7    2
 0.01733013162564281    8    7    8    7
 0.4157830178092157    8    8    1    1
 0.4160673562670318    8    8    2    2
 -0.01261841163528722    8    8    3    1
 0.4143737056176525    8    8    3    3
 0.3832509003711252    8    8    4    4
 0.3832509003711252    8    8    5    5
 0.3851688687090223    8    8    6    6
 0.3851688687090224    8    8    7    7
 -0.01832112086773011    8    8    8    2
 0.4282347950011999    8    8    8    8
 0.03634497966579937    9    1    1    1
 0.03508386343192198    9    1    2    2
 -0.02074717866002462    9    1    3    1
 0.02551032354935107    9    1    3    3
 0.03100510953991572    9    1    4    4
 0.03100510953991572    9    1    5    5
 0.03174544853578694    9    1    6    6
 0.03174544853578694    9    1    7    7
 -0.0250569310322457    9    1    8    2
 0.03507283242376996    9    1    8    8
 0.029766039854039    9    1    9    1
 0.03905939011539003    9    2    2    1
 -0.02179614567867735    9    2    3    2
 -0.03492810227408866    9    2    6    5
 -0.03492810227408867    9    2    7    4
 -0.02843428077941925    9    2    8    1
 0.034095132327735    9    2    8    3
 0.02730269732924282    9    2    9    2
 -0.07389225078652323    9    3    1    1
 -0.07599101319978364    9    3    2    2
 -0.005430721427393697    9    3    3    1
 -0.06285979617067279    9    3    3    3
 -0.06199626783200909    9    3    4    4
 -0.06199626783200907    9    3    5    5
 -0.06359515932982569    9    3    6    6
 -0.06359515932982572    9    3    7    7
 0.0004149623710654115    9    3    8    2
 -0.07567262164728956    9    3    8    8
 -0.03036548093454527    9    3    9    1
 0.06162535315337805    9    3    9    3
 0.004411007315581228    9    4    4    1
 -0.003886923276947227    9    4    4    3
 -0.004523727878956271    9    4    7    2
 0.005482399203285426    9    4    8    7
 0.01093328134421959    9    4    9    4
 0.004411007315581228    9    5    5    1
 -0.003886923276947227    9    5    5    3
 -0.00452372787895627    9    5    6    2
 0.005482399203285426    9    5    8    6
 0.01093328134421959    9    5    9    5
 -0.006473581604614604    9    6    5    2
 0.006716113443868074    9    6    6    1
 -0.005041940702215324    9    6    6    3
 0.006258451223073451    9    6    8    5
 0.009696839275724102    9    6    9    6
 -0.006473581604614604    9    7    4    2
 0.006716113443868074    9    7    7    1
 -0.005041940702215324    9    7    7    3
 0.006258451223073451    9    7    8    4
 0.009696839275724102    9    7    9    7
 -0.1089040726402846    9    8    2    1
 -0.0005071469993735098    9    8    3    2
 0.09407727898443256    9    8    6    5
 0.09407727898443258    9    8    7    4
 0.01497818646578501    9    8    8    1
 -0.1040611566687072    9    8    8    3
 -0.03198715715089041    9    8    9    2
 0.07440193153815015    9    8    9    8
 0.3886812807732912    9    9    1    1
 0.3837343430047587    9    9    2    2
 -0.05509120171338371    9    9    3    1
 0.3874209258637777    9    9    3    3
 0.3637237600405049    9    9    4    4
 0.3637237600405048    9    9    5    5
 0.3644785369596117    9    9    6    6
 0.3644785369596117    9    9    7    7
 -0.05889395680698294    9    9    8    2
 0.3969515821302386    9    9    8    8
 0.03491442294203023    9    9    9    1
 -0.04826573863091147    9    9    9    3
 0.4262239032308236    9    9    9    9
 0.02267251656251447   10    1    4    1
 0.001496170888030219   10    1    4    3
 -0.02324848206696995   10    1    7    2
 0.001206046608906888   10    1    8    7
 0.009082279957686692   10    1    9    4
 0.02071768285918587   10    1   10    1
 0.02441755255977943   10    2    4    2
 -0.02442457697914199   10    2    7    1
 -0.001242948429508336   10    2    7    3
 -0.001379227777260338   10    2    8    4
 -0.008243969512916061   10    2    9    7
 0.02077409698800164   10    2   10    2
 0.002993158356882706   10    3    4    1
 0.003543242621713182   10    3    4    3
 -0.003061790510876912   10    3    7    2
 -0.004104263447177027   10    3    8    7
 -0.006971831967066726   10    3    9    4
 0.0004415510260328447   10    3   10    1
 0.007864222655158008   10    3   10    3
 0.09199768842802768   10    4    1    1
 0.09352962053712234   10    4    2    2
 0.00282762773601508   10    4    3    1
 0.07432305794572919   10    4    3    3
 0.08715290065189972   10    4    4    4
 0.07805513559886629   10    4    5    5
 0.07944048029247597   10    4    6    6
 0.08888639785291541   10    4    7    7
 -0.002327264929929082   10    4    8    2
 0.08244896435303341   10    4    8    8
 0.02483929923593537   10    4    9    1
 -0.04685586805734591   10    4    9    3
 0.06911367629212195   10    4    9    9
 0.06835507023327519   10    4   10    4
 0.004548882526516704   10    5    5    4
 0.00472295878021971   10    5    7    6
 0.0075060501230158   10    5   10    5
 0.004880434960857311   10    6    6    4
 0.004880434960857311   10    6    7    5
 0.007467031568041725   10    6   10    6
 -0.09313674792164205   10    7    2    1
 -0.00720821668982786   10    7    3    2
 0.07903557500710927   10    7    6    5
 0.08879644492882392   10    7    7    4
 0.005400730342625322   10    7    8    1
 -0.07758510415692131   10    7    8    3
 -0.02356442629456592   10    7    9    2
 0.05548905688164116   10    7    9    8
 0.06973394702465366   10    7   10    7
 -0.002122303823370684   10    8    4    2
 0.002346238473625461   10    8    7    1
 -0.004878288669390456   10    8    7    3
 0.005454875133225366   10    8    8    4
 0.006982039117283504   10    8    9    7
 -0.0008101301068154346   10    8   10    2
 0.007652698902878464   10    8   10    8
 0.02401632602508358   10    9    4    1
 -0.0109433176822087   10    9    4    3
 -0.02343386337089445   10    9    7    2
 0.01249708655086553   10    9    8    7
 0.002375355860275587   10    9    9    4
 0.005126104261990328   10    9   10    1
 -0.0004988972744294546   10    9   10    3
 0.02111507584633485   10    9   10    9
 0.3639610677906465   10   10    1    1
 0.3644982584749015   10   10    2    2
 -0.007610344969765368   10   10    3    1
 0.3407139088138169   10   10    3    3
 0.3652052598771913   10   10    4    4
 0.3410031838988681   10   10    5    5
 0.342616984543493   10   10    6    6
 0.367035153592476   10   10    7    7
 -0.01347890406021591   10   10    8    2
 0.3497384210101687   10   10    8    8
 0.02607377589166696   10   10    9    1
 -0.05245458108158553   10   10    9    3
 0.3427331869070914   10   10    9    9
 0.07382673832180506   10   10   10    4
 0.3453503514835621   10   10   10   10
 0.02267251656251447   11    1    5    1
 0.001496170888030219   11    1    5    3
 -0.02324848206696995   11    1    6    2
 0.001206046608906888   11    1    8    6
 0.009082279957686692   11    1    9    5
 0.02071768285918587   11    1   11    1
 0.02441755255977943   11    2    5    2
 -0.02442457697914199   11    2    6    1
 -0.001242948429508336   11    2    6    3
 -0.001379227777260338   11    2    8    5
 -0.008243969512916061   11    2    9    6
 0.02077409698800164   11    2   11    2
 0.002993158356882706   11    3    5    1
 0.003543242621713182   11    3    5    3
 -0.003061790510876912   11    3    6    2
 -0.004104263447177028   11    3    8    6
 -0.006971831967066726   11    3    9    5
 0.0004415510260328449   11    3   11    1
 0.007864222655158008   11    3   11    3
 0.004548882526516704   11    4    5    4
 0.00472295878021971   11    4    7    6
 0.0075060501230158   11    4   10    5
 0.0075060501230158   11    4   11    4
 0.09199768842802768   11    5    1    1
 0.09352962053712234   11    5    2    2
 0.002827627736015081   11    5    3    1
 0.07432305794572916   11    5    3    3
 0.07805513559886629   11    5    4    4
 0.08715290065189971   11    5    5    5
 0.08888639785291538   11    5    6    6
 0.07944048029247597   11    5    7    7
 -0.002327264929929082   11    5    8    2
 0.08244896435303338   11    5    8    8
 0.02483929923593537   11    5    9    1
 -0.04685586805734588   11    5    9    3
 0.06911367629212194   11    5    9    9
 0.05334296998724356   11    5   10    4
 0.06812644347276019   11    5   10   10
 0.06835507023327515   11    5   11    5
 -0.09313674792164206   11    6    2    1
 -0.00720821668982786   11    6    3    2
 0.08879644492882389   11    6    6    5
 0.07903557500710927   11    6    7    4
 0.005400730342625323   11    6    8    1
 -0.0775851041569213   11    6    8    3
 -0.02356442629456592   11    6    9    2
 0.05548905688164114   11    6    9    8
 0.05479988388857018   11    6   10    7
 0.06973394702465363   11    6   11    6
 0.004880434960857311   11    7    6    4
 0.004880434960857311   11    7    7    5
 0.007467031568041726   11    7   10    6
 0.007467031568041726   11    7   11    7
 -0.002122303823370684   11    8    5    2
 0.002346238473625461   11    8    6    1
 -0.004878288669390456   11    8    6    3
 0.005454875133225366   11    8    8    5
 0.006982039117283504   11    8    9    6
 -0.0008101301068154346   11    8   11    2
 0.007652698902878465   11    8   11    8
 0.02401632602508358   11    9    5    1
 -0.0109433176822087   11    9    5    3
 -0.02343386337089445   11    9    6    2
 0.01249708655086553   11    9    8    6
 0.002375355860275586   11    9    9    5
 0.005126104261990328   11    9   11    1
 -0.0004988972744294532   11    9   11    3
 0.02111507584633486   11    9   11    9
 0.01210103798916155   11   10    5    4
 0.01220908452449149   11   10    7    6
 0.002850147424522398   11   10   10    5
 0.002850147424522398   11   10   11    4
 0.01213379928799461   11   10   11   10
 0.3639610677906465   11   11    1    1
 0.3644982584749015   11   11    2    2
 -0.007610344969765369   11   11    3    1
 0.3407139088138169   11   11    3    3
 0.3410031838988681   11   11    4    4
 0.3652052598771912   11   11    5    5
 0.367035153592476   11   11    6    6
 0.342616984543493   11   11    7    7
 -0.01347890406021592   11   11    8    2
 0.3497384210101687   11   11    8    8
 0.02607377589166696   11   11    9    1
 -0.05245458108158549   11   11    9    3
 0.3427331869070914   11   11    9    9
 0.0681264434727602   11   11   10    4
 0.3210827529075728   11   11   10   10
 0.07382673832180503   11   11   11    5
 0.3453503514835619   11   11   11   11
 -0.02277498653575855   12    1    5    2
 0.02279177381970941   12    1    6    1
 0.0009249546125524651   12    1    6    3
 0.001583588526181392   12    1    8    5
 0.008446916595354863   12    1    9    6
 -0.02030074614000716   12    1   11    2
 0.001081655573257807   12    1   11    8
 0.01988534867645948   12    1   12    1
 -0.02225049751262327   12    2    5    1
 -0.001348380670748814   12    2    5    3
 0.02279259512873554   12    2    6    2
 -0.00124379457113962   12    2    8    6
 -0.008578991157305918   12    2    9    5
 -0.02054935269416067   12    2   11    1
 -0.0009883411060305114   12    2   11    3
 -0.005318950247322833   12    2   11    9
 0.02045436397660633   12    2   12    2
 -0.001405107819371567   12    3    5    2
 0.001222995176338232   12    3    6    1
 0.004174052581359999   12    3    6    3
 -0.004378876182889839   12    3    8    5
 -0.005852889584439571   12    3    9    6
 -0.001297454512062588   12    3   11    2
 -0.007136325562904101   12    3   11    8
 0.0009625527660295332   12    3   12    1
 0.006932443794617149   12    3   12    3
 0.004438341667437291   12    4    6    4
 0.004438341667437291   12    4    7    5
 0.007418346873848383   12    4   10    6
 0.007418346873848383   12    4   11    7
 0.007382941810576041   12    4   12    4
 -0.08682798310153997   12    5    2    1
 -0.006371486139676795   12    5    3    2
 0.08226333843630586   12    5    6    5
 0.07338665510143129   12    5    7    4
 0.005467974122500162   12    5    8    1
 -0.07214501614478804   12    5    8    3
 -0.02281022823116734   12    5    9    2
 0.05328079916522355   12    5    9    8
 0.05305515981261549   12    5   10    7
 0.06789185356031223   12    5   11    6
 0.06623053468062173   12    5   12    5
 0.09160744436992126   12    6    1    1
 0.09299367370521164   12    6    2    2
 0.001759070532483382   12    6    3    1
 0.0745391371149654   12    6    3    3
 0.0777256785823995   12    6    4    4
 0.08646203062496781   12    6    5    5
 0.08814060334226263   12    6    6    6
 0.07907134200946761   12    6    7    7
 -0.003262878907564946   12    6    8    2
 0.08243728902405589   12    6    8    8
 0.02456061353556195   12    6    9    1
 -0.04598489205766872   12    6    9    3
 0.07073923337260926   12    6    9    9
 0.05318178400453129   12    6   10    4
 0.06814413856022705   12    6   10   10
 0.06822943250622895   12    6   11    5
 0.07371025204086404   12    6   11   11
 0.06820566616307694   12    6   12    6
 0.004368176021284169   12    7    5    4
 0.004534630666397517   12    7    7    6
 0.00752382425084885   12    7   10    5
 0.00752382425084885   12    7   11    4
 0.002783056740318518   12    7   11   10
 0.007557856223551916   12    7   12    7
 0.001963873691660257   12    8    5    1
 -0.004258774923352325   12    8    5    3
 -0.001861544727809884   12    8    6    2
 0.00509373782020717   12    8    8    6
 0.007285958900906494   12    8    9    5
 0.001322964225373564   12    8   11    1
 -0.007477848706889852   12    8   11    3
 0.003538513089592975   12    8   11    9
 -0.0008429560500365638   12    8   12    2
 0.007727097243295771   12    8   12    8
 -0.01964406516068367   12    9    5    2
 0.02011001255634191   12    9    6    1
 -0.008954698058494474   12    9    6    3
 0.01095622085339   12    9    8    5
 0.00522781313133345   12    9    9    6
 -0.006474237510575666   12    9   11    2
 0.004398633106948686   12    9   11    8
 0.006113740197462549   12    9   12    1
 -0.002619644670072667   12    9   12    3
 0.01549813686366583   12    9   12    9
 0.01197906070057841   12   10    6    4
 0.01197906070057841   12   10    7    5
 0.003098503869480705   12   10   10    6
 0.003098503869480705   12   10   11    7
 0.002751323513492365   12   10   12    4
 0.01185760875339237   12   10   12   10
 -0.2018218595849917   12   11    2    1
 -0.02283920008238528   12   11    3    2
 0.2058556060314196   12   11    6    5
 0.1818974846302628   12   11    7    4
 0.002468250340328296   12   11    8    1
 -0.1766460334815272   12   11    8    3
 -0.02974862523491056   12   11    9    2
 0.08120977655059991   12   11    9    8
 0.06796391175699959   12   11   10    7
 0.07416091949596099   12   11   11    6
 0.06863180908494286   12   11   12    5
 0.1861099437959333   12   11   12   11
 0.3621101999763535   12   12    1    1
 0.3628692652400978   12   12    2    2
 -0.005850747232259783   12   12    3    1
 0.3383277740658905   12   12    3    3
 0.3395098537347272   12   12    4    4
 0.3638958010724631   12   12    5    5
 0.3657879220938949   12   12    6    6
 0.3411684003856222   12   12    7    7
 -0.01185292829775195   12   12    8    2
 0.3476345877492696   12   12    8    8
 0.02622068821919278   12   12    9    1
 -0.05328411171967115   12   12    9    3
 0.3383032431418692   12   12    9    9
 0.06755185572177785   12   12   10    4
 0.3196150026504946   12   12   10   10
 0.07289493182430737   12   12   11    5
 0.3440882757572262   12   12   11   11
 0.07261617639266123   12   12   12    6
 0.3431421989746635   12   12   12   12
 -0.02277498653575856   13    1    4    2
 0.02279177381970942   13    1    7    1
 0.0009249546125524651   13    1    7    3
 0.001583588526181392   13    1    8    4
 0.008446916595354863   13    1    9    7
 -0.02030074614000716   13    1   10    2
 0.001081655573257807   13    1   10    8
 0.01988534867645949   13    1   13    1
 -0.02225049751262328   13    2    4    1
 -0.001348380670748814   13    2    4    3
 0.02279259512873555   13    2    7    2
 -0.00124379457113962   13    2    8    7
 -0.008578991157305914   13    2    9    4
 -0.02054935269416067   13    2   10    1
 -0.0009883411060305118   13    2   10    3
 -0.005318950247322834   13    2   10    9
 0.02045436397660634   13    2   13    2
 -0.001405107819371567   13    3    4    2
 0.001222995176338232   13    3    7    1
 0.004174052581360001   13    3    7    3
 -0.004378876182889842   13    3    8    4
 -0.005852889584439572   13    3    9    7
 -0.001297454512062588   13    3   10    2
 -0.007136325562904102   13    3   10    8
 0.0009625527660295334   13    3   13    1
 0.006932443794617152   13    3   13    3
 -0.08682798310154001   13    4    2    1
 -0.006371486139676797   13    4    3    2
 0.07338665510143132   13    4    6    5
 0.08226333843630591   13    4    7    4
 0.005467974122500162   13    4    8    1
 -0.07214501614478805   13    4    8    3
 -0.02281022823116733   13    4    9    2
 0.05328079916522357   13    4    9    8
 0.06789185356031224   13    4   10    7
 0.05305515981261549   13    4   11    6
 0.05146465105946967   13    4   12    5
 0.06312916205795822   13    4   12   11
 0.06623053468062176   13    4   13    4
 0.004438341667437295   13    5    6    4
 0.004438341667437295   13    5    7    5
 0.007418346873848384   13    5   10    6
 0.007418346873848385   13    5   11    7
 0.007382941810576043   13    5   12    4
 0.002751323513492367   13    5   12   10
 0.007382941810576044   13    5   13    5
 0.004368176021284171   13    6    5    4
 0.004534630666397519   13    6    7    6
 0.007523824250848849   13    6   10    5
 0.007523824250848849   13    6   11    4
 0.00278305674031852   13    6   11   10
 0.007557856223551917   13    6   12    7
 0.007557856223551917   13    6   13    6
 0.09160744436992131   13    7    1    1
 0.09299367370521169   13    7    2    2
 0.001759070532483382   13    7    3    1
 0.07453913711496547   13    7    3    3
 0.08646203062496786   13    7    4    4
 0.07772567858239951   13    7    5    5
 0.07907134200946764   13    7    6    6
 0.08814060334226269   13    7    7    7
 -0.003262878907564949   13    7    8    2
 0.08243728902405598   13    7    8    8
 0.02456061353556196   13    7    9    1
 -0.04598489205766876   13    7    9    3
 0.07073923337260943   13    7    9    9
 0.06822943250622897   13    7   10    4
 0.07371025204086411   13    7   10   10
 0.05318178400453132   13    7   11    5
 0.06814413856022711   13    7   11   11
 0.05308995371597314   13    7   12    6
 0.06745840943757589   13    7   12   12
 0.06820566616307698   13    7   13    7
 0.001963873691660257   13    8    4    1
 -0.004258774923352329   13    8    4    3
 -0.001861544727809885   13    8    7    2
 0.005093737820207171   13    8    8    7
 0.007285958900906495   13    8    9    4
 0.001322964225373564   13    8   10    1
 -0.007477848706889854   13    8   10    3
 0.003538513089592978   13    8   10    9
 -0.0008429560500365636   13    8   13    2
 0.007727097243295772   13    8   13    8
 -0.01964406516068368   13    9    4    2
 0.02011001255634191   13    9    7    1
 -0.008954698058494475   13    9    7    3
 0.01095622085339   13    9    8    4
 0.005227813131333451   13    9    9    7
 -0.006474237510575665   13    9   10    2
 0.004398633106948689   13    9   10    8
 0.006113740197462555   13    9   13    1
 -0.002619644670072671   13    9   13    3
 0.01549813686366583   13    9   13    9
 -0.2018218595849917   13   10    2    1
 -0.02283920008238528   13   10    3    2
 0.1818974846302628   13   10    6    5
 0.2058556060314196   13   10    7    4
 0.002468250340328301   13   10    8    1
 -0.1766460334815272   13   10    8    3
 -0.02974862523491055   13   10    9    2
 0.08120977655059994   13   10    9    8
 0.07416091949596101   13   10   10    7
 0.06796391175699966   13   10   11    6
 0.0631291620579582   13   10   12    5
 0.1623947262891487   13   10   12   11
 0.06863180908494293   13   10   13    4
 0.1861099437959334   13   10   13   10
 0.01197906070057842   13   11    6    4
 0.01197906070057842   13   11    7    5
 0.003098503869480707   13   11   10    6
 0.003098503869480707   13   11   11    7
 0.002751323513492368   13   11   12    4
 0.01185760875339238   13   11   12   10
 0.00275132351349237   13   11   13    5
 0.01185760875339238   13   11   13   11
 0.01219297366886794   13   12    5    4
 0.01230976085413637   13   12    7    6
 0.002671538051264728   13   12   10    5
 0.002671538051264728   13   12   11    4
 0.01223663655336583   13   12   11   10
 0.002578883477542678   13   12   12    7
 0.00257888347754268   13   12   13    6
 0.01239080343839913   13   12   13   12
 0.3621101999763535   13   13    1    1
 0.3628692652400979   13   13    2    2
 -0.005850747232259784   13   13    3    1
 0.3383277740658906   13   13    3    3
 0.363895801072463   13   13    4    4
 0.3395098537347273   13   13    5    5
 0.3411684003856222   13   13    6    6
 0.365787922093895   13   13    7    7
 -0.01185292829775195   13   13    8    2
 0.3476345877492698   13   13    8    8
 0.02622068821919276   13   13    9    1
 -0.05328411171967124   13   13    9    3
 0.3383032431418695   13   13    9    9
 0.07289493182430738   13   13   10    4
 0.3440882757572263   13   13   10   10
 0.06755185572177795   13   13   11    5
 0.3196150026504948   13   13   11   11
 0.06745840943757586   13   13   12    6
 0.3183605920978654   13   13   12   12
 0.07261617639266121   13   13   13    7
 0.3431421989746636   13   13   13   13
 0.05370509213858245   14    1    2    1
 0.0189823353806769   14    1    3    2
 -0.04612977397432538   14    1    6    5
 -0.04612977397432538   14    1    7    4
 0.01242667146199695   14    1    8    1
 0.04478882626579091   14    1    8    3
 0.002407539652743457   14    1    9    2
 -0.03005819234737784   14    1    9    8
 -0.03675503647780636   14    1   10    7
 -0.03675503647780635   14    1   11    6
 -0.03578987509471612   14    1   12    5
 -0.03901961940560424   14    1   12   11
 -0.03578987509471614   14    1   13    4
 -0.03901961940560425   14    1   13   10
 0.03213748368679401   14    1   14    1
 0.06019134003596222   14    2    1    1
 0.06252693645186004   14    2    2    2
 0.01631389218606564   14    2    3    1
 0.05167576794679325   14    2    3    3
 0.05260508112955003   14    2    4    4
 0.05260508112955002   14    2    5    5
 0.05354080804949405   14    2    6    6
 0.05354080804949405   14    2    7    7
 0.01417103495327837   14    2    8    2
 0.05377643873766613   14    2    8    8
 0.003560375089951039   14    2    9    1
 -0.02834848663846878   14    2    9    3
 0.03993877200068513   14    2    9    9
 0.03840910377217033   14    2   10    4
 0.04574120825139232   14    2   10   10
 0.03840910377217033   14    2   11    5
 0.04574120825139232   14    2   11   11
 0.03842862067203039   14    2   12    6
 0.04504995550586743   14    2   12   12
 0.0384286206720304   14    2   13    7
 0.04504995550586744   14    2   13   13
 0.03602684817725725   14    2   14    2
 0.05745322470028753   14    3    2    1
 0.01119351994108228   14    3    3    2
 -0.04823503189355912   14    3    6    5
 -0.04823503189355912   14    3    7    4
 0.003688899510119607   14    3    8    1
 0.0527617949717636   14    3    8    3
 0.003840656768761484   14    3    9    2
 -0.03814287344395786   14    3    9    8
 -0.03633102145116446   14    3   10    7
 -0.03633102145116446   14    3   11    6
 -0.03531659655358757   14    3   12    5
 -0.04113087126643715   14    3   12   11
 -0.03531659655358759   14    3   13    4
 -0.04113087126643716   14    3   13   10
 0.03311881035724002   14    3   14    1
 0.04098452824289301   14    3   14    3
 0.007030971055416606   14    4    4    2
 -0.006902250161518864   14    4    7    1
 -0.003236606953711939   14    4    7    3
 0.002368400648445649   14    4    8    4
 -0.001758089295805113   14    4    9    7
 0.01318970097902194   14    4   10    2
 0.004572549239231684   14    4   10    8
 -0.01294113691426449   14    4   13    1
 -0.00540802566648731   14    4   13    3
 0.001089342248061705   14    4   13    9
 0.01347642584468691   14    4   14    4
 0.007030971055416606   14    5    5    2
 -0.006902250161518864   14    5    6    1
 -0.003236606953711939   14    5    6    3
 0.002368400648445649   14    5    8    5
 -0.001758089295805113   14    5    9    6
 0.01318970097902194   14    5   11    2
 0.004572549239231685   14    5   11    8
 -0.01294113691426449   14    5   12    1
 -0.00540802566648731   14    5   12    3
 0.001089342248061705   14    5   12    9
 0.01347642584468691   14    5   14    5
 -0.006140631404351004   14    6    5    1
 -0.003547602534629501   14    6    5    3
 0.006565958231776532   14    6    6    2
 0.002669585032715882   14    6    8    6
 -0.00226353578037987   14    6    9    5
 -0.01330337405088264   14    6   11    1
 -0.005069381918333261   14    6   11    3
 0.002036237186011832   14    6   11    9
 0.01360070261744277   14    6   12    2
 0.00453131821462803   14    6   12    8
 0.01394855558773178   14    6   14    6
 -0.006140631404351003   14    7    4    1
 -0.003547602534629501   14    7    4    3
 0.006565958231776531   14    7    7    2
 0.002669585032715882   14    7    8    7
 -0.002263535780379871   14    7    9    4
 -0.01330337405088264   14    7   10    1
 -0.005069381918333262   14    7   10    3
 0.002036237186011834   14    7   10    9
 0.01360070261744277   14    7   13    2
 0.004531318214628031   14    7   13    8
 0.01394855558773178   14    7   14    7
 0.06290929630477403   14    8    1    1
 0.0639993370126533   14    8    2    2
 0.004856330497929982   14    8    3    1
 0.0591204346121923   14    8    3    3
 0.05368197718842222   14    8    4    4
 0.05368197718842222   14    8    5    5
 0.05441113117669673   14    8    6    6
 0.05441113117669673   14    8    7    7
 0.002969631098209218   14    8    8    2
 0.06237221374838276   14    8    8    8
 0.004351158064788414   14    8    9    1
 -0.03125434902139472   14    8    9    3
 0.05514329783174009   14    8    9    9
 0.03429067945663276   14    8   10    4
 0.04767063377022052   14    8   10   10
 0.03429067945663276   14    8   11    5
 0.0476706337702205   14    8   11   11
 0.03449252742090034   14    8   12    6
 0.04675012729771394   14    8   12   12
 0.03449252742090036   14    8   13    7
 0.04675012729771397   14    8   13   13
 0.03421686995837126   14    8   14    2
 0.03991887575435939   14    8   14    8
 -0.05569875155120751   14    9    2    1
 -0.02088069966823581   14    9    3    2
 0.04741183553944044   14    9    6    5
 0.04741183553944044   14    9    7    4
 -0.01391615864108785   14    9    8    1
 -0.05953252054198346   14    9    8    3
 -0.004110257625265967   14    9    9    2
 0.02833889092510298   14    9    9    8
 0.02189772713442521   14    9   10    7
 0.0218977271344252   14    9   11    6
 0.02067049821232373   14    9   12    5
 0.04326259681666768   14    9   12   11
 0.02067049821232375   14    9   13    4
 0.04326259681666771   14    9   13   10
 -0.01629459913665035   14    9   14    1
 -0.01710076061459257   14    9   14    3
 0.02327230559683707   14    9   14    9
 0.0337458533813389   14   10    4    2
 -0.03341619036156508   14   10    7    1
 -0.009262110650615937   14   10    7    3
 0.006887783128078312   14   10    8    4
 0.0007158934529432835   14   10    9    7
 0.009795011118591849   14   10   10    2
 0.001013806735858482   14   10   10    8
 -0.008778287350943851   14   10   13    1
 -0.002341923918698847   14   10   13    3
 -0.005852990513173361   14   10   13    9
 0.001856043880102691   14   10   14    4
 0.02671833405101776   14   10   14   10
 0.0337458533813389   14   11    5    2
 -0.03341619036156508   14   11    6    1
 -0.009262110650615935   14   11    6    3
 0.006887783128078312   14   11    8    5
 0.0007158934529432825   14   11    9    6
 0.009795011118591849   14   11   11    2
 0.001013806735858481   14   11   11    8
 -0.008778287350943848   14   11   12    1
 -0.002341923918698844   14   11   12    3
 -0.005852990513173358   14   11   12    9
 0.001856043880102692   14   11   14    5
 0.02671833405101776   14   11   14   11
 -0.03563484287351858   14   12    5    1
 -0.008592476002884479   14   12    5    3
 0.03633113850871342   14   12    6    2
 0.006536262501108402   14   12    8    6
 0.001974693915979381   14   12    9    5
 -0.008652260506613055   14   12   11    1
 -0.003334216940692394   14   12   11    3
 -0.008272725332281279   14   12   11    9
 0.008393702176251116   14   12   12    2
 0.0009332634559569519   14   12   12    8
 0.001039562360730606   14   12   14    6
 0.02913379734538609   14   12   14   12
 -0.03563484287351859   14   13    4    1
 -0.008592476002884481   14   13    4    3
 0.03633113850871342   14   13    7    2
 0.006536262501108403   14   13    8    7
 0.001974693915979382   14   13    9    4
 -0.008652260506613057   14   13   10    1
 -0.003334216940692395   14   13   10    3
 -0.008272725332281284   14   13   10    9
 0.008393702176251124   14   13   13    2
 0.0009332634559569556   14   13   13    8
 0.001039562360730605   14   13   14    7
 0.02913379734538609   14   13   14   13
 0.3438424773498476   14   14    1    1
 0.3494515997150112   14   14    2    2
 0.04199030544579779   14   14    3    1
 0.3379457795847792   14   14    3    3
 0.327805725438106   14   14    4    4
 0.327805725438106   14   14    5    5
 0.3297963052655081   14   14    6    6
 0.3297963052655081   14   14    7    7
 0.03835877636039386   14   14    8    2
 0.3438826377575728   14   14    8    8
 0.0105009673450022   14   14    9    1
 -0.05485928177842978   14   14    9    3
 0.2941720903128722   14   14    9    9
 0.06097762928253635   14   14   10    4
 0.3064323589089067   14   14   10   10
 0.06097762928253634   14   14   11    5
 0.3064323589089067   14   14   11   11
 0.05997554655732715   14   14   12    6
 0.3067721343223579   14   14   12   12
 0.05997554655732718   14   14   13    7
 0.306772134322358   14   14   13   13
 0.04765181662766323   14   14   14    2
 0.0419264386562267   14   14   14    8
 0.3429264172075281   14   14   14   14
 -0.06690114332148846   15    1    1    1
 -0.06889124659984198   15    1    2    2
 -0.01130636119201338   15    1    3    1
 -0.0564074285449967   15    1    3    3
 -0.05814193826642824   15    1    4    4
 -0.05814193826642824   15    1    5    5
 -0.05921711217359579   15    1    6    6
 -0.0592171121735958   15    1    7    7
 -0.008289236721428611   15    1    8    2
 -0.06049369850271188   15    1    8    8
 -0.01037929049141965   15    1    9    1
 0.03425112973309208   15    1    9    3
 -0.0473843894050315   15    1    9    9
 -0.04346835856924641   15    1   10    4
 -0.050493710612111   15    1   10   10
 -0.04346835856924641   15    1   11    5
 -0.050493710612111   15    1   11   11
 -0.0434542709756533   15    1   12    6
 -0.04979929807825711   15    1   12   12
 -0.0434542709756533   15    1   13    7
 -0.04979929807825713   15    1   13   13
 -0.03596735524295476   15    1   14    2
 -0.03401252690592699   15    1   14    8
 -0.04904862419013387   15    1   14   14
 0.03755176183585228   15    1   15    1
 -0.06762041107696534   15    2    2    1
 -0.01548584343216486   15    2    3    2
 0.05821658291624013   15    2    6    5
 0.05821658291624014   15    2    7    4
 -0.006763658557750709   15    2    8    1
 -0.05724006286130878   15    2    8    3
 -0.009203749790174688   15    2    9    2
 0.04067380335365203   15    2    9    8
 0.04553345122014854   15    2   10    7
 0.04553345122014854   15    2   11    6
 0.04431132287336018   15    2   12    5
 0.04942797472469261   15    2   12   11
 0.04431132287336019   15    2   13    4
 0.04942797472469263   15    2   13   10
 -0.03547431282615126   15    2   14    1
 -0.03704341968851773   15    2   14    3
 0.01893754073466395   15    2   14    9
 0.04075379654292939   15    2   15    2
 -0.04868496534586184   15    3    1    1
 -0.04971235295298516   15    3    2    2
 -0.006775208047296345   15    3    3    1
 -0.0459554489544116   15    3    3    3
 -0.04212092688593756   15    3    4    4
 -0.04212092688593755   15    3    5    5
 -0.0426000417583586   15    3    6    6
 -0.04260004175835862   15    3    7    7
 -0.005915196964496025   15    3    8    2
 -0.04667762565776887   15    3    8    8
 0.002330182670693533   15    3    9    1
 0.01955388117101096   15    3    9    3
 -0.04195493567872359   15    3    9    9
 -0.02570788170292471   15    3   10    4
 -0.03753458976971025   15    3   10   10
 -0.0257078817029247   15    3   11    5
 -0.03753458976971024   15    3   11   11
 -0.02598810125857569   15    3   12    6
 -0.03659433706803321   15    3   12   12
 -0.0259881012585757   15    3   13    7
 -0.03659433706803323   15    3   13   13
 -0.02968797028932483   15    3   14    2
 -0.03395535060083756   15    3   14    8
 -0.03309736456883987   15    3   14   14
 0.02809687297366261   15    3   15    1
 0.03049756920005683   15    3   15    3
 -0.006624311255297609   15    4    4    1
 -0.002756349847019402   15    4    4    3
 0.007079342496754644   15    4    7    2
 0.001541532692180483   15    4    8    7
 -0.004978492735420358   15    4    9    4
 -0.01570812844915303   15    4   10    1
 -0.003477802210553838   15    4   10    3
 0.001706232435129513   15    4   10    9
 0.01591127745159063   15    4   13    2
 0.002852110593309002   15    4   13    8
 0.0148688532960109   15    4   14    7
 0.0001925258603839889   15    4   14   13
 0.01649881119992121   15    4   15    4
 -0.006624311255297609   15    5    5    1
 -0.002756349847019402   15    5    5    3
 0.007079342496754644   15    5    6    2
 0.001541532692180484   15    5    8    6
 -0.004978492735420357   15    5    9    5
 -0.01570812844915303   15    5   11    1
 -0.003477802210553838   15    5   11    3
 0.001706232435129511   15    5   11    9
 0.01591127745159063   15    5   12    2
 0.002852110593309001   15    5   12    8
 0.0148688532960109   15    5   14    6
 0.0001925258603839863   15    5   14   12
 0.01649881119992121   15    5   15    5
 0.008433059861633622   15    6    5    2
 -0.008347153978730452   15    6    6    1
 -0.002348955484318824   15    6    6    3
 0.0011890944808542   15    6    8    5
 -0.004236310900019346   15    6    9    6
 0.01568691659797861   15    6   11    2
 0.003013713579545453   15    6   11    8
 -0.01549326527199572   15    6   12    1
 -0.004133999939160147   15    6   12    3
 0.0001223503861578447   15    6   12    9
 0.01447095915719363   15    6   14    5
 0.001634694733588227   15    6   14   11
 0.01613534382181309   15    6   15    6
 0.00843305986163362   15    7    4    2
 -0.00834715397873045   15    7    7    1
 -0.002348955484318824   15    7    7    3
 0.0011890944808542   15    7    8    4
 -0.004236310900019346   15    7    9    7
 0.01568691659797861   15    7   10    2
 0.003013713579545453   15    7   10    8
 -0.01549326527199572   15    7   13    1
 -0.004133999939160147   15    7   13    3
 0.0001223503861578477   15    7   13    9
 0.01447095915719363   15    7   14    4
 0.001634694733588225   15    7   14   10
 0.01613534382181309   15    7   15    7
 -0.03057161205608475   15    8    2    1
 -0.0104342630719042   15    8    3    2
 0.02477237107805635   15    8    6    5
 0.02477237107805636   15    8    7    4
 -0.006701454047352531   15    8    8    1
 -0.02781923645267934   15    8    8    3
 0.003891357088740474   15    8    9    2
 0.02031592330897378   15    8    9    8
 0.02221181371140664   15    8   10    7
 0.02221181371140664   15    8   11    6
 0.021746690873858   15    8   12    5
 0.02082993526720926   15    8   12   11
 0.02174669087385801   15    8   13    4
 0.02082993526720927   15    8   13   10
 -0.02537544568928585   15    8   14    1
 -0.03176260752948673   15    8   14    3
 0.01025816320115237   15    8   14    9
 0.02670776117955472   15    8   15    2
 0.02686806188700443   15    8   15    8
 -0.0007834748364397305   15    9    1    1
 0.002025437314536027   15    9    2    2
 0.02578035351293658   15    9    3    1
 0.005523399496618911   15    9    3    3
 -0.003524812660888218   15    9    4    4
 -0.003524812660888207   15    9    5    5
 -0.003174446417503393   15    9    6    6
 -0.003174446417503405   15    9    7    7
 0.02622603055208094   15    9    8    2
 0.004934352739861392   15    9    8    8
 -0.005076924301172815   15    9    9    1
 -0.00926037086816772   15    9    9    3
 -0.01528839359971477   15    9    9    9
 0.005532988216536753   15    9   10    4
 -0.002777131183416908   15    9   10   10
 0.005532988216536742   15    9   11    5
 -0.00277713118341695   15    9   11   11
 0.005161686846473989   15    9   12    6
 -0.002134231679286238   15    9   12   12
 0.005161686846474002   15    9   13    7
 -0.002134231679286194   15    9   13   13
 0.00899343984912155   15    9   14    2
 0.005552269622632011   15    9   14    8
 0.02469779624095898   15    9   14   14
 -0.007744871287008508   15    9   15    1
 -0.004634821301126612   15    9   15    3
 0.01520066914103235   15    9   15    9
 -0.04202904813887776   15   10    4    1
 -0.006141402865402181   15   10    4    3
 0.04262030346427201   15   10    7    2
 0.003607906903083923   15   10    8    7
 0.00121318405060349   15   10    9    4
 -0.01043636202778379   15   10   10    1
 -0.003264892162758068   15   10   10    3
 -0.01328523280197566   15   10   10    9
 0.01019564024421319   15   10   13    2
 0.0001652127556295632   15   10   13    8
 0.00094877180901488   15   10   14    7
 0.03144931861036396   15   10   14   13
 0.0002107823123299048   15   10   15    4
 0.03500790305637769   15   10   15   10
 -0.04202904813887776   15   11    5    1
 -0.006141402865402181   15   11    5    3
 0.04262030346427201   15   11    6    2
 0.003607906903083922   15   11    8    6
 0.001213184050603489   15   11    9    5
 -0.01043636202778379   15   11   11    1
 -0.003264892162758067   15   11   11    3
 -0.01328523280197566   15   11   11    9
 0.01019564024421318   15   11   12    2
 0.0001652127556295608   15   11   12    8
 0.0009487718090148824   15   11   14    6
 0.03144931861036396   15   11   14   12
 0.0002107823123299048   15   11   15    5
 0.03500790305637769   15   11   15   11
 0.04036000368676622   15   12    5    2
 -0.04013632810513992   15   12    6    1
 -0.007359741257751702   15   12    6    3
 0.004377952899174272   15   12    8    5
 -0.0004190918397915594   15   12    9    6
 0.01147845191186489   15   12   11    2
 -0.0001197606057565307   15   12   11    8
 -0.01031764419694572   15   12   12    1
 -0.001701524145800554   15   12   12    3
 -0.0101970697529805   15   12   12    9
 0.001228585612902036   15   12   14    5
 0.02959864571618732   15   12   14   11
 0.001178215664643067   15   12   15    6
 0.03378001061811673   15   12   15   12
 0.04036000368676622   15   13    4    2
 -0.04013632810513992   15   13    7    1
 -0.007359741257751703   15   13    7    3
 0.004377952899174272   15   13    8    4
 -0.0004190918397915597   15   13    9    7
 0.01147845191186489   15   13   10    2
 -0.0001197606057565293   15   13   10    8
 -0.01031764419694573   15   13   13    1
 -0.001701524145800557   15   13   13    3
 -0.01019706975298051   15   13   13    9
 0.001228585612902036   15   13   14    4
 0.02959864571618733   15   13   14   10
 0.001178215664643066   15   13   15    7
 0.03378001061811674   15   13   15   13
 -0.1996976502000568   15   14    2    1
 -0.06378209718154203   15   14    3    2
 0.1850620049126632   15   14    6    5
 0.1850620049126632   15   14    7    4
 -0.04018831843260658   15   14    8    1
 -0.1883383906110828   15   14    8    3
 -0.01169168996830279   15   14    9    2
 0.07119766067471335   15   14    9    8
 0.05803248073831214   15   14   10    7
 0.05803248073831214   15   14   11    6
 0.05289605979702185   15   14   12    5
 0.1644235748705283   15   14   12   11
 0.05289605979702187   15   14   13    4
 0.1644235748705283   15   14   13   10
 -0.03948509198528082   15   14   14    1
 -0.03563839727591561   15   14   14    3
 0.05977917879443153   15   14   14    9
 0.04584006757880869   15   14   15    2
 0.01779917911398862   15   14   15    8
 0.2033950144049604   15   14   15   14
 0.3427586282074978   15   15    1    1
 0.3473860712648936   15   15    2    2
 0.03320884685387719   15   15    3    1
 0.3333361830675633   15   15    3    3
 0.3286271964994352   15   15    4    4
 0.3286271964994352   15   15    5    5
 0.3304756685352733   15   15    6    6
 0.3304756685352734   15   15    7    7
 0.02944744928474811   15   15    8    2
 0.3391270863373028   15   15    8    8
 0.01117285160583245   15   15    9    1
 -0.04981316897210724   15   15    9    3
 0.2968393627997595   15   15    9    9
 0.05761443252626332   15   15   10    4
 0.306791037321394   15   15   10   10
 0.05761443252626328   15   15   11    5
 0.306791037321394   15   15   11   11
 0.0567112399523681   15   15   12    6
 0.3069622806340198   15   15   12   12
 0.05671123995236814   15   15   13    7
 0.3069622806340198   15   15   13   13
 0.04393359358518478   15   15   14    2
 0.03928186944008784   15   15   14    8
 0.3324004913296841   15   15   14   14
 -0.04547988942368244   15   15   15    1
 -0.03122211911151488   15   15   15    3
 0.01848675004185048   15   15   15    9
 0.324617286340833   15   15   15   15
 -0.04824418919754814   16    1    2    1
 0.009886843827044692   16    1    3    2
 0.04169683212781488   16    1    6    5
 0.04169683212781488   16    1    7    4
 0.01745762151512667   16    1    8    1
 -0.04222184731832266   16    1    8    3
 -0.02610341245778234   16    1    9    2
 0.03922728999514628   16    1    9    8
 0.0329655937218507   16    1   10    7
 0.03296559372185069   16    1   11    6
 0.03209761878837201   16    1   12    5
 0.03608779482762144   16    1   12   11
 0.03209761878837201   16    1   13    4
 0.03608779482762144   16    1   13   10
 -0.01166440088156321   16    1   14    1
 -0.01196222974046614   16    1   14    3
 0.01004569953091172   16    1   14    9
 0.01902590485783491   16    1   15    2
 0.002279334245097059   16    1   15    8
 0.02368851969260812   16    1   15   14
 0.02907145341612756   16    1   16    1
 -0.04408468253265414   16    2    1    1
 -0.04383875594517538   16    2    2    2
 0.01102560784169804   16    2    3    1
 -0.03405314747481432   16    2    3    3
 -0.03727061167295331   16    2    4    4
 -0.03727061167295332   16    2    5    5
 -0.03814349504488532   16    2    6    6
 -0.03814349504488532   16    2    7    7
 0.01507453723096807   16    2    8    2
 -0.04240214057377994   16    2    8    8
 -0.0268801014235771   16    2    9    1
 0.03300226500405038   16    2    9    3
 -0.03862223770719617   16    2    9    9
 -0.03146240721114182   16    2   10    4
 -0.03224927820992252   16    2   10   10
 -0.03146240721114182   16    2   11    5
 -0.03224927820992251   16    2   11   11
 -0.03126070773451825   16    2   12    6
 -0.03216728246868222   16    2   12   12
 -0.03126070773451826   16    2   13    7
 -0.03216728246868223   16    2   13   13
 -0.01158712976204419   16    2   14    2
 -0.01040621273568018   16    2   14    8
 -0.02234585804404952   16    2   14   14
 0.01774604737254035   16    2   15    1
 0.003476777289926041   16    2   15    3
 0.0006661690616295364   16    2   15    9
 -0.02127370401843515   16    2   15   15
 0.02715569393350918   16    2   16    2
 0.05019911243994053   16    3    2    1
 -0.001879100142105841   16    3    3    2
 -0.04209902830895563   16    3    6    5
 -0.04209902830895564   16    3    7    4
 -0.009589696069510772   16    3    8    1
 0.04713055167732386   16    3    8    3
 0.02270783513006272   16    3    9    2
 -0.04675923545447261   16    3    9    8
 -0.03343450021826337   16    3   10    7
 -0.03343450021826336   16    3   11    6
 -0.0325348440248957   16    3   12    5
 -0.03704809080266548   16    3   12   11
 -0.03253484402489572   16    3   13    4
 -0.03704809080266552   16    3   13   10
 0.01636211568132578   16    3   14    1
 0.02100085097850409   16    3   14    3
 -0.0147300768157815   16    3   14    9
 -0.02349312017943707   16    3   15    2
 -0.009788023023091449   16    3   15    8
 -0.02954840970113916   16    3   15   14
 -0.02801595120055125   16    3   16    1
 0.03415980255316825   16    3   16    3
 -0.004585211339199016   16    4    4    2
 0.004681550615609925   16    4    7    1
 -0.00199721445856198   16    4    7    3
 0.003099323135650664   16    4    8    4
 0.01017491146371762   16    4    9    7
 -0.01116735865864054   16    4   10    2
 0.005820962598315818   16    4   10    8
 0.01141480674950786   16    4   13    1
 -0.004736293870623251   16    4   13    3
 0.002269197945246253   16    4   13    9
 -0.005525107154756009   16    4   14    4
 0.001204155890638986   16    4   14   10
 -0.00837528906826023   16    4   15    7
 0.001003047949816289   16    4   15   13
 0.01250646294333208   16    4   16    4
 -0.004585211339199016   16    5    5    2
 0.004681550615609924   16    5    6    1
 -0.001997214458561982   16    5    6    3
 0.003099323135650664   16    5    8    5
 0.01017491146371762   16    5    9    6
 -0.01116735865864054   16    5   11    2
 0.005820962598315818   16    5   11    8
 0.01141480674950786   16    5   12    1
 -0.004736293870623251   16    5   12    3
 0.00226919794524625   16    5   12    9
 -0.005525107154756009   16    5   14    5
 0.001204155890638984   16    5   14   11
 -0.00837528906826023   16    5   15    6
 0.00100304794981629   16    5   15   12
 0.01250646294333208   16    5   16    5
 0.003010220713688232   16    6    5    1
 -0.001231180595670396   16    6    5    3
 -0.003292524930631391   16    6    6    2
 0.002753729000149439   16    6    8    6
 0.01144652537623424   16    6    9    5
 0.01212549191623084   16    6   11    1
 -0.005751140108109192   16    6   11    3
 3.947850046556088e-05   16    6   11    9
 -0.01174510980924151   16    6   12    2
 0.006117855691755632   16    6   12    8
 -0.006085033539172648   16    6   14    6
 0.00245295385616214   16    6   14   12
 -0.009138446522732029   16    6   15    5
 0.002240185570000044   16    6   15   11
 0.01364216567500929   16    6   16    6
 0.003010220713688231   16    7    4    1
 -0.001231180595670396   16    7    4    3
 -0.003292524930631389   16    7    7    2
 0.002753729000149439   16    7    8    7
 0.01144652537623424   16    7    9    4
 0.01212549191623084   16    7   10    1
 -0.005751140108109193   16    7   10    3
 3.94785004655607e-05   16    7   10    9
 -0.01174510980924151   16    7   13    2
 0.006117855691755632   16    7   13    8
 -0.006085033539172649   16    7   14    7
 0.002452953856162144   16    7   14   13
 -0.009138446522732029   16    7   15    4
 0.002240185570000048   16    7   15   10
 0.01364216567500929   16    7   16    7
 0.06150191731404264   16    8    1    1
 0.06214903952040125   16    8    2    2
 -0.005550313942722598   16    8    3    1
 0.05226427263409972   16    8    3    3
 0.05157309664985357   16    8    4    4
 0.05157309664985358   16    8    5    5
 0.05278719435543854   16    8    6    6
 0.05278719435543855   16    8    7    7
 -0.01052615853470198   16    8    8    2
 0.0633319405903762   16    8    8    8
 0.03045719537803611   16    8    9    1
 -0.05090621158944597   16    8    9    3
 0.05171729209298017   16    8    9    9
 0.04004763852456771   16    8   10    4
 0.0452471825268379   16    8   10   10
 0.04004763852456769   16    8   11    5
 0.04524718252683783   16    8   11   11
 0.0396031932333689   16    8   12    6
 0.04548455809832802   16    8   12   12
 0.03960319323336893   16    8   13    7
 0.0454845580983281   16    8   13   13
 0.02043323719338009   16    8   14    2
 0.02374595746915499   16    8   14    8
 0.0390565682184613   16    8   14   14
 -0.02686638509064234   16    8   15    1
 -0.01319948040158949   16    8   15    3
 0.003940964761648446   16    8   15    9
 0.03591973144841706   16    8   15   15
 -0.03190331823808129   16    8   16    2
 0.04593203070590544   16    8   16    8
 -0.1745181582644361   16    9    2    1
 0.01636575119694368   16    9    3    2
 0.1595137931201983   16    9    6    5
 0.1595137931201983   16    9    7    4
 0.04037964413251152   16    9    8    1
 -0.1678574175248129   16    9    8    3
 -0.04105873861426776   16    9    9    2
 0.08399219138982214   16    9    9    8
 0.0614175139924346   16    9   10    7
 0.06141751399243458   16    9   11    6
 0.05731857538018224   16    9   12    5
 0.1406081312163388   16    9   12   11
 0.05731857538018227   16    9   13    4
 0.1406081312163388   16    9   13   10
 -0.02673453936375423   16    9   14    1
 -0.03792408032526922   16    9   14    3
 0.03517774834619024   16    9   14    9
 0.0391457896363808   16    9   15    2
 0.01791213321953145   16    9   15    8
 0.1159229716313044   16    9   15   14
 0.04074175662567903   16    9   16    1
 -0.03933912237334921   16    9   16    3
 0.1553326127000383   16    9   16    9
 -0.02967840880900344   16   10    4    2
 0.03010178164553228   16   10    7    1
 -0.007381652357736081   16   10    7    3
 0.01007489016380419   16   10    8    4
 0.004267203592140132   16   10    9    7
 -0.008802724924224202   16   10   10    2
 0.00346839608562661   16   10   10    8
 0.008104662790041161   16   10   13    1
 -0.001260995469829593   16   10   13    3
 0.01845237915860249   16   10   13    9
 0.0006445033742318202   16   10   14    4
 -0.01311447283360862   16   10   14   10
 -2.227179466265698e-05   16   10   15    7
 -0.01862155546933101   16   10   15   13
 0.0007429976086392299   16   10   16    4
 0.02375460778229713   16   10   16   10
 -0.02967840880900344   16   11    5    2
 0.03010178164553228   16   11    6    1
 -0.00738165235773608   16   11    6    3
 0.01007489016380419   16   11    8    5
 0.004267203592140133   16   11    9    6
 -0.008802724924224202   16   11   11    2
 0.003468396085626609   16   11   11    8
 0.008104662790041154   16   11   12    1
 -0.001260995469829591   16   11   12    3
 0.01845237915860249   16   11   12    9
 0.000644503374231819   16   11   14    5
 -0.01311447283360861   16   11   14   11
 -2.22717946626578e-05   16   11   15    6
 -0.01862155546933101   16   11   15   12
 0.0007429976086392299   16   11   16    5
 0.02375460778229713   16   11   16   11
 0.03372304109394082   16   12    5    1
 -0.008903995625083854   16   12    5    3
 -0.03334949202319195   16   12    6    2
 0.01112763729587437   16   12    8    6
 0.001570041649863017   16   12    9    5
 0.007277085122453513   16   12   11    1
 0.0006217869244106175   16   12   11    3
 0.02334340716009117   16   12   11    9
 -0.00733345523278918   16   12   12    2
 0.00281167572107483   16   12   12    8
 0.001700923227693647   16   12   14    6
 -0.01587038231472188   16   12   14   12
 0.001758445968603235   16   12   15    5
 -0.02164920696100167   16   12   15   11
 -0.001300312044099979   16   12   16    6
 0.02818890293068216   16   12   16   12
 0.03372304109394082   16   13    4    1
 -0.008903995625083854   16   13    4    3
 -0.03334949202319196   16   13    7    2
 0.01112763729587437   16   13    8    7
 0.001570041649863021   16   13    9    4
 0.007277085122453518   16   13   10    1
 0.0006217869244106155   16   13   10    3
 0.02334340716009117   16   13   10    9
 -0.00733345523278919   16   13   13    2
 0.002811675721074836   16   13   13    8
 0.001700923227693648   16   13   14    7
 -0.01587038231472189   16   13   14   13
 0.001758445968603235   16   13   15    4
 -0.02164920696100167   16   13   15   10
 -0.001300312044099977   16   13   16    7
 0.02818890293068217   16   13   16   13
 0.003028824108082011   16   14    1    1
 0.003950043415315529   16   14    2    2
 0.00779060098758326   16   14    3    1
 0.01028142675579119   16   14    3    3
 -0.001097164828709526   16   14    4    4
 -0.001097164828709527   16   14    5    5
 -0.0009332927078474706   16   14    6    6
 -0.0009332927078474704   16   14    7    7
 0.007926003284107202   16   14    8    2
 0.01126622803684089   16   14    8    8
 0.001913581096115516   16   14    9    1
 -0.009155242641524635   16   14    9    3
 0.003546443190891417   16   14    9    9
 0.005991991661603109   16   14   10    4
 0.0001815982627508185   16   14   10   10
 0.005991991661603087   16   14   11    5
 0.000181598262750708   16   14   11   11
 0.005979174627904828   16   14   12    6
 0.0002159583526659372   16   14   12   12
 0.005979174627904853   16   14   13    7
 0.0002159583526660527   16   14   13   13
 0.004458410618888957   16   14   14    2
 0.004025526216276464   16   14   14    8
 0.0141819499689413   16   14   14   14
 -0.004992079734753294   16   14   15    1
 -0.002162551024851227   16   14   15    3
 0.00832685566212862   16   14   15    9
 0.01004953099342216   16   14   15   15
 -0.003996834705804604   16   14   16    2
 0.007287381611836304   16   14   16    8
 0.007193423914165777   16   14   16   14
 0.03662085767455284   16   15    2    1
 -0.01165090936260425   16   15    3    2
 -0.03765156308797761   16   15    6    5
 -0.03765156308797762   16   15    7    4
 -0.01650976160035751   16   15    8    1
 0.02706113384830304   16   15    8    3
 0.008970221849547501   16   15    9    2
 -0.01170553380443667   16   15    9    8
 -0.009148852975801543   16   15   10    7
 -0.009148852975801553   16   15   11    6
 -0.00812500728402823   16   15   12    5
 -0.03164907575292707   16   15   12   11
 -0.008125007284028232   16   15   13    4
 -0.03164907575292709   16   15   13   10
 0.002200685842620069   16   15   14    1
 0.004906130350711695   16   15   14    3
 0.001173174707401935   16   15   14    9
 -0.004376853718843985   16   15   15    2
 -0.002033642613320793   16   15   15    8
 -0.01437758433502555   16   15   15   14
 -0.00596885084487853   16   15   16    1
 0.003425767765760015   16   15   16    3
 -0.0326735915641384   16   15   16    9
 0.01417253064216759   16   15   16   15
 0.3766303135132085   16   16    1    1
 0.3717343446169396   16   16    2    2
 -0.0558046846730398   16   16    3    1
 0.3686024324389749   16   16    3    3
 0.3565154051945774   16   16    4    4
 0.3565154051945774   16   16    5    5
 0.3573065448829951   16   16    6    6
 0.3573065448829952   16   16    7    7
 -0.06039732771327519   16   16    8    2
 0.3793223728919323   16   16    8    8
 0.0345066537875247   16   16    9    1
 -0.04474310925880899   16   16    9    3
 0.4047044995147576   16   16    9    9
 0.06126496284410164   16   16   10    4
 0.3353389056815791   16   16   10   10
 0.06126496284410159   16   16   11    5
 0.335338905681579   16   16   11   11
 0.06243892974061606   16   16   12    6
 0.3318273403678779   16   16   12   12
 0.06243892974061616   16   16   13    7
 0.331827340367878   16   16   13   13
 0.03316666160162702   16   16   14    2
 0.04798016266878936   16   16   14    8
 0.2826401394853804   16   16   14   14
 -0.04018424411159081   16   16   15    1
 -0.03636995938688736   16   16   15    3
 -0.01917428625048401   16   16   15    9
 0.2875629724862185   16   16   15   15
 -0.03493897373237623   16   16   16    2
 0.04601175489574299   16   16   16    8
 -0.0009082729314090141   16   16   16   14
 0.3930130650187473   16   16   16   16
 -4.272922701716201    1    1  0  0
 -4.270887952732855    2    2  0  0
 0.07788119366239221    3    1  0  0
 -3.690574423220562    3    3  0  0
 -3.681155200619971    4    4  0  0
 -3.681155200619971    5    5  0  0
 -3.692045670408813    6    6  0  0
 -3.692045670408813    7    7  0  0
 0.1413077944317145    8    2  0  0
 -3.752215983974795    8    8  0  0
 -0.2391024212570215    9    1  0  0
 0.5602928167183717    9    3  0  0
 -2.851247605781995    9    9  0  0
 -0.7077809596246403   10    4  0  0
 -2.563610762959569   10   10  0  0
 -0.7077809596246403   11    5  0  0
 -2.563610762959569   11   11  0  0
 -0.7101958271613822   12    6  0  0
 -2.50474888883013   12   12  0  0
 -0.7101958271613827   13    7  0  0
 -2.504748888830131   13   13  0  0
 -0.4177209589371327   14    2  0  0
 -0.5026897419289988   14    8  0  0
 -2.325339129645832   14   14  0  0
 0.4624219120476099   15    1  0  0
 0.37892844486588   15    3  0  0
 -0.009417617887304792   15    9  0  0
 -2.039359204696411e-15   15   14  0  0
 -2.293927535438659   15   15  0  0
 0.2899025279359512   16    2  0  0
 -0.4722614888417827   16    8  0  0
 -1.764018258224028e-15   16    9  0  0
 -0.04343282321815945   16   14  0  0
 -2.436514495343413   16   16  0  0
 -85.30332954473876  0  0  0  0
