 &FCI NORB=  16,NELEC=10,MS2=0,
  ORBSYM=1,1,1,1,1,1,1,1,1,1,1,1,1,1,1,1
  ISYM=1,
 &END
 0.5110808883349606    1    1    1    1
 0.1854751471156734    2    1    2    1
 0.4765866778290836    2    2    1    1
 0.4845940945286569    2    2    2    2
 -0.05335678628383034    3    1    1    1
 0.003363908565199081    3    1    2    2
 0.0765089395256212    3    1    3    1
 0.0923187157950916    3    2    2    1
 0.1019337279804889    3    2    3    2
 0.473230789760241    3    3    1    1
 0.4717874526512659    3    3    2    2
 -0.009331339358682083    3    3    3    1
 0.4876243360019767    3    3    3    3
 0.07126922378178012    4    1    4    1
 0.05901265613464917    4    2    4    2
 0.003361036375003832    4    3    4    1
 0.01959360048362679    4    3    4    3
 0.4619782450059048    4    4    1    1
 0.447834784010563    4    4    2    2
 -0.02433602463415408    4    4    3    1
 0.4311834139630258    4    4    3    3
 0.4514215411679265    4    4    4    4
 0.07126922378178012    5    1    5    1
 0.05901265613464917    5    2    5    2
 0.003361036375003832    5    3    5    1
 0.01959360048362679    5    3    5    3
 0.01656657962133032    5    4    5    4
 0.4619782450059048    5    5    1    1
 0.447834784010563    5    5    2    2
 -0.02433602463415408    5    5    3    1
 0.4311834139630257    5    5    3    3
 0.4182883819252659    5    5    4    4
 0.4514215411679265    5    5    5    5
 -0.05768076515359461    6    1    5    2
 0.05742796386834653    6    1    6    1
 -0.07026909468468141    6    2    5    1
 -0.01285465672473019    6    2    5    3
 0.07439997031426346    6    2    6    2
 -0.01802726014197637    6    3    5    2
 0.01380794529671712    6    3    6    1
 0.01945832486897475    6    3    6    3
 0.01589063854943754    6    4    6    4
 -0.1807745452652512    6    5    2    1
 -0.08819079875414354    6    5    3    2
 0.1985095908887742    6    5    6    5
 0.464831042246959    6    6    1    1
 0.4594119697236431    6    6    2    2
 -0.01355837357445627    6    6    3    1
 0.4384749641352981    6    6    3    3
 0.4232536202163012    6    6    4    4
 0.4572850555678664    6    6    5    5
 0.4673095233260111    6    6    6    6
 -0.05768076515359463    7    1    4    2
 0.05742796386834659    7    1    7    1
 -0.07026909468468143    7    2    4    1
 -0.01285465672473019    7    2    4    3
 0.07439997031426351    7    2    7    2
 -0.01802726014197637    7    3    4    2
 0.01380794529671712    7    3    7    1
 0.01945832486897476    7    3    7    3
 -0.1807745452652513    7    4    2    1
 -0.0881907987541436    7    4    3    2
 0.1667283137898992    7    4    6    5
 0.1985095908887744    7    4    7    4
 0.01589063854943755    7    5    6    4
 0.01589063854943755    7    5    7    5
 0.01701571767578259    7    6    5    4
 0.01811522960897817    7    6    7    6
 0.4648310422469592    7    7    1    1
 0.4594119697236434    7    7    2    2
 -0.01355837357445628    7    7    3    1
 0.4384749641352984    7    7    3    3
 0.4572850555678666    7    7    4    4
 0.4232536202163014    7    7    5    5
 0.4310790641080551    7    7    6    6
 0.4673095233260116    7    7    7    7
 -0.05052108080510231    8    1    2    1
 0.03086395614337725    8    1    3    2
 0.04876400899592657    8    1    6    5
 0.0487640089959266    8    1    7    4
 0.07137406905866187    8    1    8    1
 -0.06285805890418208    8    2    1    1
 -0.01396212944381753    8    2    2    2
 0.06711271691347931    8    2    3    1
 -0.009971723340545201    8    2    3    3
 -0.04019029431045974    8    2    4    4
 -0.04019029431045974    8    2    5    5
 -0.03339618882538571    8    2    6    6
 -0.03339618882538575    8    2    7    7
 0.06907443186748301    8    2    8    2
 0.1675190970094603    8    3    2    1
 0.09313976321029188    8    3    3    2
 -0.1550392606597555    8    3    6    5
 -0.1550392606597556    8    3    7    4
 -0.04134075232818393    8    3    8    1
 0.1757766407436279    8    3    8    3
 -0.01177072158848345    8    4    4    2
 0.01567693165899938    8    4    7    1
 -0.01167582507747508    8    4    7    3
 0.01912626217872548    8    4    8    4
 -0.01177072158848345    8    5    5    2
 0.01567693165899938    8    5    6    1
 -0.01167582507747508    8    5    6    3
 0.01912626217872549    8    5    8    5
 0.02083049981342998    8    6    5    1
 -0.0148312921008796    8    6    5    3
 -0.01383422553693854    8    6    6    2
 0.02166343814854775    8    6    8    6
 0.02083049981343    8    7    4    1
 -0.0148312921008796    8    7    4    3
 -0.01383422553693855    8    7    7    2
 0.02166343814854776    8    7    8    7
 0.5000748549269108    8    8    1    1
 0.4741814144268853    8    8    2    2
 -0.04457373926713076    8    8    3    1
 0.4867299236109845    8    8    3    3
 0.4460101667209784    8    8    4    4
 0.4460101667209784    8    8    5    5
 0.4514778206810446    8    8    6    6
 0.4514778206810449    8    8    7    7
 -0.04930136276932012    8    8    8    2
 0.5164872025431647    8    8    8    8
 0.01838465730182375    9    1    4    1
 0.005846595270618834    9    1    4    3
 -0.02260444036311894    9    1    7    2
 0.006278587085245701    9    1    8    7
 0.02128449308731421    9    1    9    1
 0.02756928837412836    9    2    4    2
 -0.02711159367674913    9    2    7    1
 -0.00789478483755179    9    2    7    3
 -0.006759762476404757    9    2    8    4
 0.02304488644487771    9    2    9    2
 0.01045047117939952    9    3    4    1
 0.005564444090579276    9    3    4    3
 -0.01177755134134435    9    3    7    2
 -0.003020977033228267    9    3    8    7
 0.002618430469064959    9    3    9    1
 0.009755748617380253    9    3    9    3
 0.09162614174491937    9    4    1    1
 0.09894072490782167    9    4    2    2
 0.004569473868785769    9    4    3    1
 0.08703189357414388    9    4    3    3
 0.08424396453355858    9    4    4    4
 0.0773740812195009    9    4    5    5
 0.08522407767816946    9    4    6    6
 0.09518712517387236    9    4    7    7
 -0.009396661631662879    9    4    8    2
 0.0954614128130703    9    4    8    8
 0.07084880766908033    9    4    9    4
 0.003434941657028854    9    5    5    4
 0.004981523747851402    9    5    7    6
 0.00828198295036413    9    5    9    5
 0.006085157202803661    9    6    6    4
 0.006085157202803668    9    6    7    5
 0.00785976927580018    9    6    9    6
 -0.09217156076362742    9    7    2    1
 -0.0397926510387091    9    7    3    2
 0.08281115102231727    9    7    6    5
 0.09498146542792468    9    7    7    4
 0.03229840376462782    9    7    8    1
 -0.07897919052965821    9    7    8    3
 0.07814434025006288    9    7    9    7
 -0.008246504698238727    9    8    4    2
 0.01017830704770629    9    8    7    1
 -0.004604498338248731    9    8    7    3
 0.009505578758757531    9    8    8    4
 -0.004810951324108932    9    8    9    2
 0.009838480072521893    9    8    9    8
 0.4270133017529262    9    9    1    1
 0.4157612394065067    9    9    2    2
 -0.02038362071016411    9    9    3    1
 0.4022224930178296    9    9    3    3
 0.4191452363351599    9    9    4    4
 0.3921094284217483    9    9    5    5
 0.3967826631134777    9    9    6    6
 0.42388286334757    9    9    7    7
 -0.03472843322594489    9    9    8    2
 0.4161063986751775    9    9    8    8
 0.07713371246846185    9    9    9    4
 0.4062250749658858    9    9    9    9
 0.01838465730182375   10    1    5    1
 0.005846595270618834   10    1    5    3
 -0.02260444036311893   10    1    6    2
 0.006278587085245695   10    1    8    6
 0.02128449308731421   10    1   10    1
 0.02756928837412836   10    2    5    2
 -0.02711159367674911   10    2    6    1
 -0.007894784837551789   10    2    6    3
 -0.006759762476404758   10    2    8    5
 0.02304488644487771   10    2   10    2
 0.01045047117939952   10    3    5    1
 0.005564444090579275   10    3    5    3
 -0.01177755134134435   10    3    6    2
 -0.003020977033228262   10    3    8    6
 0.002618430469064958   10    3   10    1
 0.009755748617380249   10    3   10    3
 0.003434941657028854   10    4    5    4
 0.004981523747851403   10    4    7    6
 0.00828198295036413   10    4    9    5
 0.00828198295036413   10    4   10    4
 0.09162614174491937   10    5    1    1
 0.09894072490782167   10    5    2    2
 0.004569473868785767   10    5    3    1
 0.0870318935741439   10    5    3    3
 0.0773740812195009   10    5    4    4
 0.0842439645335586   10    5    5    5
 0.09518712517387223   10    5    6    6
 0.08522407767816956   10    5    7    7
 -0.009396661631662879   10    5    8    2
 0.0954614128130703   10    5    8    8
 0.05428484176835206   10    5    9    4
 0.07278499857950216   10    5    9    9
 0.07084880766908032   10    5   10    5
 -0.09217156076362729   10    6    2    1
 -0.03979265103870903   10    6    3    2
 0.09498146542792449   10    6    6    5
 0.08281115102231722   10    6    7    4
 0.03229840376462778   10    6    8    1
 -0.0789791905296581   10    6    8    3
 0.06242480169846244   10    6    9    7
 0.07814434025006271   10    6   10    6
 0.006085157202803671   10    7    6    4
 0.006085157202803677   10    7    7    5
 0.007859769275800184   10    7    9    6
 0.007859769275800189   10    7   10    7
 -0.008246504698238727   10    8    5    2
 0.01017830704770628   10    8    6    1
 -0.004604498338248725   10    8    6    3
 0.009505578758757531   10    8    8    5
 -0.004810951324108931   10    8   10    2
 0.00983848007252189   10    8   10    8
 0.01351790395670577   10    9    5    4
 0.01355010011704604   10    9    7    6
 0.002174356944479855   10    9    9    5
 0.002174356944479855   10    9   10    4
 0.01451030824612337   10    9   10    9
 0.4270133017529262   10   10    1    1
 0.4157612394065067   10   10    2    2
 -0.02038362071016412   10   10    3    1
 0.4022224930178297   10   10    3    3
 0.3921094284217483   10   10    4    4
 0.4191452363351599   10   10    5    5
 0.4238828633475698   10   10    6    6
 0.3967826631134779   10   10    7    7
 -0.03472843322594486   10   10    8    2
 0.4161063986751776   10   10    8    8
 0.07278499857950213   10   10    9    4
 0.3772044584736389   10   10    9    9
 0.07713371246846187   10   10   10    5
 0.4062250749658857   10   10   10   10
 0.01878201580257396   11    1    2    1
 0.02633212619440733   11    1    3    2
 -0.01818822312198193   11    1    6    5
 -0.01818822312198195   11    1    7    4
 0.01270398452233188   11    1    8    1
 0.01209698481780098   11    1    8    3
 -0.01665239974935378   11    1    9    7
 -0.01665239974935377   11    1   10    6
 0.01666604716941429   11    1   11    1
 0.04551150718554201   11    2    1    1
 0.06279473866823827   11    2    2    2
 0.02147640460533316   11    2    3    1
 0.05602036500969576   11    2    3    3
 0.04603636371072034   11    2    4    4
 0.04603636371072033   11    2    5    5
 0.05097634280256735   11    2    6    6
 0.05097634280256742   11    2    7    7
 0.01434112962299864   11    2    8    2
 0.04238457880810979   11    2    8    8
 0.0313053287474194   11    2    9    4
 0.04428162449119281   11    2    9    9
 0.0313053287474194   11    2   10    5
 0.04428162449119276   11    2   10   10
 0.03585443338032622   11    2   11    2
 0.07206474330613698   11    3    2    1
 0.03591561065390897   11    3    3    2
 -0.06449803431826671   11    3    6    5
 -0.06449803431826677   11    3    7    4
 -0.02341448183387941   11    3    8    1
 0.06891682700133739   11    3    8    3
 -0.05397393391623236   11    3    9    7
 -0.05397393391623229   11    3   10    6
 0.02066006399478691   11    3   11    1
 0.06568955580542847   11    3   11    3
 0.007461359461314315   11    4    4    2
 -0.006210002934564573   11    4    7    1
 -0.005756310929558411   11    4    7    3
 0.001867927682760025   11    4    8    4
 0.009543979865166538   11    4    9    2
 0.004171876564712712   11    4    9    8
 0.008733722505265541   11    4   11    4
 0.007461359461314314   11    5    5    2
 -0.006210002934564568   11    5    6    1
 -0.005756310929558406   11    5    6    3
 0.001867927682760024   11    5    8    5
 0.00954397986516654   11    5   10    2
 0.004171876564712712   11    5   10    8
 0.008733722505265541   11    5   11    5
 -0.005128148597874277   11    6    5    1
 -0.005826603925594451   11    6    5    3
 0.007896226842151952   11    6    6    2
 0.002134891924893737   11    6    8    6
 -0.008251955005877918   11    6   10    1
 -0.008174310542808115   11    6   10    3
 0.01065091344705291   11    6   11    6
 -0.005128148597874293   11    7    4    1
 -0.00582660392559446   11    7    4    3
 0.007896226842151983   11    7    7    2
 0.002134891924893747   11    7    8    7
 -0.008251955005877921   11    7    9    1
 -0.00817431054280812   11    7    9    3
 0.01065091344705291   11    7   11    7
 0.09733513443637838   11    8    1    1
 0.08758492227588936   11    8    2    2
 -0.0177310470541793   11    8    3    1
 0.09073556727562448   11    8    3    3
 0.07740734564871166   11    8    4    4
 0.07740734564871163   11    8    5    5
 0.07942480359202184   11    8    6    6
 0.07942480359202195   11    8    7    7
 -0.02191490830413921   11    8    8    2
 0.1004714883875988   11    8    8    8
 0.04258226874377211   11    8    9    4
 0.07366207385690603   11    8    9    9
 0.04258226874377206   11    8   10    5
 0.07366207385690596   11    8   10   10
 0.03172312413271345   11    8   11    2
 0.06043663297553981   11    8   11    8
 0.02092480842440048   11    9    4    2
 -0.01820252727121423   11    9    7    1
 -0.01465789891364666   11    9    7    3
 0.005006034683478822   11    9    8    4
 0.008891095747664302   11    9    9    2
 0.001276166874562953   11    9    9    8
 0.004101099695554449   11    9   11    4
 0.01551613751916235   11    9   11    9
 0.02092480842440048   11   10    5    2
 -0.01820252727121422   11   10    6    1
 -0.01465789891364666   11   10    6    3
 0.00500603468347882   11   10    8    5
 0.008891095747664298   11   10   10    2
 0.001276166874562951   11   10   10    8
 0.004101099695554448   11   10   11    5
 0.01551613751916236   11   10   11   10
 0.3684026541085977   11   11    1    1
 0.3925189677381365   11   11    2    2
 0.02637436102139595   11   11    3    1
 0.3985733835733778   11   11    3    3
 0.352802585872893   11   11    4    4
 0.352802585872893   11   11    5    5
 0.3642902227171917   11   11    6    6
 0.3642902227171919   11   11    7    7
 0.02072842515227503   11   11    8    2
 0.3905646126381637   11   11    8    8
 0.06676329242042252   11   11    9    4
 0.3385858572199265   11   11    9    9
 0.06676329242042249   11   11   10    5
 0.3385858572199265   11   11   10   10
 0.0411873226504683   11   11   11    2
 0.04763932816616758   11   11   11    8
 0.3756131665381252   11   11   11   11
 0.05877823487777327   12    1    1    1
 0.06694474779585166   12    1    2    2
 0.007651582807387714   12    1    3    1
 0.05957032332210788   12    1    3    3
 0.05202138446331789   12    1    4    4
 0.05202138446331789   12    1    5    5
 0.05778092095197515   12    1    6    6
 0.05778092095197523   12    1    7    7
 -0.001379297044074155   12    1    8    2
 0.06046184104592751   12    1    8    8
 0.03997084498446857   12    1    9    4
 0.04933433396958979   12    1    9    9
 0.03997084498446856   12    1   10    5
 0.04933433396958981   12    1   10   10
 0.02735631901972565   12    1   11    2
 0.03294370303855846   12    1   11    8
 0.04374322510178241   12    1   11   11
 0.02916505033169672   12    1   12    1
 0.06710648432402098   12    2    2    1
 0.03802817508435543   12    2    3    2
 -0.06151939072626342   12    2    6    5
 -0.06151939072626346   12    2    7    4
 -0.01528343808512113   12    2    8    1
 0.05868535496701304   12    2    8    3
 -0.05288904275204447   12    2    9    7
 -0.05288904275204443   12    2   10    6
 0.02122771561691764   12    2   11    1
 0.05326441608741445   12    2   11    3
 0.0492186849528187   12    2   12    2
 0.06149820810218573   12    3    1    1
 0.06822955151906336   12    3    2    2
 0.006976162414565786   12    3    3    1
 0.06734662625464977   12    3    3    3
 0.05490034835735417   12    3    4    4
 0.05490034835735416   12    3    5    5
 0.05738795515603011   12    3    6    6
 0.05738795515603017   12    3    7    7
 0.003148365482811508   12    3    8    2
 0.05858111743136304   12    3    8    8
 0.03161457716290027   12    3    9    4
 0.05315878792654132   12    3    9    9
 0.03161457716290025   12    3   10    5
 0.05315878792654131   12    3   10   10
 0.03584870424190264   12    3   11    2
 0.04166558554755628   12    3   11    8
 0.04095859042667845   12    3   11   11
 0.02805420973306627   12    3   12    1
 0.04018241703001477   12    3   12    3
 0.003938851214702129   12    4    4    1
 0.004346906278932685   12    4    4    3
 -0.00721806780731731   12    4    7    2
 0.001291423110876872   12    4    8    7
 0.01572231703859178   12    4    9    1
 0.004911817459096673   12    4    9    3
 -0.01079357617879729   12    4   11    7
 0.0163498874982008   12    4   12    4
 0.003938851214702129   12    5    5    1
 0.004346906278932684   12    5    5    3
 -0.007218067807317296   12    5    6    2
 0.001291423110876868   12    5    8    6
 0.01572231703859178   12    5   10    1
 0.004911817459096674   12    5   10    3
 -0.01079357617879728   12    5   11    6
 0.0163498874982008   12    5   12    5
 -0.01154455011279492   12    6    5    2
 0.01128445350016843   12    6    6    1
 0.003342910886245845   12    6    6    3
 0.003296304144683161   12    6    8    5
 -0.01715146452326969   12    6   10    2
 0.0003779643267584979   12    6   10    8
 -0.01025944964058023   12    6   11    5
 -0.003035138050342346   12    6   11   10
 0.01684197013883237   12    6   12    6
 -0.01154455011279495   12    7    4    2
 0.01128445350016848   12    7    7    1
 0.003342910886245865   12    7    7    3
 0.003296304144683165   12    7    8    4
 -0.0171514645232697   12    7    9    2
 0.0003779643267585044   12    7    9    8
 -0.01025944964058023   12    7   11    4
 -0.003035138050342359   12    7   11    9
 0.01684197013883237   12    7   12    7
 -0.001929603815898628   12    8    2    1
 0.006340920246728493   12    8    3    2
 0.004329594218596669   12    8    6    5
 0.004329594218596639   12    8    7    4
 0.00654882551734477   12    8    8    1
 -0.002832354419585693   12    8    8    3
 -0.008011897981447452   12    8    9    7
 -0.008011897981447429   12    8   10    6
 0.01373189185429508   12    8   11    1
 0.02518679559870566   12    8   11    3
 0.01837496973447253   12    8   12    2
 0.02187049431356884   12    8   12    8
 0.04444909034040469   12    9    4    1
 0.009652548565142425   12    9    4    3
 -0.04699043910337421   12    9    7    2
 0.005463940323532586   12    9    8    7
 0.009635628909929826   12    9    9    1
 0.00876910986764789   12    9    9    3
 -0.003267337998158422   12    9   11    7
 0.000146174687285744   12    9   12    4
 0.03668488890746504   12    9   12    9
 0.04444909034040469   12   10    5    1
 0.009652548565142426   12   10    5    3
 -0.04699043910337419   12   10    6    2
 0.005463940323532583   12   10    8    6
 0.009635628909929826   12   10   10    1
 0.008769109867647893   12   10   10    3
 -0.003267337998158406   12   10   11    6
 0.000146174687285744   12   10   12    5
 0.03668488890746504   12   10   12   10
 0.1354870234271176   12   11    2    1
 0.1101288239103872   12   11    3    2
 -0.1319282493450967   12   11    6    5
 -0.1319282493450968   12   11    7    4
 0.004682176529862629   12   11    8    1
 0.1395005345787882   12   11    8    3
 -0.05560293278399191   12   11    9    7
 -0.05560293278399175   12   11   10    6
 0.01771174968693611   12   11   11    1
 0.0389665786224734   12   11   11    3
 0.04107183398679737   12   11   12    2
 -0.009495928037799235   12   11   12    8
 0.1564388936301534   12   11   12   11
 0.3706247211002008   12   12    1    1
 0.3904117605966319   12   12    2    2
 0.02211957147095316   12   12    3    1
 0.3874825122718965   12   12    3    3
 0.359196569288119   12   12    4    4
 0.359196569288119   12   12    5    5
 0.3688826063180174   12   12    6    6
 0.3688826063180176   12   12    7    7
 0.01369848187273887   12   12    8    2
 0.3784603749108508   12   12    8    8
 0.05975436893460565   12   12    9    4
 0.3432543227080141   12   12    9    9
 0.05975436893460562   12   12   10    5
 0.3432543227080141   12   12   10   10
 0.04048769356861675   12   12   11    2
 0.04495488784867522   12   12   11    8
 0.3571756687861913   12   12   11   11
 0.03997494553970843   12   12   12    1
 0.04023841713901435   12   12   12    3
 0.3497418650202973   12   12   12   12
 -0.01977826999489465   13    1    5    2
 0.02048099512939216   13    1    6    1
 0.002037511367507525   13    1    6    3
 0.008959519876258195   13    1    8    5
 -0.01909061942838573   13    1   10    2
 0.006230418846171704   13    1   10    8
 -0.006731625481556312   13    1   11    5
 -0.00414519095571045   13    1   11   10
 0.01483009758288413   13    1   12    6
 0.01723543327980805   13    1   13    1
 -0.01922954198099908   13    2    5    1
 -0.002823328207897856   13    2    5    3
 0.02123683152857092   13    2    6    2
 -0.007577784955620623   13    2    8    6
 -0.01916904444505102   13    2   10    1
 -0.005778180969430001   13    2   10    3
 0.01022814772062706   13    2   11    6
 -0.01612933862457136   13    2   12    5
 -0.009600413745713157   13    2   12   10
 0.01980066923080445   13    2   13    2
 -0.001132434592299442   13    3    5    2
 -0.0003137227238610805   13    3    6    1
 0.004977107515517539   13    3    6    3
 -0.004515450721644422   13    3    8    5
 -0.005035377215048708   13    3   10    2
 -0.006329131645027413   13    3   10    8
 -0.007711697421715953   13    3   11    5
 -0.00290014808155444   13    3   11   10
 0.007466107624068886   13    3   12    6
 0.002752649349153388   13    3   13    1
 0.007809236399004192   13    3   13    3
 0.003812058649343189   13    4    6    4
 0.003812058649343195   13    4    7    5
 0.007107672008186339   13    4    9    6
 0.007107672008186343   13    4   10    7
 0.006775828178850096   13    4   13    4
 -0.06584906952148463   13    5    2    1
 -0.02298324646248404   13    5    3    2
 0.06578781430184945   13    5    6    5
 0.0581636970031631   13    5    7    4
 0.02931470316796185   13    5    8    1
 -0.05622954812167401   13    5    8    3
 0.05099537017456175   13    5    9    7
 0.06521071419093437   13    5   10    6
 -0.01325625893550714   13    5   11    1
 -0.04546059135408508   13    5   11    3
 -0.04434231952668491   13    5   12    2
 -0.008907973844183901   13    5   12    8
 -0.03301300122733929   13    5   12   11
 0.05709827988111182   13    5   13    5
 0.1017649589043619   13    6    1    1
 0.0998370614651798   13    6    2    2
 -0.007466564771886296   13    6    3    1
 0.09089381462790844   13    6    3    3
 0.08339500746343997   13    6    4    4
 0.09030494178036516   13    6    5    5
 0.09749407290135682   13    6    6    6
 0.08882396667035819   13    6    7    7
 -0.01898317570866874   13    6    8    2
 0.1025781472927723   13    6    8    8
 0.0532402733373404   13    6    9    4
 0.07933708106352455   13    6    9    9
 0.06839957386975061   13    6   10    5
 0.08506963249038832   13    6   10   10
 0.03116187281298428   13    6   11    2
 0.04748736656647341   13    6   11    8
 0.06238511618210776   13    6   11   11
 0.03962350885348082   13    6   12    1
 0.03466759948241315   13    6   12    3
 0.05677254619038544   13    6   12   12
 0.07100261358866077   13    6   13    6
 0.00345496715846259   13    7    5    4
 0.004335053115499366   13    7    7    6
 0.007579650266205103   13    7    9    5
 0.007579650266205103   13    7   10    4
 0.00286627571343191   13    7   10    9
 0.007799220095225287   13    7   13    7
 0.01500534440748093   13    8    5    1
 -0.003830541799831326   13    8    5    3
 -0.01359624791434628   13    8    6    2
 0.009943000394534022   13    8    8    6
 0.006613549372920162   13    8   10    1
 -0.005096986098818855   13    8   10    3
 0.00502743933455039   13    8   11    6
 -0.0006330251820074004   13    8   12    5
 0.007650733399512895   13    8   12   10
 -0.004232938676440768   13    8   13    2
 0.01113685206835138   13    8   13    8
 0.01130651959279644   13    9    6    4
 0.01130651959279644   13    9    7    5
 0.004219639848176964   13    9    9    6
 0.004219639848176973   13    9   10    7
 0.002458587716318622   13    9   13    4
 0.01100000810384708   13    9   13    9
 -0.1476374512832276   13   10    2    1
 -0.07410403824748536   13   10    3    2
 0.1619389102888723   13   10    6    5
 0.1393258711032795   13   10    7    4
 0.03880328459476891   13   10    8    1
 -0.1303355125000696   13   10    8    3
 0.07134929200943373   13   10    9    7
 0.07978857170578747   13   10   10    6
 -0.01451066625235282   13   10   11    1
 -0.05500099576342125   13   10   11    3
 -0.05199376106217442   13   10   12    2
 0.004164741253989619   13   10   12    8
 -0.1173974882442397   13   10   12   11
 0.05529796620683999   13   10   13    5
 0.1460753902971542   13   10   13   10
 -0.02171281070952264   13   11    5    1
 -0.01353975926868474   13   11    5    3
 0.02689250170691821   13   11    6    2
 0.005750240136200286   13   11    8    6
 -0.004487637088391871   13   11   10    1
 -0.005900633961132962   13   11   10    3
 0.001836338969213703   13   11   11    6
 0.0009697897980826055   13   11   12    5
 -0.02352866005096088   13   11   12   10
 0.002902195368689504   13   11   13    2
 -0.002382470465650616   13   11   13    8
 0.02103051733321181   13   11   13   11
 -0.03834736580512573   13   12    5    2
 0.03620531048376529   13   12    6    1
 0.0165860417156155   13   12    6    3
 0.001987863451931044   13   12    8    5
 -0.01390060283907056   13   12   10    2
 0.004598456415196244   13   12   10    8
 -0.002047279569978633   13   12   11    5
 -0.02045991825469954   13   12   11   10
 0.001702857581160897   13   12   12    6
 0.00800096015253446   13   12   13    1
 -0.0008897739430865025   13   12   13    3
 0.03465724263517264   13   12   13   12
 0.3996422558333414   13   13    1    1
 0.3964240101769867   13   13    2    2
 -0.00958137804509933   13   13    3    1
 0.3824367352538871   13   13    3    3
 0.3710035594571513   13   13    4    4
 0.3956644429945895   13   13    5    5
 0.403527475403212   13   13    6    6
 0.3775108309440666   13   13    7    7
 -0.02433704575967604   13   13    8    2
 0.3937293884309939   13   13    8    8
 0.066826494658963   13   13    9    4
 0.3570272843115912   13   13    9    9
 0.07068319530484352   13   13   10    5
 0.3830248481037636   13   13   10   10
 0.03792217910058358   13   13   11    2
 0.06166214156089822   13   13   11    8
 0.3333250303009249   13   13   11   11
 0.04368263531228196   13   13   12    1
 0.04327845716449254   13   13   12    3
 0.3362773731449314   13   13   12   12
 0.07242895590403975   13   13   13    6
 0.3699890246178493   13   13   13   13
 -0.01977826999489461   14    1    4    2
 0.02048099512939213   14    1    7    1
 0.002037511367507516   14    1    7    3
 0.008959519876258181   14    1    8    4
 -0.01909061942838571   14    1    9    2
 0.006230418846171697   14    1    9    8
 -0.006731625481556307   14    1   11    4
 -0.004145190955710437   14    1   11    9
 0.01483009758288413   14    1   12    7
 0.01723543327980802   14    1   14    1
 -0.01922954198099903   14    2    4    1
 -0.002823328207897848   14    2    4    3
 0.0212368315285709   14    2    7    2
 -0.007577784955620619   14    2    8    7
 -0.01916904444505101   14    2    9    1
 -0.005778180969429993   14    2    9    3
 0.01022814772062706   14    2   11    7
 -0.01612933862457136   14    2   12    4
 -0.009600413745713117   14    2   12    9
 0.01980066923080442   14    2   14    2
 -0.001132434592299429   14    3    4    2
 -0.0003137227238610884   14    3    7    1
 0.004977107515517531   14    3    7    3
 -0.004515450721644412   14    3    8    4
 -0.005035377215048702   14    3    9    2
 -0.006329131645027406   14    3    9    8
 -0.007711697421715948   14    3   11    4
 -0.00290014808155443   14    3   11    9
 0.007466107624068883   14    3   12    7
 0.002752649349153387   14    3   14    1
 0.007809236399004185   14    3   14    3
 -0.06584906952148449   14    4    2    1
 -0.02298324646248399   14    4    3    2
 0.05816369700316294   14    4    6    5
 0.06578781430184932   14    4    7    4
 0.02931470316796183   14    4    8    1
 -0.05622954812167393   14    4    8    3
 0.06521071419093434   14    4    9    7
 0.05099537017456167   14    4   10    6
 -0.01325625893550713   14    4   11    1
 -0.04546059135408508   14    4   11    3
 -0.04434231952668489   14    4   12    2
 -0.008907973844183908   14    4   12    8
 -0.03301300122733931   14    4   12   11
 0.04354662352341161   14    4   13    5
 0.05038079077420272   14    4   13   10
 0.05709827988111171   14    4   14    4
 0.003812058649343177   14    5    6    4
 0.003812058649343183   14    5    7    5
 0.007107672008186334   14    5    9    6
 0.007107672008186338   14    5   10    7
 0.006775828178850094   14    5   13    4
 0.002458587716318613   14    5   13    9
 0.006775828178850091   14    5   14    5
 0.003454967158462567   14    6    5    4
 0.004335053115499342   14    6    7    6
 0.007579650266205097   14    6    9    5
 0.007579650266205097   14    6   10    4
 0.00286627571343189   14    6   10    9
 0.007799220095225281   14    6   13    7
 0.007799220095225276   14    6   14    6
 0.1017649589043619   14    7    1    1
 0.09983706146517979   14    7    2    2
 -0.007466564771886299   14    7    3    1
 0.09089381462790844   14    7    3    3
 0.09030494178036515   14    7    4    4
 0.08339500746343999   14    7    5    5
 0.08882396667035809   14    7    6    6
 0.09749407290135692   14    7    7    7
 -0.01898317570866873   14    7    8    2
 0.1025781472927723   14    7    8    8
 0.06839957386975061   14    7    9    4
 0.08506963249038836   14    7    9    9
 0.05324027333734042   14    7   10    5
 0.07933708106352456   14    7   10   10
 0.03116187281298427   14    7   11    2
 0.04748736656647341   14    7   11    8
 0.06238511618210782   14    7   11   11
 0.03962350885348083   14    7   12    1
 0.03466759948241317   14    7   12    3
 0.05677254619038549   14    7   12   12
 0.05540417339821022   14    7   13    6
 0.06952176033585554   14    7   13   13
 0.07100261358866077   14    7   14    7
 0.01500534440748091   14    8    4    1
 -0.003830541799831313   14    8    4    3
 -0.01359624791434628   14    8    7    2
 0.009943000394534014   14    8    8    7
 0.006613549372920155   14    8    9    1
 -0.005096986098818853   14    8    9    3
 0.005027439334550386   14    8   11    7
 -0.0006330251820074036   14    8   12    4
 0.007650733399512881   14    8   12    9
 -0.004232938676440754   14    8   14    2
 0.01113685206835137   14    8   14    8
 -0.1476374512832275   14    9    2    1
 -0.07410403824748533   14    9    3    2
 0.1393258711032793   14    9    6    5
 0.1619389102888723   14    9    7    4
 0.0388032845947689   14    9    8    1
 -0.1303355125000695   14    9    8    3
 0.07978857170578754   14    9    9    7
 0.07134929200943357   14    9   10    6
 -0.01451066625235284   14    9   11    1
 -0.05500099576342126   14    9   11    3
 -0.05199376106217442   14    9   12    2
 0.004164741253989565   14    9   12    8
 -0.1173974882442398   14    9   12   11
 0.05038079077420277   14    9   13    5
 0.1240753740894601   14    9   13   10
 0.05529796620683983   14    9   14    4
 0.1460753902971542   14    9   14    9
 0.01130651959279644   14   10    6    4
 0.01130651959279644   14   10    7    5
 0.004219639848176956   14   10    9    6
 0.004219639848176965   14   10   10    7
 0.002458587716318615   14   10   13    4
 0.01100000810384708   14   10   13    9
 0.002458587716318606   14   10   14    5
 0.01100000810384707   14   10   14   10
 -0.02171281070952264   14   11    4    1
 -0.01353975926868473   14   11    4    3
 0.0268925017069182   14   11    7    2
 0.005750240136200283   14   11    8    7
 -0.004487637088391862   14   11    9    1
 -0.005900633961132954   14   11    9    3
 0.001836338969213705   14   11   11    7
 0.0009697897980826264   14   11   12    4
 -0.02352866005096086   14   11   12    9
 0.002902195368689475   14   11   14    2
 -0.002382470465650625   14   11   14    8
 0.0210305173332118   14   11   14   11
 -0.03834736580512572   14   12    4    2
 0.0362053104837653   14   12    7    1
 0.0165860417156155   14   12    7    3
 0.001987863451931038   14   12    8    4
 -0.01390060283907055   14   12    9    2
 0.004598456415196238   14   12    9    8
 -0.002047279569978615   14   12   11    4
 -0.02045991825469953   14   12   11    9
 0.001702857581160912   14   12   12    7
 0.008000960152534421   14   12   14    1
 -0.0008897739430865268   14   12   14    3
 0.03465724263517268   14   12   14   12
 0.01233044176871909   14   13    5    4
 0.01300832222957279   14   13    7    6
 0.001928350322940245   14   13    9    5
 0.001928350322940245   14   13   10    4
 0.01299878189608631   14   13   10    9
 0.001453597784092147   14   13   13    7
 0.001453597784092126   14   13   14    6
 0.01340841419856612   14   13   14   13
 0.3996422558333413   14   14    1    1
 0.3964240101769866   14   14    2    2
 -0.00958137804509932   14   14    3    1
 0.382436735253887   14   14    3    3
 0.3956644429945893   14   14    4    4
 0.3710035594571512   14   14    5    5
 0.3775108309440662   14   14    6    6
 0.403527475403212   14   14    7    7
 -0.02433704575967604   14   14    8    2
 0.3937293884309938   14   14    8    8
 0.0706831953048434   14   14    9    4
 0.3830248481037637   14   14    9    9
 0.06682649465896297   14   14   10    5
 0.357027284311591   14   14   10   10
 0.0379221791005836   14   14   11    2
 0.0616621415608983   14   14   11    8
 0.3333250303009251   14   14   11   11
 0.04368263531228188   14   14   12    1
 0.04327845716449253   14   14   12    3
 0.3362773731449318   14   14   12   12
 0.06952176033585547   14   14   13    6
 0.343172196220717   14   14   13   13
 0.07242895590403967   14   14   14    7
 0.3699890246178492   14   14   14   14
 -0.04475918820454611   15    1    1    1
 -0.03850770590542708   15    1    2    2
 0.01317666478725616   15    1    3    1
 -0.03267109135627985   15    1    3    3
 -0.03265494576274276   15    1    4    4
 -0.03265494576274276   15    1    5    5
 -0.03821875913216252   15    1    6    6
 -0.03821875913216258   15    1    7    7
 0.02239976944184558   15    1    8    2
 -0.05626699051450236   15    1    8    8
 -0.03257001128661965   15    1    9    4
 -0.03020049438827237   15    1    9    9
 -0.03257001128661964   15    1   10    5
 -0.03020049438827234   15    1   10   10
 -0.0007562697910577042   15    1   11    2
 -0.02063710269706172   15    1   11    8
 -0.02605056666836387   15    1   11   11
 -0.01695440262189586   15    1   12    1
 -0.001897881500544805   15    1   12    3
 -0.01902749375136006   15    1   12   12
 -0.03005596067337983   15    1   13    6
 -0.03112809168508537   15    1   13   13
 -0.03005596067337982   15    1   14    7
 -0.03112809168508536   15    1   14   14
 0.03609322014876497   15    1   15    1
 -0.02992677966774385   15    2    2    1
 0.007007933241781836   15    2    3    2
 0.02890144427651383   15    2    6    5
 0.02890144427651384   15    2    7    4
 0.03075594525371624   15    2    8    1
 -0.02621426717533479   15    2    8    3
 0.02049758812402334   15    2    9    7
 0.02049758812402332   15    2   10    6
 0.007690301116770984   15    2   11    1
 -0.006812849691165365   15    2   11    3
 -0.007014903349713277   15    2   12    2
 0.01030906880505821   15    2   12    8
 -0.009117198626496839   15    2   12   11
 0.01737178732214394   15    2   13    5
 0.0250511447200337   15    2   13   10
 0.01737178732214392   15    2   14    4
 0.0250511447200337   15    2   14    9
 0.01988734116859759   15    2   15    2
 0.06133359313607004   15    3    1    1
 0.06610517695578516   15    3    2    2
 0.000701238191967076   15    3    3    1
 0.06539164155507715   15    3    3    3
 0.04936309746522966   15    3    4    4
 0.04936309746522964   15    3    5    5
 0.05631141736981019   15    3    6    6
 0.05631141736981028   15    3    7    7
 -0.007623424419864374   15    3    8    2
 0.07727471523232944   15    3    8    8
 0.0413545813858687   15    3    9    4
 0.04803561960998202   15    3    9    9
 0.0413545813858687   15    3   10    5
 0.048035619609982   15    3   10   10
 0.02134890279705325   15    3   11    2
 0.04156682853411162   15    3   11    8
 0.04901786503005422   15    3   11   11
 0.02843234386581117   15    3   12    1
 0.02458479401160244   15    3   12    3
 0.03970214839955098   15    3   12   12
 0.03920414916518057   15    3   13    6
 0.0460367259429214   15    3   13   13
 0.03920414916518057   15    3   14    7
 0.04603672594292137   15    3   14   14
 -0.03040368332334425   15    3   15    1
 0.0434512728677675   15    3   15    3
 0.00269756025949828   15    4    4    1
 -0.001092293126013836   15    4    4    3
 0.0003781882079974683   15    4    7    2
 -0.003678068346269947   15    4    8    7
 -0.01264561198490719   15    4    9    1
 0.007155241550031   15    4    9    3
 -0.0007961279782176819   15    4   11    7
 -0.007873971563093241   15    4   12    4
 0.004523773804268964   15    4   12    9
 0.007868569139552023   15    4   14    2
 -0.007510890884899088   15    4   14    8
 -0.002896115302266689   15    4   14   11
 0.01647078574750065   15    4   15    4
 0.002697560259498279   15    5    5    1
 -0.001092293126013837   15    5    5    3
 0.0003781882079974621   15    5    6    2
 -0.003678068346269941   15    5    8    6
 -0.01264561198490719   15    5   10    1
 0.007155241550031   15    5   10    3
 -0.0007961279782176801   15    5   11    6
 -0.007873971563093239   15    5   12    5
 0.004523773804268959   15    5   12   10
 0.007868569139552025   15    5   13    2
 -0.007510890884899095   15    5   13    8
 -0.002896115302266681   15    5   13   11
 0.01647078574750065   15    5   15    5
 0.009334304425511013   15    6    5    2
 -0.01082297293712155   15    6    6    1
 0.002738025123676479   15    6    6    3
 -0.008265690612447387   15    6    8    5
 0.008414334371217332   15    6   10    2
 -0.009203606639997391   15    6   10    8
 -0.00154630735902352   15    6   11    5
 -0.0004306042448098743   15    6   11   10
 -0.00436067599589722   15    6   12    6
 -0.009147968443635947   15    6   13    1
 0.004187873392607789   15    6   13    3
 -0.004116104729305446   15    6   13   12
 0.009801370709947599   15    6   15    6
 0.009334304425511026   15    7    4    2
 -0.01082297293712157   15    7    7    1
 0.002738025123676487   15    7    7    3
 -0.008265690612447399   15    7    8    4
 0.008414334371217339   15    7    9    2
 -0.009203606639997397   15    7    9    8
 -0.001546307359023519   15    7   11    4
 -0.0004306042448098784   15    7   11    9
 -0.004360675995897231   15    7   12    7
 -0.009147968443635945   15    7   14    1
 0.00418787339260779   15    7   14    3
 -0.004116104729305448   15    7   14   12
 0.009801370709947615   15    7   15    7
 0.0934562633370509   15    8    2    1
 0.02257578347967399   15    8    3    2
 -0.0852162061658831   15    8    6    5
 -0.08521620616588317   15    8    7    4
 -0.05472394458382506   15    8    8    1
 0.09311863669104323   15    8    8    3
 -0.06414203325633008   15    8    9    7
 -0.06414203325632997   15    8   10    6
 0.004476146657162887   15    8   11    1
 0.06058321224340887   15    8   11    3
 0.04787322856136303   15    8   12    2
 0.006746059984117515   15    8   12    8
 0.04696793908462283   15    8   12   11
 -0.05347459552556412   15    8   13    5
 -0.07479023887440125   15    8   13   10
 -0.05347459552556406   15    8   14    4
 -0.07479023887440117   15    8   14    9
 -0.02931859233842867   15    8   15    2
 0.08695215219193943   15    8   15    8
 -0.03737662439274052   15    9    4    1
 0.01081891273757917   15    9    4    3
 0.03019983520059279   15    9    7    2
 -0.02022583506115598   15    9    8    7
 -0.002974211513450179   15    9    9    1
 -0.003246591669149086   15    9    9    3
 -0.001829536524924812   15    9   11    7
 0.003529466554651294   15    9   12    4
 -0.0211415751774903   15    9   12    9
 0.006600059510006311   15    9   14    2
 -0.01024851850262909   15    9   14    8
 0.003037318980342037   15    9   14   11
 -0.006044807970374894   15    9   15    4
 0.03473006504593969   15    9   15    9
 -0.03737662439274052   15   10    5    1
 0.01081891273757918   15   10    5    3
 0.03019983520059278   15   10    6    2
 -0.02022583506115597   15   10    8    6
 -0.002974211513450179   15   10   10    1
 -0.003246591669149088   15   10   10    3
 -0.001829536524924809   15   10   11    6
 0.003529466554651299   15   10   12    5
 -0.0211415751774903   15   10   12   10
 0.006600059510006336   15   10   13    2
 -0.0102485185026291   15   10   13    8
 0.003037318980342026   15   10   13   11
 -0.006044807970374895   15   10   15    5
 0.0347300650459397   15   10   15   10
 0.08553826465397471   15   11    2    1
 0.05003811977084941   15   11    3    2
 -0.08015140495027996   15   11    6    5
 -0.08015140495027999   15   11    7    4
 -0.01947706733252967   15   11    8    1
 0.09314749350099756   15   11    8    3
 -0.0424151912506195   15   11    9    7
 -0.04241519125061945   15   11   10    6
 0.005308043634728462   15   11   11    1
 0.03554999062685475   15   11   11    3
 0.03033910549884962   15   11   12    2
 -0.003532798488429886   15   11   12    8
 0.08264679937369691   15   11   12   11
 -0.03017995434157261   15   11   13    5
 -0.0725823019707528   15   11   13   10
 -0.03017995434157257   15   11   14    4
 -0.07258230197075292   15   11   14    9
 -0.01506483199652837   15   11   15    2
 0.05173748305752462   15   11   15    8
 0.05655904119617452   15   11   15   11
 -0.03039448312049156   15   12    1    1
 -0.006151274399544278   15   12    2    2
 0.03187680484270022   15   12    3    1
 -0.001439355541603735   15   12    3    3
 -0.02264024567478946   15   12    4    4
 -0.02264024567478946   15   12    5    5
 -0.01733932865816996   15   12    6    6
 -0.01733932865816996   15   12    7    7
 0.03257780588126687   15   12    8    2
 -0.01570401266496338   15   12    8    8
 0.002714399721575454   15   12    9    4
 -0.0197041105188369   15   12    9    9
 0.00271439972157544   15   12   10    5
 -0.01970411051883694   15   12   10   10
 0.006122945217297734   15   12   11    2
 -0.008394048873717959   15   12   11    8
 0.02121015618049057   15   12   11   11
 0.002605402764344744   15   12   12    1
 0.0004190241590425762   15   12   12    3
 0.01089657763389762   15   12   12   12
 -0.003901076278643503   15   12   13    6
 -0.01168184335790906   15   12   13   13
 -0.003901076278643477   15   12   14    7
 -0.01168184335790903   15   12   14   14
 0.001914571249285828   15   12   15    1
 0.00466697186995092   15   12   15    3
 0.02232804911918254   15   12   15   12
 0.01484067707295667   15   13    5    2
 -0.01700308518283061   15   13    6    1
 0.004580158723299547   15   13    6    3
 -0.01305405676220208   15   13    8    5
 0.00798442560456589   15   13   10    2
 -0.007653377990315579   15   13   10    8
 -0.0004218037095142339   15   13   11    5
 -0.001504159793276405   15   13   11   10
 -0.00341719446283585   15   13   12    6
 -0.00819409596227905   15   13   13    1
 0.002934130567627995   15   13   13    3
 -0.006665870966852955   15   13   13   12
 0.007028130472995185   15   13   15    6
 0.0126389703575122   15   13   15   13
 0.01484067707295666   15   14    4    2
 -0.01700308518283061   15   14    7    1
 0.004580158723299546   15   14    7    3
 -0.01305405676220206   15   14    8    4
 0.007984425604565885   15   14    9    2
 -0.007653377990315572   15   14    9    8
 -0.0004218037095142421   15   14   11    4
 -0.001504159793276399   15   14   11    9
 -0.003417194462835851   15   14   12    7
 -0.008194095962279034   15   14   14    1
 0.002934130567627989   15   14   14    3
 -0.006665870966852954   15   14   14   12
 0.007028130472995189   15   14   15    7
 0.01263897035751218   15   14   15   14
 0.4767567218561249   15   15    1    1
 0.4312842659452072   15   15    2    2
 -0.06786302369796841   15   15    3    1
 0.4398789157283197   15   15    3    3
 0.4288000668002163   15   15    4    4
 0.4288000668002163   15   15    5    5
 0.4256862997941959   15   15    6    6
 0.4256862997941961   15   15    7    7
 -0.07035182580178895   15   15    8    2
 0.4753942069827183   15   15    8    8
 0.07233591528861821   15   15    9    4
 0.4096832494513029   15   15    9    9
 0.07233591528861816   15   15   10    5
 0.4096832494513028   15   15   10   10
 0.03268589642887519   15   15   11    2
 0.09428962185672422   15   15   11    8
 0.3463119749161496   15   15   11   11
 0.04641995728036346   15   15   12    1
 0.05386894073802721   15   15   12    3
 0.3443806987154815   15   15   12   12
 0.08855702652928658   15   15   13    6
 0.3785650857614162   15   15   13   13
 0.08855702652928664   15   15   14    7
 0.3785650857614162   15   15   14   14
 -0.04023353233514565   15   15   15    1
 0.05650590270013368   15   15   15    3
 -0.03447223858507764   15   15   15   12
 0.479265022118173   15   15   15   15
 0.04427312354619899   16    1    2    1
 0.01293768331538976   16    1    3    2
 -0.03706014524030873   16    1    6    5
 -0.03706014524030875   16    1    7    4
 -0.0246404704091259   16    1    8    1
 0.04682598541184313   16    1    8    3
 -0.03879390308770148   16    1    9    7
 -0.03879390308770144   16    1   10    6
 0.003478042660969623   16    1   11    1
 0.03080046119811831   16    1   11    3
 0.02847396736732574   16    1   12    2
 0.001826157911148247   16    1   12    8
 0.02486285403347617   16    1   12   11
 -0.03418653073849478   16    1   13    5
 -0.03397317661713063   16    1   13   10
 -0.03418653073849476   16    1   14    4
 -0.03397317661713057   16    1   14    9
 -0.01735937758283948   16    1   15    2
 0.04530658372330044   16    1   15    8
 0.02669116035429881   16    1   15   11
 0.03092178235564477   16    1   16    1
 0.05349286089655376   16    2    1    1
 0.05546881231637612   16    2    2    2
 -0.001188897700704564   16    2    3    1
 0.05688253668886106   16    2    3    3
 0.04074764398251424   16    2    4    4
 0.04074764398251423   16    2    5    5
 0.04559427726604368   16    2    6    6
 0.04559427726604375   16    2    7    7
 -0.00555593996775865   16    2    8    2
 0.06392000253750478   16    2    8    8
 0.03722391665072174   16    2    9    4
 0.0400162133466721   16    2    9    9
 0.03722391665072176   16    2   10    5
 0.04001621334667212   16    2   10   10
 0.01668577398809137   16    2   11    2
 0.02781491180424677   16    2   11    8
 0.04301105903773456   16    2   11   11
 0.02458416337071025   16    2   12    1
 0.01841887882714392   16    2   12    3
 0.03425324975734733   16    2   12   12
 0.03714775452271196   16    2   13    6
 0.03586469643236855   16    2   13   13
 0.03714775452271194   16    2   14    7
 0.0358646964323685   16    2   14   14
 -0.02293205753312448   16    2   15    1
 0.02824701490177377   16    2   15    3
 0.003537495972048916   16    2   15   12
 0.04724941538058117   16    2   15   15
 0.02765905947065599   16    2   16    2
 -0.001125042859491729   16    3    2    1
 0.02086759242002144   16    3    3    2
 0.0007564367414538315   16    3    6    5
 0.0007564367414538314   16    3    7    4
 0.02310085108134759   16    3    8    1
 -0.001503698549551771   16    3    8    3
 0.003649654798688282   16    3    9    7
 0.003649654798688291   16    3   10    6
 0.009542546307842589   16    3   11    1
 -0.001946011844747734   16    3   11    3
 0.002318877281237107   16    3   12    2
 0.004426240109936344   16    3   12    8
 0.01439658156968548   16    3   12   11
 0.004521711934420962   16    3   13    5
 0.001628513865079119   16    3   13   10
 0.00452171193442094   16    3   14    4
 0.001628513865079177   16    3   14    9
 0.01207294738503524   16    3   15    2
 -0.01753705306549855   16    3   15    8
 -0.001652377367426706   16    3   15   11
 -0.008263413193473734   16    3   16    1
 0.01333124048319991   16    3   16    3
 -0.001894017359960438   16    4    4    2
 0.001467991762044457   16    4    7    1
 0.001372630831636262   16    4    7    3
 -0.001211593770514249   16    4    8    4
 0.01092734852269898   16    4    9    2
 -0.004205301506912969   16    4    9    8
 0.003915392031006002   16    4   11    4
 -0.001753825442226818   16    4   11    9
 -0.01196519144378383   16    4   12    7
 -0.01159322792817981   16    4   14    1
 -0.001900976254575605   16    4   14    3
 0.005357871414967808   16    4   14   12
 0.007688685552511995   16    4   15    7
 0.0005391186375274415   16    4   15   14
 0.01684939644900059   16    4   16    4
 -0.001894017359960438   16    5    5    2
 0.001467991762044466   16    5    6    1
 0.001372630831636266   16    5    6    3
 -0.001211593770514247   16    5    8    5
 0.01092734852269898   16    5   10    2
 -0.004205301506912969   16    5   10    8
 0.003915392031005998   16    5   11    5
 -0.001753825442226816   16    5   11   10
 -0.01196519144378384   16    5   12    6
 -0.01159322792817981   16    5   13    1
 -0.001900976254575605   16    5   13    3
 0.005357871414967802   16    5   13   12
 0.007688685552511993   16    5   15    6
 0.000539118637527447   16    5   15   13
 0.0168493964490006   16    5   16    5
 0.007581120876386026   16    6    5    1
 -0.0008888658219569366   16    6    5    3
 -0.005204586187129876   16    6    6    2
 -0.0005154578383051594   16    6    8    6
 -0.01435675650111341   16    6   10    1
 0.00129800524154041   16    6   10    3
 0.005391721502506386   16    6   11    6
 -0.0146343160012889   16    6   12    5
 0.007839963484386285   16    6   12   10
 0.01330068269007167   16    6   13    2
 -0.002873627042705637   16    6   13    8
 -0.005159621090791777   16    6   13   11
 0.01330324346578872   16    6   15    5
 -0.00774282465732131   16    6   15   10
 0.02029456274315607   16    6   16    6
 0.007581120876385989   16    7    4    1
 -0.0008888658219569402   16    7    4    3
 -0.005204586187129829   16    7    7    2
 -0.0005154578383051719   16    7    8    7
 -0.01435675650111342   16    7    9    1
 0.001298005241540405   16    7    9    3
 0.005391721502506382   16    7   11    7
 -0.01463431600128889   16    7   12    4
 0.007839963484386262   16    7   12    9
 0.01330068269007168   16    7   14    2
 -0.002873627042705652   16    7   14    8
 -0.005159621090791756   16    7   14   11
 0.01330324346578872   16    7   15    4
 -0.007742824657321281   16    7   15    9
 0.02029456274315606   16    7   16    7
 -0.05763708550454903   16    8    1    1
 -0.03812775269761302   16    8    2    2
 0.03015241940534905   16    8    3    1
 -0.03939208082577001   16    8    3    3
 -0.03938184063344902   16    8    4    4
 -0.03938184063344902   16    8    5    5
 -0.04070713037798501   16    8    6    6
 -0.04070713037798506   16    8    7    7
 0.03366111120421811   16    8    8    2
 -0.06387892500062753   16    8    8    8
 -0.02649582095427784   16    8    9    4
 -0.03760909687051698   16    8    9    9
 -0.0264958209542778   16    8   10    5
 -0.03760909687051694   16    8   10   10
 0.0001625271609307144   16    8   11    2
 -0.02839273401165008   16    8   11    8
 -0.01848840740234184   16    8   11   11
 -0.01396161496408615   16    8   12    1
 -0.006103215604625366   16    8   12    3
 -0.01475019865710133   16    8   12   12
 -0.02858277100397716   16    8   13    6
 -0.03369165346490485   16    8   13   13
 -0.0285827710039772   16    8   14    7
 -0.03369165346490483   16    8   14   14
 0.03010114472636011   16    8   15    1
 -0.02662968592695265   16    8   15    3
 0.01057477486428604   16    8   15   12
 -0.06014310798137694   16    8   15   15
 -0.02001515827411337   16    8   16    2
 0.033335677008107   16    8   16    8
 0.0329176595584448   16    9    4    2
 -0.03321915852334403   16    9    7    1
 -0.006067138603912953   16    9    7    3
 -0.01073724184835655   16    9    8    4
 0.01224263606132685   16    9    9    2
 -0.006099244791096935   16    9    9    8
 0.001546391856080076   16    9   11    4
 0.01045599122876187   16    9   11    9
 -0.002460921325295597   16    9   12    7
 -0.008703255838030661   16    9   14    1
 0.001470806334718631   16    9   14    3
 -0.02510249163438144   16    9   14   12
 0.004892587468354077   16    9   15    7
 0.01374686567949723   16    9   15   14
 -0.006290469362327641   16    9   16    4
 0.02676982336205857   16    9   16    9
 0.0329176595584448   16   10    5    2
 -0.03321915852334401   16   10    6    1
 -0.006067138603912957   16   10    6    3
 -0.01073724184835655   16   10    8    5
 0.01224263606132685   16   10   10    2
 -0.006099244791096935   16   10   10    8
 0.001546391856080086   16   10   11    5
 0.01045599122876187   16   10   11   10
 -0.002460921325295572   16   10   12    6
 -0.008703255838030687   16   10   13    1
 0.001470806334718619   16   10   13    3
 -0.02510249163438142   16   10   13   12
 0.004892587468354062   16   10   15    6
 0.01374686567949724   16   10   15   13
 -0.006290469362327652   16   10   16    5
 0.02676982336205857   16   10   16   10
 -0.00203293941029622   16   11    1    1
 0.01018985428013156   16   11    2    2
 0.01724973188492208   16   11    3    1
 0.003922514928819871   16   11    3    3
 0.005543573225310139   16   11    4    4
 0.005543573225310138   16   11    5    5
 0.007445870415477829   16   11    6    6
 0.007445870415477813   16   11    7    7
 0.01427149479906214   16   11    8    2
 -0.008726979483051834   16   11    8    8
 0.001330428314994136   16   11    9    4
 0.004994063305788104   16   11    9    9
 0.001330428314994141   16   11   10    5
 0.00499406330578828   16   11   10   10
 0.01125850826109242   16   11   11    2
 0.001135347531646304   16   11   11    8
 0.003733536569507677   16   11   11   11
 0.003936365057500516   16   11   12    1
 0.008631073729075496   16   11   12    3
 0.008897593973478259   16   11   12   12
 -0.000592755225038349   16   11   13    6
 0.005896906647896799   16   11   13   13
 -0.0005927552250383268   16   11   14    7
 0.005896906647896527   16   11   14   14
 0.008713827353939127   16   11   15    1
 -0.001885497057384503   16   11   15    3
 0.003261579222718963   16   11   15   12
 -0.01100729418665723   16   11   15   15
 -0.002761793158080804   16   11   16    2
 0.00938249466724736   16   11   16    8
 0.009820481724360737   16   11   16   11
 0.07380348992096733   16   12    2    1
 0.03686177679298081   16   12    3    2
 -0.07570119569043159   16   12    6    5
 -0.07570119569043167   16   12    7    4
 -0.0187706439102659   16   12    8    1
 0.06179537202640747   16   12    8    3
 -0.03213984086646136   16   12    9    7
 -0.03213984086646132   16   12   10    6
 0.008841368920602992   16   12   11    1
 0.02930923294382841   16   12   11    3
 0.02506376759706039   16   12   12    2
 0.002153988493992699   16   12   12    8
 0.05237894168075986   16   12   12   11
 -0.02074552218854136   16   12   13    5
 -0.06489211667578224   16   12   13   10
 -0.02074552218854122   16   12   14    4
 -0.06489211667578236   16   12   14    9
 -0.008591974765702148   16   12   15    2
 0.03410328094291178   16   12   15    8
 0.03080332166173548   16   12   15   11
 0.01102554205879227   16   12   16    1
 -2.571089379184107e-05   16   12   16    3
 0.03665491858036601   16   12   16   12
 -0.04605574811249753   16   13    5    1
 -0.00189990720052526   16   13    5    3
 0.04504701776798342   16   13    6    2
 -0.01329471804831045   16   13    8    6
 -0.006276925143479066   16   13   10    1
 -0.005372487973328339   16   13   10    3
 -0.000198415681008492   16   13   11    6
 0.004133243889189136   16   13   12    5
 -0.03427555301750679   16   13   12   10
 0.006493292091959076   16   13   13    2
 -0.009652762521240863   16   13   13    8
 0.01651297599788096   16   13   13   11
 -0.005221776657925637   16   13   15    5
 0.02965116171635107   16   13   15   10
 -0.0127013816392693   16   13   16    6
 0.0401732102099533   16   13   16   13
 -0.04605574811249755   16   14    4    1
 -0.00189990720052526   16   14    4    3
 0.04504701776798343   16   14    7    2
 -0.01329471804831047   16   14    8    7
 -0.006276925143479063   16   14    9    1
 -0.005372487973328334   16   14    9    3
 -0.0001984156810084744   16   14   11    7
 0.004133243889189149   16   14   12    4
 -0.03427555301750682   16   14   12    9
 0.006493292091959044   16   14   14    2
 -0.009652762521240832   16   14   14    8
 0.01651297599788093   16   14   14   11
 -0.005221776657925646   16   14   15    4
 0.02965116171635106   16   14   15    9
 -0.01270138163926931   16   14   16    7
 0.04017321020995336   16   14   16   14
 -0.08390116958829294   16   15    2    1
 -0.01639959334346138   16   15    3    2
 0.08314770620934508   16   15    6    5
 0.08314770620934508   16   15    7    4
 0.04960632585201754   16   15    8    1
 -0.07801770997423685   16   15    8    3
 0.04087987031499762   16   15    9    7
 0.04087987031499756   16   15   10    6
 0.003538272201124327   16   15   11    1
 -0.0306677531621649   16   15   11    3
 -0.02383001590883728   16   15   12    2
 0.007207426558692416   16   15   12    8
 -0.04851632522840951   16   15   12   11
 0.03033092679712994   16   15   13    5
 0.0726880528552221   16   15   13   10
 0.03033092679712992   16   15   14    4
 0.07268805285522204   16   15   14    9
 0.02507011582296057   16   15   15    2
 -0.05725436445558443   16   15   15    8
 -0.04324801413651985   16   15   15   11
 -0.02388084488690162   16   15   16    1
 0.0118602042553232   16   15   16    3
 -0.03526848913833982   16   15   16   12
 0.05903980636738841   16   15   16   15
 0.4109233734317257   16   16    1    1
 0.3860271289580422   16   16    2    2
 -0.03733929675546269   16   16    3    1
 0.3788270955156148   16   16    3    3
 0.386153372246832   16   16    4    4
 0.3861533722468319   16   16    5    5
 0.3857162740665924   16   16    6    6
 0.3857162740665925   16   16    7    7
 -0.04565622735094778   16   16    8    2
 0.3996384776504795   16   16    8    8
 0.0468550045016412   16   16    9    4
 0.3668819244061949   16   16    9    9
 0.04685500450164118   16   16   10    5
 0.3668819244061949   16   16   10   10
 0.02531372963386594   16   16   11    2
 0.06141919729167103   16   16   11    8
 0.3123151479804891   16   16   11   11
 0.03036517071995541   16   16   12    1
 0.0369649648602067   16   16   12    3
 0.3204662317880956   16   16   12   12
 0.05518046320443686   16   16   13    6
 0.3478393350895302   16   16   13   13
 0.05518046320443681   16   16   14    7
 0.34783933508953   16   16   14   14
 -0.02346870696284346   16   16   15    1
 0.0355840767428974   16   16   15    3
 -0.02745956300498918   16   16   15   12
 0.3998969602666812   16   16   15   15
 0.02319661856231015   16   16   16    2
 -0.03414079245073581   16   16   16    8
 -0.0004368265869103794   16   16   16   11
 0.3678531724276732   16   16   16   16
 -4.988518035397373    1    1  0  0
 -4.724489938119351    2    2  0  0
 0.2523451955938291    3    1  0  0
 -4.388169565175104    3    3  0  0
 -4.230865868071092    4    4  0  0
 -4.230865868071093    5    5  0  0
 -4.197201427388852    6    6  0  0
 -4.197201427388853    7    7  0  0
 0.3394594951214669    8    2  0  0
 -4.285290033684264    8    8  0  0
 -0.7392359283505614    9    4  0  0
 -3.130244238596819    9    9  0  0
 -0.739235928350561   10    5  0  0
 -3.13024423859682   10   10  0  0
 -0.3803858196999342   11    2  0  0
 1.361359934147713e-15   11    3  0  0
 -0.7612428340584444   11    8  0  0
 -2.740988823843066   11   11  0  0
 -0.4379340127554532   12    1  0  0
 -0.4920285339733578   12    3  0  0
 1.547906958590477e-15   12   11  0  0
 -2.681495739695711   12   12  0  0
 -0.8160967613578364   13    6  0  0
 1.590075979335744e-15   13   10  0  0
 -2.824840370474031   13   13  0  0
 -0.8160967613578359   14    7  0  0
 1.532643350023952e-15   14    9  0  0
 -2.824840370474029   14   14  0  0
 0.2939065867663302   15    1  0  0
 -0.4997224778127395   15    3  0  0
 1.323840150503476e-15   15   11  0  0
 0.1513987537362451   15   12  0  0
 -3.192914865585135   15   15  0  0
 -0.3778578115050778   16    2  0  0
 -1.02485973707028e-15   16    4  0  0
 0.3937179041221981   16    8  0  0
 -0.02028456363223089   16   11  0  0
 1.696303789602249e-15   16   12  0  0
 -2.209489777784328e-15   16   15  0  0
 -2.498842183562441   16   16  0  0
 -82.36953343320283  0  0  0  0
