 &FCI NORB=  16,NELEC=10,MS2=0,
  ORBSYM=1,1,1,1,1,1,1,1,1,1,1,1,1,1,1,1
  ISYM=1,
 &END
 0.445416621341264    1    1    1    1
 0.2445408059497021    2    1    2    1
 0.4453786518353307    2    2    1    1
 0.4489266914526949    2    2    2    2
 -0.01511746692539712    3    1    1    1
 0.0003948517885855866    3    1    2    2
 0.07075072876582954    3    1    3    1
 0.04753918532169504    3    2    2    1
 0.06608258607555284    3    2    3    2
 0.4230690589031332    3    3    1    1
 0.4224634134179062    3    3    2    2
 -0.01120596149766853    3    3    3    1
 0.4286756632940261    3    3    3    3
 0.06721111299609783    4    1    4    1
 0.06351597816863329    4    2    4    2
 0.001647823325717928    4    3    4    1
 0.01686372881027059    4    3    4    3
 0.4190686766154029    4    4    1    1
 0.419950375568763    4    4    2    2
 -0.009834897804199941    4    4    3    1
 0.3901643189268865    4    4    3    3
 0.4190322889620859    4    4    4    4
 0.06721111299609783    5    1    5    1
 0.06351597816863329    5    2    5    2
 0.001647823325717928    5    3    5    1
 0.01686372881027059    5    3    5    3
 0.01613523293241445    5    4    5    4
 0.4190686766154029    5    5    1    1
 0.419950375568763    5    5    2    2
 -0.009834897804199941    5    5    3    1
 0.3901643189268865    5    5    3    3
 0.386761823097257    5    5    4    4
 0.4190322889620859    5    5    5    5
 -0.06352694346933048    6    1    5    2
 0.06364275330232071    6    1    6    1
 -0.0685026889134593    6    2    5    1
 -0.004014062496134902    6    2    5    3
 0.07023130355935941    6    2    6    2
 -0.006594051113339027    6    3    5    2
 0.005346550774964196    6    3    6    1
 0.01560182616521944    6    3    6    3
 0.01628864266816352    6    4    6    4
 -0.2255389595657718    6    5    2    1
 -0.04188240459672825    6    5    3    2
 0.2316989121537503    6    5    6    5
 0.4239717783542455    6    6    1    1
 0.4256799456585317    6    6    2    2
 -0.007101319043942638    6    6    3    1
 0.3933530448556665    6    6    3    3
 0.3910209814793962    6    6    4    4
 0.4241975614103061    6    6    5    5
 0.4298881547712924    6    6    6    6
 -0.06352694346933051    7    1    4    2
 0.06364275330232076    7    1    7    1
 -0.06850268891345931    7    2    4    1
 -0.004014062496134905    7    2    4    3
 0.07023130355935947    7    2    7    2
 -0.006594051113339028    7    3    4    2
 0.005346550774964198    7    3    7    1
 0.01560182616521945    7    3    7    3
 -0.2255389595657719    7    4    2    1
 -0.04188240459672826    7    4    3    2
 0.1991216268174233    7    4    6    5
 0.2316989121537504    7    4    7    4
 0.01628864266816353    7    5    6    4
 0.01628864266816353    7    5    7    5
 0.01658828996545496    7    6    5    4
 0.01710975288831519    7    6    7    6
 0.4239717783542458    7    7    1    1
 0.425679945658532    7    7    2    2
 -0.007101319043942637    7    7    3    1
 0.3933530448556667    7    7    3    3
 0.4241975614103063    7    7    4    4
 0.3910209814793964    7    7    5    5
 0.3956686489946622    7    7    6    6
 0.4298881547712928    7    7    7    7
 -0.01317075689844911    8    1    2    1
 0.05798093388451295    8    1    3    2
 0.01346999192440418    8    1    6    5
 0.01346999192440419    8    1    7    4
 0.06536141951657397    8    1    8    1
 -0.02713788832938577    8    2    1    1
 -0.01252853004754967    8    2    2    2
 0.06994974282271949    8    2    3    1
 -0.01575341439109061    8    2    3    3
 -0.02198436425381906    8    2    4    4
 -0.02198436425381906    8    2    5    5
 -0.02019021088889319    8    2    6    6
 -0.0201902108888932    8    2    7    7
 0.07224173848024799    8    2    8    2
 0.2175212975699045    8    3    2    1
 0.04377793013662617    8    3    3    2
 -0.1918387881524668    8    3    6    5
 -0.1918387881524669    8    3    7    4
 -0.0114328372350915    8    3    8    1
 0.2156431627550952    8    3    8    3
 -0.004633657202925006    8    4    4    2
 0.005967647723236214    8    4    7    1
 -0.01540511229559618    8    4    7    3
 0.01731807406051378    8    4    8    4
 -0.004633657202925006    8    5    5    2
 0.005967647723236209    8    5    6    1
 -0.01540511229559618    8    5    6    3
 0.01731807406051378    8    5    8    5
 0.007591900929926679    8    6    5    1
 -0.01656478741026293    8    6    5    3
 -0.005676960543198178    8    6    6    2
 0.01832511464202894    8    6    8    6
 0.007591900929926685    8    7    4    1
 -0.01656478741026293    8    7    4    3
 -0.005676960543198184    8    7    7    2
 0.01832511464202895    8    7    8    7
 0.4393781641993099    8    8    1    1
 0.4381434304870136    8    8    2    2
 -0.01935926697267857    8    8    3    1
 0.4386320906797124    8    8    3    3
 0.4037269210542297    8    8    4    4
 0.4037269210542297    8    8    5    5
 0.407937425266066    8    8    6    6
 0.4079374252660662    8    8    7    7
 -0.02805395068392098    8    8    8    2
 0.4578818225736283    8    8    8    8
 0.05332654009307262    9    1    1    1
 0.05251540772162649    9    1    2    2
 -0.01457719392890032    9    1    3    1
 0.03776200910433561    9    1    3    3
 0.04556498132117544    9    1    4    4
 0.04556498132117543    9    1    5    5
 0.0481864921023966    9    1    6    6
 0.04818649210239667    9    1    7    7
 -0.02347228813273985    9    1    8    2
 0.05468650495005536    9    1    8    8
 0.03846683773513077    9    1    9    1
 0.05612521815223032    9    2    2    1
 -0.01379895821302803    9    2    3    2
 -0.05056493971125568    9    2    6    5
 -0.05056493971125572    9    2    7    4
 -0.03017180391559125    9    2    8    1
 0.04871956957131913    9    2    8    3
 0.0334909729599973    9    2    9    2
 -0.05058876968965287    9    3    1    1
 -0.05517830733761189    9    3    2    2
 -0.00863907051703878    9    3    3    1
 -0.04123814999474971    9    3    3    3
 -0.04198604716956771    9    3    4    4
 -0.04198604716956772    9    3    5    5
 -0.04569172825550066    9    3    6    6
 -0.04569172825550073    9    3    7    7
 0.0008358013872954054    9    3    8    2
 -0.0590252367134735    9    3    8    8
 -0.03651021175311606    9    3    9    1
 0.0488892463814616    9    3    9    3
 0.005744207966143149    9    4    4    1
 -0.001728515952535695    9    4    4    3
 -0.006592764026015433    9    4    7    2
 0.005521818299044643    9    4    8    7
 0.01537616767184381    9    4    9    4
 0.005744207966143149    9    5    5    1
 -0.001728515952535695    9    5    5    3
 -0.006592764026015422    9    5    6    2
 0.005521818299044637    9    5    8    6
 0.01537616767184381    9    5    9    5
 -0.01074473490500357    9    6    5    2
 0.01125483444101062    9    6    6    1
 -0.004356307845894149    9    6    6    3
 0.007282197398325164    9    6    8    5
 0.0124939557288407    9    6    9    6
 -0.01074473490500359    9    7    4    2
 0.01125483444101065    9    7    7    1
 -0.004356307845894156    9    7    7    3
 0.007282197398325175    9    7    8    4
 0.01249395572884071    9    7    9    7
 -0.1065059548121044    9    8    2    1
 -0.003451228492287033    9    8    3    2
 0.09331260294055896    9    8    6    5
 0.09331260294055903    9    8    7    4
 0.0258195143080861    9    8    8    1
 -0.1032733814447666    9    8    8    3
 -0.04337034738447566    9    8    9    2
 0.0726190209535633    9    8    9    8
 0.4194198329398348    9    9    1    1
 0.4054953333335822    9    9    2    2
 -0.07113743550686376    9    9    3    1
 0.4128752086860566    9    9    3    3
 0.3910293958324741    9    9    4    4
 0.3910293958324741    9    9    5    5
 0.3913991603754025    9    9    6    6
 0.3913991603754026    9    9    7    7
 -0.07554500870363844    9    9    8    2
 0.4267297196008219    9    9    8    8
 0.04746105924623834    9    9    9    1
 -0.02626433207248348    9    9    9    3
 0.4702290244834011    9    9    9    9
 0.02200504065073828   10    1    4    1
 0.003039051937627428   10    1    4    3
 -0.02354263212067905   10    1    7    2
 0.002295738341887827   10    1    8    7
 0.01392817451680814   10    1    9    4
 0.02107649704302349   10    1   10    1
 0.02567848693781581   10    2    4    2
 -0.02573240081260189   10    2    7    1
 -0.002576805957489698   10    2    7    3
 -0.002696047145087555   10    2    8    4
 -0.01244644915807954   10    2    9    7
 0.02135988265544519   10    2   10    2
 0.00591214514811654   10    3    4    1
 0.002983086560461156   10    3    4    3
 -0.005887266711010417   10    3    7    2
 -0.003788223423552764   10    3    8    7
 -0.006443258677743069   10    3    9    4
 0.0006555796636618196   10    3   10    1
 0.008810346493268005   10    3   10    3
 0.09158597533827165   10    4    1    1
 0.09514471671314524   10    4    2    2
 0.005315209779318738   10    4    3    1
 0.07499482811817057   10    4    3    3
 0.08655120893063081   10    4    4    4
 0.07770991339031763   10    4    5    5
 0.08119470045156292   10    4    6    6
 0.09102761436098177   10    4    7    7
 -0.003960939563786342   10    4    8    2
 0.08639019347159106   10    4    8    8
 0.03693575900877451   10    4    9    1
 -0.03758027813931695   10    4    9    3
 0.0681078635578146   10    4    9    9
 0.06882787553448122   10    4   10    4
 0.00442064777015659   10    5    5    4
 0.004916456954709357   10    5    7    6
 0.007626086751845017   10    5   10    5
 0.00529867605864809   10    6    6    4
 0.005298676058648098   10    6    7    5
 0.007511724716997145   10    6   10    6
 -0.09586561458928906   10    7    2    1
 -0.01436731559557104   10    7    3    2
 0.08185274594982264   10    7    6    5
 0.09245009806711893   10    7    7    4
 0.01068691844378961   10    7    8    1
 -0.08014925727252951   10    7    8    3
 -0.03578693026345314   10    7    9    2
 0.05407353434736523   10    7    9    8
 0.0723763818307555   10    7   10    7
 -0.00378780489654332   10    8    4    2
 0.004289172517505728   10    8    7    1
 -0.005242367203601452   10    8    7    3
 0.006468580947928499   10    8    8    4
 0.00672485010844944   10    8    9    7
 -0.001739449110495078   10    8   10    2
 0.008010724351666733   10    8   10    8
 0.03717548977981576   10    9    4    1
 -0.00982203349800893   10    9    4    3
 -0.03597526790401453   10    9    7    2
 0.01364447870832978   10    9    8    7
 0.0002947408705358652   10    9    9    4
 0.007116869255609171   10    9   10    1
 0.003025077809472415   10    9   10    3
 0.03353891239699452   10    9   10    9
 0.3817128757249161   10   10    1    1
 0.3816526515627134   10   10    2    2
 -0.0113657313284258   10   10    3    1
 0.3606648864299311   10   10    3    3
 0.3813559130955321   10   10    4    4
 0.356872973399515   10   10    5    5
 0.3602518039908501   10   10    6    6
 0.3851345978857331   10   10    7    7
 -0.020798375087798   10   10    8    2
 0.3716454416249263   10   10    8    8
 0.03910191023611689   10   10    9    1
 -0.03511618151708846   10   10    9    3
 0.3708618645156291   10   10    9    9
 0.07450329305855055   10   10   10    4
 0.3636450807986789   10   10   10   10
 0.02200504065073828   11    1    5    1
 0.003039051937627428   11    1    5    3
 -0.02354263212067903   11    1    6    2
 0.002295738341887825   11    1    8    6
 0.01392817451680814   11    1    9    5
 0.02107649704302349   11    1   11    1
 0.02567848693781581   11    2    5    2
 -0.02573240081260187   11    2    6    1
 -0.002576805957489697   11    2    6    3
 -0.002696047145087555   11    2    8    5
 -0.01244644915807953   11    2    9    6
 0.02135988265544519   11    2   11    2
 0.00591214514811654   11    3    5    1
 0.002983086560461157   11    3    5    3
 -0.005887266711010414   11    3    6    2
 -0.003788223423552758   11    3    8    6
 -0.006443258677743068   11    3    9    5
 0.0006555796636618194   11    3   11    1
 0.008810346493268005   11    3   11    3
 0.00442064777015659   11    4    5    4
 0.004916456954709358   11    4    7    6
 0.007626086751845017   11    4   10    5
 0.007626086751845017   11    4   11    4
 0.09158597533827163   11    5    1    1
 0.09514471671314521   11    5    2    2
 0.005315209779318737   11    5    3    1
 0.07499482811817057   11    5    3    3
 0.07770991339031763   11    5    4    4
 0.08655120893063081   11    5    5    5
 0.09102761436098164   11    5    6    6
 0.08119470045156303   11    5    7    7
 -0.003960939563786335   11    5    8    2
 0.08639019347159106   11    5    8    8
 0.03693575900877451   11    5    9    1
 -0.03758027813931696   11    5    9    3
 0.06810786355781466   11    5    9    9
 0.05357570203079118   11    5   10    4
 0.06894527092469672   11    5   10   10
 0.06882787553448122   11    5   11    5
 -0.0958656145892889   11    6    2    1
 -0.014367315595571   11    6    3    2
 0.09245009806711868   11    6    6    5
 0.08185274594982257   11    6    7    4
 0.0106869184437896   11    6    8    1
 -0.08014925727252939   11    6    8    3
 -0.03578693026345308   11    6    9    2
 0.05407353434736516   11    6    9    8
 0.05735293239676117   11    6   10    7
 0.07237638183075536   11    6   11    6
 0.005298676058648102   11    7    6    4
 0.005298676058648108   11    7    7    5
 0.00751172471699715   11    7   10    6
 0.007511724716997153   11    7   11    7
 -0.003787804896543319   11    8    5    2
 0.004289172517505727   11    8    6    1
 -0.005242367203601446   11    8    6    3
 0.006468580947928499   11    8    8    5
 0.006724850108449435   11    8    9    6
 -0.001739449110495078   11    8   11    2
 0.008010724351666734   11    8   11    8
 0.03717548977981576   11    9    5    1
 -0.009822033498008928   11    9    5    3
 -0.03597526790401451   11    9    6    2
 0.01364447870832978   11    9    8    6
 0.0002947408705358652   11    9    9    5
 0.007116869255609171   11    9   11    1
 0.003025077809472416   11    9   11    3
 0.03353891239699452   11    9   11    9
 0.01224146984800854   11   10    5    4
 0.01244139694744142   11   10    7    6
 0.002779011066926925   11   10   10    5
 0.002779011066926924   11   10   11    4
 0.01247860014221325   11   10   11   10
 0.381712875724916   11   11    1    1
 0.3816526515627134   11   11    2    2
 -0.01136573132842581   11   11    3    1
 0.3606648864299311   11   11    3    3
 0.356872973399515   11   11    4    4
 0.3813559130955321   11   11    5    5
 0.385134597885733   11   11    6    6
 0.3602518039908503   11   11    7    7
 -0.02079837508779799   11   11    8    2
 0.3716454416249263   11   11    8    8
 0.03910191023611686   11   11    9    1
 -0.03511618151708848   11   11    9    3
 0.3708618645156291   11   11    9    9
 0.06894527092469674   11   11   10    4
 0.3386878805142523   11   11   10   10
 0.07450329305855059   11   11   11    5
 0.3636450807986788   11   11   11   11
 0.04743116827978863   12    1    2    1
 0.02256769494022309   12    1    3    2
 -0.04088857675533662   12    1    6    5
 -0.04088857675533665   12    1    7    4
 0.01116764164439635   12    1    8    1
 0.0387055544763167   12    1    8    3
 0.008914596054275522   12    1    9    2
 -0.0201358640833141   12    1    9    8
 -0.03365965546331408   12    1   10    7
 -0.03365965546331405   12    1   11    6
 0.02867636682672008   12    1   12    1
 0.05820542962236571   12    2    1    1
 0.0632368373376738   12    2    2    2
 0.01831657240518204   12    2    3    1
 0.05226741344765397   12    2    3    3
 0.0515115733181894   12    2    4    4
 0.05151157331818942   12    2    5    5
 0.05377956949033473   12    2    6    6
 0.0537795694903348   12    2    7    7
 0.01440149336999533   12    2    8    2
 0.05296850024600063   12    2    8    8
 0.01160976687440988   12    2    9    1
 -0.01746762970233127   12    2    9    3
 0.03587000944539132   12    2    9    9
 0.0370083536104516   12    2   10    4
 0.04586635761773439   12    2   10   10
 0.0370083536104516   12    2   11    5
 0.04586635761773439   12    2   11   11
 0.03631552947873631   12    2   12    2
 0.06246337149280723   12    3    2    1
 0.01584636195392674   12    3    3    2
 -0.05260603713506647   12    3    6    5
 -0.05260603713506654   12    3    7    4
 -0.0004979885677889637   12    3    8    1
 0.05763918846391274   12    3    8    3
 0.01625414091656232   12    3    9    2
 -0.03543166210810129   12    3    9    8
 -0.04085445450213229   12    3   10    7
 -0.04085445450213225   12    3   11    6
 0.03282002910567872   12    3   12    1
 0.04605283470199135   12    3   12    3
 0.007202374525697739   12    4    4    2
 -0.006975270556817902   12    4    7    1
 -0.003667959201268124   12    4    7    3
 0.002072637420187838   12    4    8    4
 -0.004428568003469652   12    4    9    7
 0.01230753398444265   12    4   10    2
 0.004432696654265949   12    4   10    8
 0.01220670921647016   12    4   12    4
 0.007202374525697739   12    5    5    2
 -0.006975270556817893   12    5    6    1
 -0.003667959201268118   12    5    6    3
 0.002072637420187838   12    5    8    5
 -0.004428568003469652   12    5    9    6
 0.01230753398444265   12    5   11    2
 0.004432696654265949   12    5   11    8
 0.01220670921647016   12    5   12    5
 -0.005967275140103877   12    6    5    1
 -0.004121528526863483   12    6    5    3
 0.006911553316571306   12    6    6    2
 0.002485329543022515   12    6    8    6
 -0.005275152191563933   12    6    9    5
 -0.01238295683584104   12    6   11    1
 -0.005671552400394796   12    6   11    3
 0.001643241009148417   12    6   11    9
 0.01310710199563421   12    6   12    6
 -0.005967275140103903   12    7    4    1
 -0.00412152852686349   12    7    4    3
 0.006911553316571345   12    7    7    2
 0.002485329543022524   12    7    8    7
 -0.005275152191563934   12    7    9    4
 -0.01238295683584105   12    7   10    1
 -0.0056715524003948   12    7   10    3
 0.001643241009148406   12    7   10    9
 0.01310710199563421   12    7   12    7
 0.06863401213061   12    8    1    1
 0.07017261735229789   12    8    2    2
 0.001713225292012326   12    8    3    1
 0.06626467440558333   12    8    3    3
 0.05838414499805963   12    8    4    4
 0.05838414499805962   12    8    5    5
 0.06005227503477759   12    8    6    6
 0.06005227503477766   12    8    7    7
 -0.001865161899613301   12    8    8    2
 0.070468083504343   12    8    8    8
 0.01616881580190224   12    8    9    1
 -0.02213512103011072   12    8    9    3
 0.06240930542176583   12    8    9    9
 0.03607363561941294   12    8   10    4
 0.05331833711064422   12    8   10   10
 0.03607363561941293   12    8   11    5
 0.05331833711064423   12    8   11   11
 0.03487224815798919   12    8   12    2
 0.0433335423324244   12    8   12    8
 -0.01375412922369331   12    9    2    1
 -0.003169215954208934   12    9    3    2
 0.008856192855191654   12    9    6    5
 0.008856192855191672   12    9    7    4
 0.001090116960245081   12    9    8    1
 -0.01947559750704561   12    9    8    3
 -0.006259334671302296   12    9    9    2
 0.01419668423605184   12    9    9    8
 0.01061133136760001   12    9   10    7
 0.01061133136759998   12    9   11    6
 -0.006485733733561002   12    9   12    1
 -0.01125564077116195   12    9   12    3
 0.006474035145894493   12    9   12    9
 0.03050606555352161   12   10    4    2
 -0.02985735449004627   12   10    7    1
 -0.01090353982905439   12   10    7    3
 0.006211167125324789   12   10    8    4
 -0.0004700224823952604   12   10    9    7
 0.009980061023584796   12   10   10    2
 0.0008692319022045672   12   10   10    8
 0.002528880335066225   12   10   12    4
 0.02339923180894445   12   10   12   10
 0.03050606555352161   12   11    5    2
 -0.02985735449004626   12   11    6    1
 -0.01090353982905438   12   11    6    3
 0.006211167125324789   12   11    8    5
 -0.0004700224823952522   12   11    9    6
 0.009980061023584794   12   11   11    2
 0.0008692319022045647   12   11   11    8
 0.002528880335066223   12   11   12    5
 0.02339923180894446   12   11   12   11
 0.3523365341566593   12   12    1    1
 0.3634452641385949   12   12    2    2
 0.04188579488526916   12   12    3    1
 0.3528277005565725   12   12    3    3
 0.3360952499700371   12   12    4    4
 0.3360952499700372   12   12    5    5
 0.3411870175168448   12   12    6    6
 0.3411870175168449   12   12    7    7
 0.03543453103029083   12   12    8    2
 0.3586137891991308   12   12    8    8
 0.02453221878910296   12   12    9    1
 -0.04323684395786572   12   12    9    3
 0.3015421039819795   12   12    9    9
 0.06266174398545238   12   12   10    4
 0.3162901857528739   12   12   10   10
 0.06266174398545235   12   12   11    5
 0.3162901857528738   12   12   11   11
 0.04765114017740954   12   12   12    2
 0.04342972660896104   12   12   12    8
 0.3550378905035184   12   12   12   12
 -0.05350567940848547   13    1    1    1
 -0.05779320978333646   13    1    2    2
 -0.01559100440351217   13    1    3    1
 -0.04879737284943744   13    1    3    3
 -0.0468681663507274   13    1    4    4
 -0.04686816635072741   13    1    5    5
 -0.04886585590860231   13    1    6    6
 -0.04886585590860237   13    1    7    7
 -0.01227521503002958   13    1    8    2
 -0.04922873571475298   13    1    8    8
 -0.01088375850824777   13    1    9    1
 0.01528095371311912   13    1    9    3
 -0.03478944017984834   13    1    9    9
 -0.03419914495007625   13    1   10    4
 -0.04202460241436494   13    1   10   10
 -0.03419914495007625   13    1   11    5
 -0.04202460241436495   13    1   11   11
 -0.03281288684865227   13    1   12    2
 -0.03125214607875484   13    1   12    8
 -0.04338940762866838   13    1   12   12
 0.0298383593809532   13    1   13    1
 -0.05553139486125421   13    2    2    1
 -0.02426213486255335   13    2    3    2
 0.04736477061719493   13    2    6    5
 0.04736477061719496   13    2    7    4
 -0.0106592419731709   13    2    8    1
 -0.0469003528486276   13    2    8    3
 -0.01171183461075197   13    2    9    2
 0.02538076019935543   13    2    9    8
 0.03921528882498079   13    2   10    7
 0.03921528882498076   13    2   11    6
 -0.0323547700278974   13    2   12    1
 -0.03791155929747961   13    2   12    3
 0.008115212239356719   13    2   12    9
 0.03670436171854571   13    2   13    2
 -0.06729001433711908   13    3    1    1
 -0.07071358253395831   13    3    2    2
 -0.009691159966377276   13    3    3    1
 -0.06346378412831939   13    3    3    3
 -0.05797828780323327   13    3    4    4
 -0.05797828780323327   13    3    5    5
 -0.06010694554991562   13    3    6    6
 -0.06010694554991569   13    3    7    7
 -0.005388512440991119   13    3    8    2
 -0.06755032633529169   13    3    8    8
 -0.01589236238724471   13    3    9    1
 0.02406960597410088   13    3    9    3
 -0.05242288002078965   13    3    9    9
 -0.03792326421517959   13    3   10    4
 -0.05231570946419429   13    3   10   10
 -0.0379232642151796   13    3   11    5
 -0.05231570946419431   13    3   11   11
 -0.03716751596391776   13    3   12    2
 -0.04292132216015091   13    3   12    8
 -0.04816022329526809   13    3   12   12
 0.03317409650073638   13    3   13    1
 0.04376658718772666   13    3   13    3
 -0.00458818011744729   13    4    4    1
 -0.003775528895588745   13    4    4    3
 0.005454492136260475   13    4    7    2
 0.002349099037830332   13    4    8    7
 -0.005639190706349009   13    4    9    4
 -0.01233511995212487   13    4   10    1
 -0.005378797347664206   13    4   10    3
 0.002042001923751606   13    4   10    9
 0.01311099485482719   13    4   12    7
 0.01323672253220358   13    4   13    4
 -0.004588180117447288   13    5    5    1
 -0.003775528895588745   13    5    5    3
 0.005454492136260463   13    5    6    2
 0.002349099037830328   13    5    8    6
 -0.005639190706349005   13    5    9    5
 -0.01233511995212487   13    5   11    1
 -0.005378797347664205   13    5   11    3
 0.002042001923751612   13    5   11    9
 0.01311099485482719   13    5   12    6
 0.01323672253220358   13    5   13    5
 0.006576559546042743   13    6    5    2
 -0.006346907158419287   13    6    6    1
 -0.003689747949920778   13    6    6    3
 0.0021561087774885   13    6    8    5
 -0.005077996651041744   13    6    9    6
 0.01297687081802668   13    6   11    2
 0.00431381952116407   13    6   11    8
 0.01281253112666977   13    6   12    5
 0.002127101836041781   13    6   12   11
 0.01352809333928558   13    6   13    6
 0.006576559546042772   13    7    4    2
 -0.006346907158419327   13    7    7    1
 -0.003689747949920793   13    7    7    3
 0.002156108777488505   13    7    8    4
 -0.005077996651041745   13    7    9    7
 0.01297687081802669   13    7   10    2
 0.00431381952116407   13    7   10    8
 0.01281253112666977   13    7   12    4
 0.002127101836041805   13    7   12   10
 0.01352809333928558   13    7   13    7
 -0.05155498990056678   13    8    2    1
 -0.01283889866030303   13    8    3    2
 0.04283711851125272   13    8    6    5
 0.04283711851125276   13    8    7    4
 0.0007956675980385129   13    8    8    1
 -0.04817044967813095   13    8    8    3
 -0.0134758726919809   13    8    9    2
 0.03050651214020319   13    8    9    8
 0.03483180001820455   13    8   10    7
 0.0348318000182045   13    8   11    6
 -0.02911125235142351   13    8   12    1
 -0.04180345478788133   13    8   12    3
 0.01029456804320894   13    8   12    9
 0.0336323106415051   13    8   13    2
 0.03824377507406219   13    8   13    8
 0.01370353433137892   13    9    1    1
 0.01342474936587103   13    9    2    2
 -0.001460942903939126   13    9    3    1
 0.02088598307192247   13    9    3    3
 0.008273169924592117   13    9    4    4
 0.008273169924592119   13    9    5    5
 0.00832955829694969   13    9    6    6
 0.008329558296949703   13    9    7    7
 -0.0007210413291361083   13    9    8    2
 0.0217227205124491   13    9    8    8
 0.00382091008767518   13    9    9    1
 -0.005913664808980313   13    9    9    3
 0.01973999758202692   13    9    9    9
 0.008096032199969631   13    9   10    4
 0.009089594033970957   13    9   10   10
 0.008096032199969615   13    9   11    5
 0.009089594033970892   13    9   11   11
 0.006921723389239133   13    9   12    2
 0.01038695641376058   13    9   12    8
 0.01330463936126281   13    9   12   12
 -0.006652682577850315   13    9   13    1
 -0.00955120594693765   13    9   13    3
 0.00648840539653957   13    9   13    9
 -0.03321551792072838   13   10    4    1
 -0.009517988231254326   13   10    4    3
 0.03487811435991958   13   10    7    2
 0.005470810832687352   13   10    8    7
 0.001182997233545463   13   10    9    4
 -0.008852497618927065   13   10   10    1
 -0.004512246322967386   13   10   10    3
 -0.01498693228039703   13   10   10    9
 0.00200374682448435   13   10   12    7
 0.00102132852105445   13   10   13    4
 0.02626094718217932   13   10   13   10
 -0.03321551792072838   13   11    5    1
 -0.009517988231254328   13   11    5    3
 0.03487811435991958   13   11    6    2
 0.005470810832687353   13   11    8    6
 0.001182997233545468   13   11    9    5
 -0.00885249761892706   13   11   11    1
 -0.004512246322967384   13   11   11    3
 -0.01498693228039702   13   11   11    9
 0.00200374682448432   13   11   12    6
 0.001021328521054442   13   11   13    5
 0.02626094718217931   13   11   13   11
 -0.1955563794349071   13   12    2    1
 -0.08087126231643552   13   12    3    2
 0.1795674231490535   13   12    6    5
 0.1795674231490536   13   12    7    4
 -0.03472709497953329   13   12    8    1
 -0.1863455662562916   13   12    8    3
 -0.02524447605635718   13   12    9    2
 0.07525995653696593   13   12    9    8
 0.06485299024425983   13   12   10    7
 0.06485299024425967   13   12   11    6
 -0.03824391707358466   13   12   12    1
 -0.04231042483104434   13   12   12    3
 0.0144833916590191   13   12   12    9
 0.04421768455611436   13   12   13    2
 0.03329687463985091   13   12   13    8
 0.215739068335642   13   12   13   12
 0.353876075593188   13   13    1    1
 0.3643762064795116   13   13    2    2
 0.03938133779598104   13   13    3    1
 0.3531557676248964   13   13    3    3
 0.3381410760235693   13   13    4    4
 0.3381410760235693   13   13    5    5
 0.3430546708184527   13   13    6    6
 0.3430546708184529   13   13    7    7
 0.03304193274993356   13   13    8    2
 0.3584033096346882   13   13    8    8
 0.02358322176764636   13   13    9    1
 -0.04116779495790601   13   13    9    3
 0.3050856593702915   13   13    9    9
 0.06166511460069901   13   13   10    4
 0.3181150860779702   13   13   10   10
 0.06166511460069901   13   13   11    5
 0.3181150860779702   13   13   11   11
 0.04770252431155736   13   13   12    2
 0.0443042165834941   13   13   12    8
 0.3522730934896006   13   13   12   12
 -0.04336166687477507   13   13   13    1
 -0.04865747272638792   13   13   13    3
 0.01266691529010439   13   13   13    9
 0.3500246749187229   13   13   13   13
 -0.0218032791613739   14    1    5    2
 0.021922205421857   14    1    6    1
 0.001425825457666017   14    1    6    3
 0.003235094536276237   14    1    8    5
 0.0124979665593704   14    1    9    6
 -0.02006395931083774   14    1   11    2
 0.002138792573457471   14    1   11    8
 -0.01171021260852795   14    1   12    5
 -0.007672194099867942   14    1   12   11
 -0.01245399227171532   14    1   13    6
 0.01907373368251943   14    1   14    1
 -0.02113512669698967   14    2    5    1
 -0.002069890137045068   14    2    5    3
 0.02238669254223576   14    2    6    2
 -0.002726882376061177   14    2    8    6
 -0.01269931506427925   14    2    9    5
 -0.02041823662266636   14    2   11    1
 -0.001999919020755673   14    2   11    3
 -0.007915163328287875   14    2   11    9
 0.01298822738282271   14    2   12    6
 0.01302313856324122   14    2   13    5
 0.007974841805257822   14    2   13   11
 0.02021353039557479   14    2   14    2
 -0.001723951815780143   14    3    5    2
 0.001349858158664369   14    3    6    1
 0.004397561553068074   14    3    6    3
 -0.004428316673464263   14    3    8    5
 -0.003776336818751468   14    3    9    6
 -0.002331442592518792   14    3   11    2
 -0.006866590174166066   14    3   11    8
 -0.006167654121684979   14    3   12    5
 -0.002547723530743745   14    3   12   11
 -0.006143861570858345   14    3   13    6
 0.001718716103278103   14    3   14    1
 0.006682646842070861   14    3   14    3
 0.004183776541586365   14    4    6    4
 0.004183776541586371   14    4    7    5
 0.007335786806545073   14    4   10    6
 0.007335786806545076   14    4   11    7
 0.00724566488624637   14    4   14    4
 -0.08120565888419772   14    5    2    1
 -0.01079105882127322   14    5    3    2
 0.07711252926699362   14    5    6    5
 0.06874497618382094   14    5    7    4
 0.01076060007737601   14    5    8    1
 -0.06776617445027243   14    5    8    3
 -0.03313557076825693   14    5    9    2
 0.04853178556176734   14    5    9    8
 0.05274092012122314   14    5   10    7
 0.06741249373431323   14    5   11    6
 -0.0314104727707132   14    5   12    1
 -0.03806540803929073   14    5   12    3
 0.01027034103171815   14    5   12    9
 0.03664123757642133   14    5   13    2
 0.03263084227658892   14    5   13    8
 0.05216808151736819   14    5   13   12
 0.0635226327982524   14    5   14    5
 0.09209732350736605   14    6    1    1
 0.09464358485631609   14    6    2    2
 0.001406700440741714   14    6    3    1
 0.07684086917227162   14    6    3    3
 0.07804259447654242   14    6    4    4
 0.08613247858179032   14    6    5    5
 0.09014529076557114   14    6    6    6
 0.08120906238478033   14    6    7    7
 -0.007169346521222608   14    6    8    2
 0.08753561656787194   14    6    8    8
 0.03609806381519088   14    6    9    1
 -0.03495300740606331   14    6    9    3
 0.07423118581391847   14    6    9    9
 0.05310735339928561   14    6   10    4
 0.07011832576709762   14    6   10   10
 0.06823423494611085   14    6   11    5
 0.07562121286573395   14    6   11   11
 0.0370577509301814   14    6   12    2
 0.03698922308466743   14    6   12    8
 0.06022398702406083   14    6   12   12
 -0.03442237445770618   14    6   13    1
 -0.03824791920741846   14    6   13    3
 0.008887579188828423   14    6   13    9
 0.05942760836591057   14    6   13   13
 0.06843137907597052   14    6   14    6
 0.004044942052623933   14    7    5    4
 0.004468114190395443   14    7    7    6
 0.00756344077341262   14    7   10    5
 0.00756344077341262   14    7   11    4
 0.002751443549318186   14    7   11   10
 0.007633776218894993   14    7   14    7
 0.004590434083315515   14    8    5    1
 -0.004224240162227853   14    8    5    3
 -0.004446829435833266   14    8    6    2
 0.00599315150431281   14    8    8    6
 0.006801456358758394   14    8    9    5
 0.002546219236766376   14    8   11    1
 -0.007154202688652073   14    8   11    3
 0.005191769381284625   14    8   11    9
 0.004650618861659435   14    8   12    6
 0.004355491911222418   14    8   13    5
 -8.465637199085824e-05   14    8   13   11
 -0.001556679191794893   14    8   14    2
 0.008027017604107706   14    8   14    8
 -0.02816606109778677   14    9    5    2
 0.02881882330015082   14    9    6    1
 -0.004834932962708787   14    9    6    3
 0.01023825325098   14    9    8    5
 0.007234307510971365   14    9    9    6
 -0.01020951212493054   14    9   11    2
 0.00578890173482237   14    9   11    8
 0.0003911305274534817   14    9   12    5
 -0.01089599962660289   14    9   12   11
 0.0007719954632471722   14    9   13    6
 0.008873846595597101   14    9   14    1
 -0.002496873295513642   14    9   14    3
 0.02009051582006981   14    9   14    9
 0.01182618257489206   14   10    6    4
 0.01182618257489206   14   10    7    5
 0.003457129936359183   14   10   10    6
 0.003457129936359193   14   10   11    7
 0.002598667715684518   14   10   14    4
 0.01161216224312772   14   10   14   10
 -0.1858167404692595   14   11    2    1
 -0.03639282289365758   14   11    3    2
 0.1910324365243753   14   11    6    5
 0.1673800713745912   14   11    7    4
 0.009416996367928719   14   11    8    1
 -0.1609125119058296   14   11    8    3
 -0.04267259431227779   14   11    9    2
 0.08027089606421964   14   11    9    8
 0.07007218327407438   14   11   10    7
 0.07698644314679261   14   11   11    6
 -0.03427943751029176   14   11   12    1
 -0.04469610893231542   14   11   12    3
 0.00886151488422964   14   11   12    9
 0.04000045308109759   14   11   13    2
 0.0363162553026163   14   11   13    8
 0.1590852855459006   14   11   13   12
 0.06417109099112409   14   11   14    5
 0.17164238656898   14   11   14   11
 -0.03331458962486748   14   12    5    1
 -0.009798029484652308   14   12    5    3
 0.03492097186161389   14   12    6    2
 0.006019109479601541   14   12    8    6
 0.002125952646239418   14   12    9    5
 -0.007862921763626263   14   12   11    1
 -0.004614712902265401   14   12   11    3
 -0.01529720458659164   14   12   11    9
 0.00114631304562489   14   12   12    6
 0.0002004211648823277   14   12   13    5
 0.02688932128094645   14   12   13   11
 0.007044503956016688   14   12   14    2
 -0.0001812973388585192   14   12   14    8
 0.02773177276309181   14   12   14   12
 0.03350119997199731   14   13    5    2
 -0.03285973498755082   14   13    6    1
 -0.01109239295607243   14   13    6    3
 0.005935620709032354   14   13    8    5
 -0.000264114109683298   14   13    9    6
 0.009880766199508726   14   13   11    2
 0.0003041706918466097   14   13   11    8
 0.001440136720477678   14   13   12    5
 0.0254351914817705   14   13   12   11
 0.0008969383719017872   14   13   13    6
 -0.007376182109380164   14   13   14    1
 -0.002082268369897575   14   13   14    3
 -0.01286095075043803   14   13   14    9
 0.02786521124891437   14   13   14   13
 0.3743647530874645   14   14    1    1
 0.3756456037252351   14   14    2    2
 -0.00590521398626302   14   14    3    1
 0.352451950295475   14   14    3    3
 0.3509261835819477   14   14    4    4
 0.3754798482282583   14   14    5    5
 0.3797682280354693   14   14    6    6
 0.3546456795947621   14   14    7    7
 -0.01598441600708601   14   14    8    2
 0.3642627877011414   14   14    8    8
 0.03910752969241085   14   14    9    1
 -0.03796845587034795   14   14    9    3
 0.356911399611376   14   14    9    9
 0.06730747737121678   14   14   10    4
 0.3328471100698445   14   14   10   10
 0.07223805061131981   14   14   11    5
 0.3577229290119277   14   14   11   11
 0.04384877732298903   14   14   12    2
 0.05016389346624193   14   14   12    8
 0.3162761957426309   14   14   12   12
 -0.03990564817273623   14   14   13    1
 -0.04997731392914255   14   14   13    3
 0.007634110441096028   14   14   13    9
 0.317762332067839   14   14   13   13
 0.07217817769133919   14   14   14    6
 0.3539436313882623   14   14   14   14
 -0.02180327916137384   15    1    4    2
 0.02192220542185697   15    1    7    1
 0.001425825457666015   15    1    7    3
 0.003235094536276232   15    1    8    4
 0.0124979665593704   15    1    9    7
 -0.02006395931083773   15    1   10    2
 0.002138792573457468   15    1   10    8
 -0.01171021260852795   15    1   12    4
 -0.00767219409986793   15    1   12   10
 -0.01245399227171532   15    1   13    7
 0.0190737336825194   15    1   15    1
 -0.02113512669698962   15    2    4    1
 -0.002069890137045065   15    2    4    3
 0.02238669254223572   15    2    7    2
 -0.002726882376061173   15    2    8    7
 -0.01269931506427924   15    2    9    4
 -0.02041823662266633   15    2   10    1
 -0.001999919020755668   15    2   10    3
 -0.007915163328287841   15    2   10    9
 0.0129882273828227   15    2   12    7
 0.01302313856324121   15    2   13    4
 0.007974841805257789   15    2   13   10
 0.02021353039557476   15    2   15    2
 -0.001723951815780138   15    3    4    2
 0.001349858158664367   15    3    7    1
 0.004397561553068066   15    3    7    3
 -0.004428316673464249   15    3    8    4
 -0.003776336818751469   15    3    9    7
 -0.002331442592518791   15    3   10    2
 -0.006866590174166064   15    3   10    8
 -0.006167654121684975   15    3   12    4
 -0.002547723530743736   15    3   12   10
 -0.006143861570858345   15    3   13    7
 0.001718716103278101   15    3   15    1
 0.006682646842070854   15    3   15    3
 -0.08120565888419755   15    4    2    1
 -0.01079105882127319   15    4    3    2
 0.06874497618382072   15    4    6    5
 0.07711252926699351   15    4    7    4
 0.010760600077376   15    4    8    1
 -0.06776617445027226   15    4    8    3
 -0.03313557076825688   15    4    9    2
 0.04853178556176728   15    4    9    8
 0.0674124937343132   15    4   10    7
 0.05274092012122301   15    4   11    6
 -0.03141047277071317   15    4   12    1
 -0.03806540803929069   15    4   12    3
 0.01027034103171818   15    4   12    9
 0.03664123757642128   15    4   13    2
 0.0326308422765889   15    4   13    8
 0.05216808151736808   15    4   13   12
 0.0490313030257596   15    4   14    5
 0.05897375555975495   15    4   14   11
 0.06352263279825227   15    4   15    4
 0.004183776541586351   15    5    6    4
 0.004183776541586358   15    5    7    5
 0.007335786806545069   15    5   10    6
 0.007335786806545072   15    5   11    7
 0.007245664886246368   15    5   14    4
 0.002598667715684506   15    5   14   10
 0.007245664886246365   15    5   15    5
 0.004044942052623909   15    6    5    4
 0.004468114190395416   15    6    7    6
 0.007563440773412614   15    6   10    5
 0.007563440773412614   15    6   11    4
 0.002751443549318163   15    6   11   10
 0.007633776218894987   15    6   14    7
 0.007633776218894982   15    6   15    6
 0.09209732350736601   15    7    1    1
 0.09464358485631608   15    7    2    2
 0.001406700440741716   15    7    3    1
 0.07684086917227159   15    7    3    3
 0.08613247858179028   15    7    4    4
 0.07804259447654242   15    7    5    5
 0.08120906238478021   15    7    6    6
 0.09014529076557122   15    7    7    7
 -0.007169346521222609   15    7    8    2
 0.08753561656787193   15    7    8    8
 0.03609806381519088   15    7    9    1
 -0.03495300740606332   15    7    9    3
 0.07423118581391852   15    7    9    9
 0.06823423494611083   15    7   10    4
 0.07562121286573392   15    7   10   10
 0.05310735339928561   15    7   11    5
 0.07011832576709759   15    7   11   11
 0.03705775093018138   15    7   12    2
 0.03698922308466746   15    7   12    8
 0.06022398702406091   15    7   12   12
 -0.03442237445770617   15    7   13    1
 -0.03824791920741848   15    7   13    3
 0.00888757918882839   15    7   13    9
 0.05942760836591068   15    7   13   13
 0.05316382663818053   15    7   14    6
 0.06769756429038429   15    7   14   14
 0.06843137907597049   15    7   15    7
 0.00459043408331551   15    8    4    1
 -0.004224240162227839   15    8    4    3
 -0.004446829435833264   15    8    7    2
 0.005993151504312802   15    8    8    7
 0.00680145635875839   15    8    9    4
 0.002546219236766374   15    8   10    1
 -0.00715420268865207   15    8   10    3
 0.005191769381284615   15    8   10    9
 0.004650618861659434   15    8   12    7
 0.004355491911222416   15    8   13    4
 -8.465637199086362e-05   15    8   13   10
 -0.001556679191794888   15    8   15    2
 0.008027017604107699   15    8   15    8
 -0.02816606109778677   15    9    4    2
 0.02881882330015083   15    9    7    1
 -0.004834932962708783   15    9    7    3
 0.01023825325098   15    9    8    4
 0.007234307510971382   15    9    9    7
 -0.01020951212493054   15    9   10    2
 0.005788901734822365   15    9   10    8
 0.0003911305274534759   15    9   12    4
 -0.01089599962660291   15    9   12   10
 0.0007719954632471566   15    9   13    7
 0.008873846595597075   15    9   15    1
 -0.002496873295513635   15    9   15    3
 0.02009051582006981   15    9   15    9
 -0.1858167404692594   15   10    2    1
 -0.03639282289365758   15   10    3    2
 0.1673800713745911   15   10    6    5
 0.1910324365243753   15   10    7    4
 0.009416996367928716   15   10    8    1
 -0.1609125119058295   15   10    8    3
 -0.04267259431227772   15   10    9    2
 0.08027089606421964   15   10    9    8
 0.0769864431467927   15   10   10    7
 0.0700721832740742   15   10   11    6
 -0.0342794375102917   15   10   12    1
 -0.04469610893231544   15   10   12    3
 0.008861514884229727   15   10   12    9
 0.04000045308109751   15   10   13    2
 0.03631625530261633   15   10   13    8
 0.1590852855459005   15   10   13   12
 0.05897375555975502   15   10   14    5
 0.1484180620827244   15   10   14   11
 0.06417109099112388   15   10   15    4
 0.1716423865689798   15   10   15   10
 0.01182618257489205   15   11    6    4
 0.01182618257489205   15   11    7    5
 0.003457129936359176   15   11   10    6
 0.003457129936359185   15   11   11    7
 0.00259866771568451   15   11   14    4
 0.01161216224312771   15   11   14   10
 0.002598667715684501   15   11   15    5
 0.01161216224312771   15   11   15   11
 -0.03331458962486748   15   12    4    1
 -0.009798029484652306   15   12    4    3
 0.03492097186161389   15   12    7    2
 0.006019109479601539   15   12    8    7
 0.002125952646239425   15   12    9    4
 -0.007862921763626253   15   12   10    1
 -0.004614712902265398   15   12   10    3
 -0.01529720458659165   15   12   10    9
 0.0011463130456249   15   12   12    7
 0.0002004211648823131   15   12   13    4
 0.02688932128094644   15   12   13   10
 0.007044503956016649   15   12   15    2
 -0.0001812973388585281   15   12   15    8
 0.0277317727630918   15   12   15   12
 0.03350119997199731   15   13    4    2
 -0.03285973498755083   15   13    7    1
 -0.01109239295607243   15   13    7    3
 0.005935620709032352   15   13    8    4
 -0.0002641141096833137   15   13    9    7
 0.009880766199508728   15   13   10    2
 0.0003041706918466058   15   13   10    8
 0.001440136720477679   15   13   12    4
 0.0254351914817705   15   13   12   10
 0.0008969383719018052   15   13   13    7
 -0.007376182109380135   15   13   15    1
 -0.002082268369897561   15   13   15    3
 -0.01286095075043805   15   13   15    9
 0.02786521124891439   15   13   15   13
 0.01227683232315527   15   14    5    4
 0.01256127422035362   15   14    7    6
 0.002465286620051489   15   14   10    5
 0.002465286620051489   15   14   11    4
 0.01243790947104162   15   14   11   10
 0.002240306700477437   15   14   14    7
 0.002240306700477417   15   14   15    6
 0.01276500610303258   15   14   15   14
 0.3743647530874644   15   15    1    1
 0.375645603725235   15   15    2    2
 -0.005905213986263019   15   15    3    1
 0.3524519502954749   15   15    3    3
 0.3754798482282582   15   15    4    4
 0.3509261835819476   15   15    5    5
 0.3546456795947618   15   15    6    6
 0.3797682280354693   15   15    7    7
 -0.015984416007086   15   15    8    2
 0.3642627877011413   15   15    8    8
 0.03910752969241076   15   15    9    1
 -0.03796845587034792   15   15    9    3
 0.356911399611376   15   15    9    9
 0.07223805061131967   15   15   10    4
 0.3577229290119276   15   15   10   10
 0.06730747737121673   15   15   11    5
 0.3328471100698444   15   15   11   11
 0.04384877732298895   15   15   12    2
 0.05016389346624187   15   15   12    8
 0.316276195742631   15   15   12   12
 -0.03990564817273613   15   15   13    1
 -0.0499773139291425   15   15   13    3
 0.007634110441096071   15   15   13    9
 0.3177623320678391   15   15   13   13
 0.06769756429038419   15   15   14    6
 0.328413619182197   15   15   14   14
 0.072178177691339   15   15   15    7
 0.3539436313882622   15   15   15   15
 -0.04752642508296737   16    1    2    1
 0.002840189005208214   16    1    3    2
 0.04042554150015479   16    1    6    5
 0.04042554150015481   16    1    7    4
 0.01665724417990563   16    1    8    1
 -0.04366423187152558   16    1    8    3
 -0.0290106242529598   16    1    9    2
 0.04013598777586502   16    1    9    8
 0.03498620458085752   16    1   10    7
 0.03498620458085751   16    1   11    6
 -0.01134809470932658   16    1   12    1
 -0.0165528652394694   16    1   12    3
 0.007699954544389775   16    1   12    9
 0.01436282655891975   16    1   13    2
 0.01371154998441658   16    1   13    8
 0.02846674739971728   16    1   13   12
 0.032916866552081   16    1   14    5
 0.03549776275998839   16    1   14   11
 0.03291686655208096   16    1   15    4
 0.03549776275998835   16    1   15   10
 0.02887409920911886   16    1   16    1
 -0.04436674237948915   16    2    1    1
 -0.04470934181395399   16    2    2    2
 0.006179564952764253   16    2    3    1
 -0.03607015628741801   16    2    3    3
 -0.0364149410758929   16    2    4    4
 -0.0364149410758929   16    2    5    5
 -0.0385970274172711   16    2    6    6
 -0.03859702741727115   16    2    7    7
 0.01232194887988183   16    2    8    2
 -0.04765779254329342   16    2    8    8
 -0.0298371714702586   16    2    9    1
 0.02880670409208433   16    2    9    3
 -0.03960451734105309   16    2    9    9
 -0.03273182120166315   16    2   10    4
 -0.032653285400441   16    2   10   10
 -0.03273182120166317   16    2   11    5
 -0.03265328540044102   16    2   11   11
 -0.01240628325188336   16    2   12    2
 -0.01415221114169095   16    2   12    8
 -0.02674275772817298   16    2   12   12
 0.01203215911325738   16    2   13    1
 0.01417028157553218   16    2   13    3
 -0.005114255870457692   16    2   13    9
 -0.02547670406451857   16    2   13   13
 -0.03233432069812163   16    2   14    6
 -0.03214777811849591   16    2   14   14
 -0.0323343206981216   16    2   15    7
 -0.03214777811849583   16    2   15   15
 0.02571345186778535   16    2   16    2
 0.03397676767102963   16    3    2    1
 -0.004215067845483064   16    3    3    2
 -0.02822681836748365   16    3    6    5
 -0.02822681836748368   16    3    7    4
 -0.01471282656121673   16    3    8    1
 0.03326004584998333   16    3    8    3
 0.02351344288645307   16    3    9    2
 -0.03645789535972595   16    3    9    8
 -0.02631792226791509   16    3   10    7
 -0.02631792226791504   16    3   11    6
 0.009199056512655035   16    3   12    1
 0.01811004687288853   16    3   12    3
 -0.00831887594487354   16    3   12    9
 -0.01188462402103849   16    3   13    2
 -0.01619529785273481   16    3   13    8
 -0.01832320125902077   16    3   13   12
 -0.0248875301898486   16    3   14    5
 -0.02552924962580641   16    3   14   11
 -0.02488753018984859   16    3   15    4
 -0.02552924962580643   16    3   15   10
 -0.02361195001852416   16    3   16    1
 0.02435838364843735   16    3   16    3
 -0.002424316585073444   16    4    4    2
 0.002590517323847161   16    4    7    1
 -0.0009626611425540649   16    4    7    3
 0.002289561494640973   16    4    8    4
 0.01172192027036292   16    4    9    7
 -0.01122931804590721   16    4   10    2
 0.005534976492344548   16    4   10    8
 -0.005559370112772052   16    4   12    4
 0.001750891168860394   16    4   12   10
 -0.006567823708529606   16    4   13    7
 0.01170126569664427   16    4   15    1
 -0.003339004478910379   16    4   15    3
 0.001114516605133618   16    4   15    9
 0.002632346606645965   16    4   15   13
 0.01392432221172541   16    4   16    4
 -0.002424316585073446   16    5    5    2
 0.002590517323847152   16    5    6    1
 -0.0009626611425540617   16    5    6    3
 0.002289561494640973   16    5    8    5
 0.01172192027036292   16    5    9    6
 -0.01122931804590721   16    5   11    2
 0.005534976492344549   16    5   11    8
 -0.005559370112772052   16    5   12    5
 0.00175089116886039   16    5   12   11
 -0.00656782370852961   16    5   13    6
 0.01170126569664427   16    5   14    1
 -0.00333900447891038   16    5   14    3
 0.001114516605133631   16    5   14    9
 0.002632346606645956   16    5   14   13
 0.01392432221172542   16    5   16    5
 -0.0001562467914190615   16    6    5    1
 0.0005269720127101952   16    6    5    3
 -0.0007373402830935109   16    6    6    2
 0.001958647035298594   16    6    8    6
 0.01441964447099301   16    6    9    5
 0.01305750919198144   16    6   11    1
 -0.005448216312865794   16    6   11    3
 -0.003144254134460101   16    6   11    9
 -0.006390397974147669   16    6   12    6
 -0.007125352441933762   16    6   13    5
 0.003067491780437344   16    6   13   11
 -0.01227428698221761   16    6   14    2
 0.005634207489442098   16    6   14    8
 0.003742806994382053   16    6   14   12
 0.01565774562229609   16    6   16    6
 -0.0001562467914190312   16    7    4    1
 0.0005269720127101891   16    7    4    3
 -0.0007373402830935498   16    7    7    2
 0.001958647035298608   16    7    8    7
 0.01441964447099301   16    7    9    4
 0.01305750919198145   16    7   10    1
 -0.005448216312865791   16    7   10    3
 -0.003144254134460076   16    7   10    9
 -0.006390397974147662   16    7   12    7
 -0.007125352441933757   16    7   13    4
 0.003067491780437334   16    7   13   10
 -0.01227428698221761   16    7   15    2
 0.005634207489442099   16    7   15    8
 0.003742806994382051   16    7   15   12
 0.01565774562229608   16    7   16    7
 0.05716988845341481   16    8    1    1
 0.05699259917121507   16    8    2    2
 -0.01089611808164702   16    8    3    1
 0.04858477996853961   16    8    3    3
 0.04734578743434432   16    8    4    4
 0.04734578743434431   16    8    5    5
 0.04988562685564941   16    8    6    6
 0.04988562685564949   16    8    7    7
 -0.01848233637093261   16    8    8    2
 0.06430095352836372   16    8    8    8
 0.03670249641808507   16    8    9    1
 -0.03972036399370409   16    8    9    3
 0.05643832536855311   16    8    9    9
 0.03742907053957906   16    8   10    4
 0.04320215703778709   16    8   10   10
 0.03742907053957905   16    8   11    5
 0.04320215703778708   16    8   11   11
 0.01576950802781561   16    8   12    2
 0.02461614189311428   16    8   12    8
 0.03234518561147452   16    8   12   12
 -0.01455069277584652   16    8   13    1
 -0.02347030857230252   16    8   13    3
 0.007981560001874331   16    8   13    9
 0.03149838343530717   16    8   13   13
 0.03687364065393824   16    8   14    6
 0.04287873339946652   16    8   14   14
 0.03687364065393826   16    8   15    7
 0.04287873339946646   16    8   15   15
 -0.02977306511962262   16    8   16    2
 0.04145615322776287   16    8   16    8
 -0.1551920318042419   16    9    2    1
 0.004427875253211185   16    9    3    2
 0.1441775006543851   16    9    6    5
 0.1441775006543852   16    9    7    4
 0.04572855426190829   16    9    8    1
 -0.1450314209850062   16    9    8    3
 -0.05078907155456525   16    9    9    2
 0.08365945977766688   16    9    9    8
 0.06134757509477513   16    9   10    7
 0.06134757509477504   16    9   11    6
 -0.02014180118136975   16    9   12    1
 -0.03968781383469883   16    9   12    3
 0.0122725081014434   16    9   12    9
 0.02565617873650852   16    9   13    2
 0.033473090560556   16    9   13    8
 0.1060304707561595   16    9   13   12
 0.05239098095227793   16    9   14    5
 0.1255713387540845   16    9   14   11
 0.0523909809522778   16    9   15    4
 0.1255713387540844   16    9   15   10
 0.03825708393676596   16    9   16    1
 -0.03080985411569626   16    9   16    3
 0.1334825095252185   16    9   16    9
 -0.03125222606583423   16   10    4    2
 0.03190821613285565   16   10    7    1
 -0.004717156136619278   16   10    7    3
 0.01053530774524126   16   10    8    4
 0.005629438911890412   16   10    9    7
 -0.01006451799685841   16   10   10    2
 0.004417381403605339   16   10   10    8
 0.0002051799591083283   16   10   12    4
 -0.01275499598556948   16   10   12   10
 0.0007969817911040709   16   10   13    7
 0.008401526126951187   16   10   15    1
 -0.00107480836046381   16   10   15    3
 0.02221704612370208   16   10   15    9
 -0.01503904296108122   16   10   15   13
 -0.001549256534645277   16   10   16    4
 0.02537024029555869   16   10   16   10
 -0.03125222606583423   16   11    5    2
 0.03190821613285565   16   11    6    1
 -0.004717156136619278   16   11    6    3
 0.01053530774524126   16   11    8    5
 0.005629438911890386   16   11    9    6
 -0.0100645179968584   16   11   11    2
 0.004417381403605337   16   11   11    8
 0.0002051799591083316   16   11   12    5
 -0.01275499598556946   16   11   12   11
 0.0007969817911040885   16   11   13    6
 0.008401526126951206   16   11   14    1
 -0.001074808360463812   16   11   14    3
 0.02221704612370208   16   11   14    9
 -0.01503904296108121   16   11   14   13
 -0.001549256534645285   16   11   16    5
 0.02537024029555868   16   11   16   11
 0.0005400318344503907   16   12    1    1
 0.001442548873414695   16   12    2    2
 0.003269715581342782   16   12    3    1
 0.007678771491768489   16   12    3    3
 -0.003389455092877401   16   12    4    4
 -0.003389455092877405   16   12    5    5
 -0.003030347707195402   16   12    6    6
 -0.003030347707195388   16   12    7    7
 0.003396810769832598   16   12    8    2
 0.01018099768651989   16   12    8    8
 0.004982288320841459   16   12    9    1
 -0.008716201362058936   16   12    9    3
 0.00137174017276441   16   12    9    9
 0.005123253736226668   16   12   10    4
 -0.001792219344402607   16   12   10   10
 0.005123253736226644   16   12   11    5
 -0.001792219344402742   16   12   11   11
 0.001216236106390329   16   12   12    2
 0.001852003045612103   16   12   12    8
 0.01103001697941393   16   12   12   12
 -0.001473831746994687   16   12   13    1
 -0.002056831829862912   16   12   13    3
 0.005016331640731848   16   12   13    9
 0.009363047473988004   16   12   13   13
 0.005066101457660445   16   12   14    6
 -0.001613132566466675   16   12   14   14
 0.005066101457660468   16   12   15    7
 -0.001613132566466521   16   12   15   15
 -0.006028950564738193   16   12   16    2
 0.007036692925494846   16   12   16    8
 0.007194371335357456   16   12   16   12
 0.003940790949087773   16   13    2    1
 -0.00257950948274292   16   13    3    2
 -0.007773648216253215   16   13    6    5
 -0.007773648216253197   16   13    7    4
 -0.002949255508686178   16   13    8    1
 -0.005056809843786187   16   13    8    3
 -0.001417907980045732   16   13    9    2
 0.004752974859288841   16   13    9    8
 0.00196078416904557   16   13   10    7
 0.001960784169045527   16   13   11    6
 -9.273994994882289e-05   16   13   12    1
 -0.0006081820791583304   16   13   12    3
 0.004951976054321824   16   13   12    9
 0.0007345075211281948   16   13   13    2
 0.0004984474296965321   16   13   13    8
 0.006025527648187414   16   13   13   12
 0.002615817595443974   16   13   14    5
 -0.005176344670232507   16   13   14   11
 0.002615817595444028   16   13   15    4
 -0.005176344670232426   16   13   15   10
 0.00439034582883843   16   13   16    1
 -0.003748813351149959   16   13   16    3
 -0.001487411756387266   16   13   16    9
 0.007000192781357229   16   13   16   13
 0.03795806994817173   16   14    5    1
 -0.007507092023920631   16   14    5    3
 -0.03728321827667125   16   14    6    2
 0.01199502530009551   16   14    8    6
 9.34458090965798e-05   16   14    9    5
 0.007180883716646392   16   14   11    1
 0.002812747989837781   16   14   11    3
 0.03166465182666761   16   14   11    9
 0.001635673823700686   16   14   12    6
 0.002461345014011505   16   14   13    5
 -0.01718927274528658   16   14   13   11
 -0.007367284299787565   16   14   14    2
 0.004273516002745184   16   14   14    8
 -0.01712685593455044   16   14   14   12
 -0.004605914800463775   16   14   16    6
 0.03226776838494883   16   14   16   14
 0.03795806994817173   16   15    4    1
 -0.00750709202392063   16   15    4    3
 -0.03728321827667126   16   15    7    2
 0.01199502530009551   16   15    8    7
 9.344580909657076e-05   16   15    9    4
 0.007180883716646385   16   15   10    1
 0.002812747989837785   16   15   10    3
 0.03166465182666761   16   15   10    9
 0.001635673823700675   16   15   12    7
 0.002461345014011509   16   15   13    4
 -0.01718927274528659   16   15   13   10
 -0.007367284299787526   16   15   15    2
 0.004273516002745169   16   15   15    8
 -0.01712685593455045   16   15   15   12
 -0.00460591480046376   16   15   16    7
 0.03226776838494884   16   15   16   15
 0.3914400965287647   16   16    1    1
 0.3817253256454124   16   16    2    2
 -0.05376901150592255   16   16    3    1
 0.3781365913650019   16   16    3    3
 0.3711815052218435   16   16    4    4
 0.3711815052218436   16   16    5    5
 0.3722701314172588   16   16    6    6
 0.372270131417259   16   16    7    7
 -0.06044167510490479   16   16    8    2
 0.3935193399030734   16   16    8    8
 0.04243092919663589   16   16    9    1
 -0.02893148568726149   16   16    9    3
 0.4209434854620882   16   16    9    9
 0.057841906526817   16   16   10    4
 0.3515463136890095   16   16   10   10
 0.05784190652681704   16   16   11    5
 0.3515463136890094   16   16   11   11
 0.03034007299247806   16   16   12    2
 0.05207125128816577   16   16   12    8
 0.2935899436933744   16   16   12   12
 -0.02831933146835649   16   16   13    1
 -0.04545471792770318   16   16   13    3
 0.01265391767550218   16   16   13    9
 0.2966033969093029   16   16   13   13
 0.06160928448927623   16   16   14    6
 0.3419126182603945   16   16   14   14
 0.06160928448927615   16   16   15    7
 0.3419126182603947   16   16   15   15
 -0.03192108613928984   16   16   16    2
 0.04730774495605291   16   16   16    8
 -0.0008731032036150487   16   16   16   12
 0.39204822997911   16   16   16   16
 -4.454830163075946    1    1  0  0
 -4.430584105466582    2    2  0  0
 0.1157081480358249    3    1  0  0
 -3.904540151359778    3    3  0  0
 -3.842361291523846    4    4  0  0
 -3.842361291523846    5    5  0  0
 -3.860430722368097    6    6  0  0
 -3.860430722368099    7    7  0  0
 0.2075888830752779    8    2  0  0
 -3.945184308917147    8    8  0  0
 -0.3571674539886011    9    1  0  0
 0.3888831081535529    9    3  0  0
 -3.066831126505602    9    9  0  0
 -0.7103338598452986   10    4  0  0
 -2.756822107323528   10   10  0  0
 -0.7103338598452981   11    5  0  0
 -2.756822107323528   11   11  0  0
 -0.4125488426137018   12    2  0  0
 -0.5563255894505422   12    8  0  0
 -1.477848464252195e-15   12    9  0  0
 -2.450677278069013   12   12  0  0
 0.3797634290777228   13    1  0  0
 0.5239786947267235   13    3  0  0
 -0.1389255817943203   13    9  0  0
 -2.434849632299235   13   13  0  0
 -0.7255109358628312   14    6  0  0
 -2.608181691308691   14   14  0  0
 -0.7255109358628309   15    7  0  0
 -2.608181691308688   15   15  0  0
 0.2946527793746073   16    2  0  0
 -0.4480593230246631   16    8  0  0
 1.149493424737958e-15   16    9  0  0
 -0.02252795534163456   16   12  0  0
 -1.882688717427784e-15   16   13  0  0
 -2.424071584872758   16   16  0  0
 -84.43746821055659  0  0  0  0
