 &FCI NORB=  16,NELEC=10,MS2=0,
  ORBSYM=1,1,1,1,1,1,1,1,1,1,1,1,1,1,1,1
  ISYM=1,
 &END
 0.6967734298884444    1    1    1    1
 0.08814136313174531    2    1    2    1
 0.5036009266576916    2    2    1    1
 0.5185309859786676    2    2    2    2
 -0.1127518539964089    3    1    1    1
 -0.001870674594609077    3    1    2    2
 0.06294870987410621    3    1    3    1
 0.1034805943200408    3    2    2    1
 0.1840624432965389    3    2    3    2
 0.5250842339144028    3    3    1    1
 0.5226167585896653    3    3    2    2
 -0.01913682739652376    3    3    3    1
 0.5473235539092408    3    3    3    3
 0.08226267773532381    4    1    4    1
 0.05141389586047226    4    2    4    2
 0.01260854063601945    4    3    4    1
 0.02361634199180912    4    3    4    3
 0.5513542218774606    4    4    1    1
 0.4756379473125768    4    4    2    2
 -0.04279432492551095    4    4    3    1
 0.4730934577845954    4    4    3    3
 0.510191739353712    4    4    4    4
 0.08226267773532381    5    1    5    1
 0.05141389586047226    5    2    5    2
 0.01260854063601944    5    3    5    1
 0.02361634199180912    5    3    5    3
 0.01926701654443403    5    4    5    4
 0.5513542218774606    5    5    1    1
 0.4756379473125768    5    5    2    2
 -0.04279432492551093    5    5    3    1
 0.4730934577845954    5    5    3    3
 0.4716577062648439    5    5    4    4
 0.510191739353712    5    5    5    5
 -0.04398143550987981    6    1    5    2
 0.04241438719186342    6    1    6    1
 -0.06692024991600921    6    2    5    1
 -0.03066499402750595    6    2    5    3
 0.07429641257168966    6    2    6    2
 -0.03235905203303755    6    3    5    2
 0.02101785563341553    6    3    6    1
 0.02992589398327432    6    3    6    3
 0.01531156747655018    6    4    6    4
 -0.1139019174221554    6    5    2    1
 -0.1347181794192943    6    5    3    2
 0.1666623133940704    6    5    6    5
 0.5185667137935988    6    6    1    1
 0.4790210536035444    6    6    2    2
 -0.02471575461810604    6    6    3    1
 0.4742605696221375    6    6    3    3
 0.4580980398782546    6    6    4    4
 0.4940809088857164    6    6    5    5
 0.4896078190706336    6    6    6    6
 -0.0439814355098798    7    1    4    2
 0.04241438719186337    7    1    7    1
 -0.06692024991600919    7    2    4    1
 -0.03066499402750595    7    2    4    3
 0.07429641257168962    7    2    7    2
 -0.03235905203303754    7    3    4    2
 0.02101785563341552    7    3    7    1
 0.02992589398327432    7    3    7    3
 -0.1139019174221554    7    4    2    1
 -0.1347181794192942    7    4    3    2
 0.13603917844097    7    4    6    5
 0.1666623133940703    7    4    7    4
 0.01531156747655018    7    5    6    4
 0.01531156747655017    7    5    7    5
 0.01799143450373094    7    6    5    4
 0.01865755799436805    7    6    7    6
 0.5185667137935985    7    7    1    1
 0.4790210536035444    7    7    2    2
 -0.02471575461810597    7    7    3    1
 0.4742605696221373    7    7    3    3
 0.4940809088857163    7    7    4    4
 0.4580980398782544    7    7    5    5
 0.4522927030818974    7    7    6    6
 0.4896078190706332    7    7    7    7
 -0.06404920508915664    8    1    2    1
 -0.03705270252638082    8    1    3    2
 0.07989081553549969    8    1    6    5
 0.07989081553549965    8    1    7    4
 0.0761634784844821    8    1    8    1
 -0.09621012181520583    8    2    1    1
 -0.02119793451171278    8    2    2    2
 0.03565224080540222    8    2    3    1
 -0.01329456617744824    8    2    3    3
 -0.06067984722020451    8    2    4    4
 -0.06067984722020452    8    2    5    5
 -0.04786985106301195    8    2    6    6
 -0.04786985106301184    8    2    7    7
 0.04463140548150594    8    2    8    2
 0.06203782446043284    8    3    2    1
 0.09488062929016122    8    3    3    2
 -0.07723696600091953    8    3    6    5
 -0.07723696600091956    8    3    7    4
 -0.03961361094074035    8    3    8    1
 0.07225730268071352    8    3    8    3
 -0.02121438852807729    8    4    4    2
 0.02578911653399595    8    4    7    1
 0.002186817614531741    8    4    7    3
 0.02207961941819798    8    4    8    4
 -0.02121438852807728    8    5    5    2
 0.02578911653399597    8    5    6    1
 0.002186817614531737    8    5    6    3
 0.02207961941819801    8    5    8    5
 0.03926332560298935    8    6    5    1
 -0.001326150499443947    8    6    5    3
 -0.02571275248277122    8    6    6    2
 0.02610799479977908    8    6    8    6
 0.03926332560298931    8    7    4    1
 -0.001326150499443957    8    7    4    3
 -0.02571275248277118    8    7    7    2
 0.02610799479977907    8    7    8    7
 0.5064520324709598    8    8    1    1
 0.4370883375514909    8    8    2    2
 -0.04696022012580442    8    8    3    1
 0.4537793283448259    8    8    3    3
 0.436181323244916    8    8    4    4
 0.4361813232449159    8    8    5    5
 0.4268544093075204    8    8    6    6
 0.4268544093075203    8    8    7    7
 -0.03493364060103604    8    8    8    2
 0.4340784554908108    8    8    8    8
 0.02191535261972756    9    1    4    1
 0.002502536261839447    9    1    4    3
 -0.01925239495557157    9    1    7    2
 0.01410387332523625    9    1    8    7
 0.01937062130171335    9    1    9    1
 0.02227580336819278    9    2    4    2
 -0.01969358211342465    9    2    7    1
 -0.01206352220641091    9    2    7    3
 -0.0113735219967053    9    2    8    4
 0.0194182904952873    9    2    9    2
 0.0007376303778103062    9    3    4    1
 0.00916838023558547    9    3    4    3
 -0.008615178172519783    9    3    7    2
 -0.0008864959208149633    9    3    8    7
 0.003735264451086543    9    3    9    1
 0.0102523385667917    9    3    9    3
 0.1183326151824352    9    4    1    1
 0.09978004710896507    9    4    2    2
 -0.01557721055857524    9    4    3    1
 0.1030174888478062    9    4    3    3
 0.09338177825848071    9    4    4    4
 0.08800372404648847    9    4    5    5
 0.08888205413364139    9    4    6    6
 0.0967869747906845    9    4    7    7
 -0.02141182227530935    9    4    8    2
 0.08180092949214292    9    4    8    8
 0.07273932808050082    9    4    9    4
 0.002689027105996126    9    5    5    4
 0.003952460328521622    9    5    7    6
 0.008439170183346266    9    5    9    5
 0.005333034701604629    9    6    6    4
 0.005333034701604621    9    6    7    5
 0.007487518238589871    9    6    9    6
 -0.05548225312413713    9    7    2    1
 -0.05725540389420251    9    7    3    2
 0.06420691519721491    9    7    6    5
 0.07487298460042408    9    7    7    4
 0.04878474934112164    9    7    8    1
 -0.03372668710621387    9    7    8    3
 0.06643727009809559    9    7    9    7
 -0.01415693400326053    9    8    4    2
 0.01631058447110075    9    8    7    1
 0.003628460674139592    9    8    7    3
 0.01101943588281201    9    8    8    4
 -0.008371224201487646    9    8    9    2
 0.01167021093429062    9    8    9    8
 0.478530396175596    9    9    1    1
 0.4269425377300845    9    9    2    2
 -0.03032824465590874    9    9    3    1
 0.4251824882794463    9    9    3    3
 0.4524483184327581    9    9    4    4
 0.4226328532058529    9    9    5    5
 0.4133996271770135    9    9    6    6
 0.4416033938200701    9    9    7    7
 -0.04729276224877473    9    9    8    2
 0.3918209137136577    9    9    8    8
 0.07490352455947441    9    9    9    4
 0.4245711253173107    9    9    9    9
 0.02191535261972756   10    1    5    1
 0.002502536261839447   10    1    5    3
 -0.01925239495557159   10    1    6    2
 0.01410387332523627   10    1    8    6
 0.01937062130171335   10    1   10    1
 0.02227580336819278   10    2    5    2
 -0.01969358211342467   10    2    6    1
 -0.01206352220641092   10    2    6    3
 -0.0113735219967053   10    2    8    5
 0.0194182904952873   10    2   10    2
 0.0007376303778103061   10    3    5    1
 0.00916838023558547   10    3    5    3
 -0.008615178172519795   10    3    6    2
 -0.0008864959208149648   10    3    8    6
 0.003735264451086544   10    3   10    1
 0.0102523385667917   10    3   10    3
 0.002689027105996126   10    4    5    4
 0.003952460328521623   10    4    7    6
 0.008439170183346266   10    4    9    5
 0.008439170183346266   10    4   10    4
 0.1183326151824352   10    5    1    1
 0.09978004710896507   10    5    2    2
 -0.01557721055857523   10    5    3    1
 0.1030174888478061   10    5    3    3
 0.08800372404648844   10    5    4    4
 0.09338177825848071   10    5    5    5
 0.09678697479068467   10    5    6    6
 0.08888205413364125   10    5    7    7
 -0.02141182227530932   10    5    8    2
 0.08180092949214257   10    5    8    8
 0.0558609877138083   10    5    9    4
 0.07400941140616416   10    5    9    9
 0.07273932808050085   10    5   10    5
 -0.05548225312413724   10    6    2    1
 -0.05725540389420262   10    6    3    2
 0.07487298460042432   10    6    6    5
 0.06420691519721498   10    6    7    4
 0.04878474934112171   10    6    8    1
 -0.03372668710621398   10    6    8    3
 0.05146223362091591   10    6    9    7
 0.0664372700980957   10    6   10    6
 0.005333034701604617   10    7    6    4
 0.005333034701604609   10    7    7    5
 0.007487518238589866   10    7    9    6
 0.007487518238589863   10    7   10    7
 -0.01415693400326053   10    8    5    2
 0.01631058447110076   10    8    6    1
 0.003628460674139594   10    8    6    3
 0.01101943588281203   10    8    8    5
 -0.00837122420148763   10    8   10    2
 0.01167021093429058   10    8   10    8
 0.01490773261345262   10    9    5    4
 0.01410188332152841   10    9    7    6
 0.000447056576655153   10    9    9    5
 0.0004470565766551525   10    9   10    4
 0.01621160312785427   10    9   10    9
 0.478530396175596   10   10    1    1
 0.4269425377300844   10   10    2    2
 -0.03032824465590872   10   10    3    1
 0.4251824882794463   10   10    3    3
 0.4226328532058529   10   10    4    4
 0.4524483184327582   10   10    5    5
 0.4416033938200703   10   10    6    6
 0.4133996271770133   10   10    7    7
 -0.04729276224877475   10   10    8    2
 0.3918209137136578   10   10    8    8
 0.07400941140616417   10   10    9    4
 0.3921479190616024   10   10    9    9
 0.07490352455947434   10   10   10    5
 0.4245711253173106   10   10   10   10
 -0.01581220938438519   11    1    1    1
 0.01096836466731311   11    1    2    2
 0.01791853045844156   11    1    3    1
 0.0009731802227402431   11    1    3    3
 0.005078922879025905   11    1    4    4
 0.005078922879025904   11    1    5    5
 0.006091962106314985   11    1    6    6
 0.006091962106314988   11    1    7    7
 0.002663881478169134   11    1    8    2
 -0.009736418496965263   11    1    8    8
 -0.001592878613121526   11    1    9    4
 0.004556391930256057   11    1    9    9
 -0.001592878613121503   11    1   10    5
 0.004556391930256064   11    1   10   10
 0.01126171693107303   11    1   11    1
 0.02915089019741518   11    2    2    1
 0.04153157349844843   11    2    3    2
 -0.03599934794187495   11    2    6    5
 -0.03599934794187493   11    2    7    4
 -0.01943195747094727   11    2    8    1
 0.01152457595260574   11    2    8    3
 -0.03349356331505221   11    2    9    7
 -0.03349356331505224   11    2   10    6
 0.03545537761786468   11    2   11    2
 0.1170670767579481   11    3    1    1
 0.09615324940276899   11    3    2    2
 -0.0181787260048465   11    3    3    1
 0.1048062785830708   11    3    3    3
 0.0884957211418152   11    3    4    4
 0.08849572114181518   11    3    5    5
 0.0850753903729046   11    3    6    6
 0.08507539037290447   11    3    7    7
 -0.02278775902443821   11    3    8    2
 0.06495118232259013   11    3    8    8
 0.05022626958805834   11    3    9    4
 0.07705808997204842   11    3    9    9
 0.05022626958805831   11    3   10    5
 0.07705808997204831   11    3   10   10
 0.001942876539219594   11    3   11    1
 0.06701092947198548   11    3   11    3
 0.01327428336439466   11    4    4    1
 0.005682873481333965   11    4    4    3
 -0.01317730742821243   11    4    7    2
 0.007355732858855337   11    4    8    7
 0.003810418696024275   11    4    9    1
 0.007314399367731235   11    4    9    3
 0.009069041445451304   11    4   11    4
 0.01327428336439466   11    5    5    1
 0.005682873481333963   11    5    5    3
 -0.01317730742821244   11    5    6    2
 0.007355732858855333   11    5    8    6
 0.003810418696024279   11    5   10    1
 0.007314399367731237   11    5   10    3
 0.009069041445451311   11    5   11    5
 -0.0071984538608935   11    6    5    2
 0.005376220332163902   11    6    6    1
 0.004004057937140528   11    6    6    3
 0.004485270709454109   11    6    8    5
 -0.01024118861776869   11    6   10    2
 -0.001237837556796286   11    6   10    8
 0.01050522415836631   11    6   11    6
 -0.007198453860893472   11    7    4    2
 0.005376220332163876   11    7    7    1
 0.004004057937140491   11    7    7    3
 0.00448527070945411   11    7    8    4
 -0.01024118861776868   11    7    9    2
 -0.001237837556796278   11    7    9    8
 0.01050522415836632   11    7   11    7
 -0.01504805416964543   11    8    2    1
 -0.04029571547372676   11    8    3    2
 0.02347195827658713   11    8    6    5
 0.0234719582765871   11    8    7    4
 -0.01067623509929901   11    8    8    1
 -0.02723831329193453   11    8    8    3
 -0.01153581626148888   11    8    9    7
 -0.01153581626148864   11    8   10    6
 0.02052048862546024   11    8   11    2
 0.05552510877154353   11    8   11    8
 0.007083107693505026   11    9    4    1
 0.01383760304469123   11    9    4    3
 -0.01832107413043187   11    9    7    2
 -0.002332776028067305   11    9    8    7
 0.004050156161194318   11    9    9    1
 0.00522090343460087   11    9    9    3
 0.001581411656662683   11    9   11    4
 0.01273942014490154   11    9   11    9
 0.007083107693505028   11   10    5    1
 0.01383760304469123   11   10    5    3
 -0.01832107413043187   11   10    6    2
 -0.0023327760280673   11   10    8    6
 0.004050156161194318   11   10   10    1
 0.00522090343460087   11   10   10    3
 0.001581411656662683   11   10   11    5
 0.01273942014490154   11   10   11   10
 0.3930052719970975   11   11    1    1
 0.40447121057535   11   11    2    2
 -0.004206279202310688   11   11    3    1
 0.418801648772858   11   11    3    3
 0.3715720998582356   11   11    4    4
 0.3715720998582355   11   11    5    5
 0.3756149400203932   11   11    6    6
 0.3756149400203931   11   11    7    7
 0.001538542226604296   11   11    8    2
 0.3759296547334895   11   11    8    8
 0.05831932681279318   11   11    9    4
 0.3467029076411317   11   11    9    9
 0.05831932681279307   11   11   10    5
 0.3467029076411316   11   11   10   10
 -0.0005695274583459976   11   11   11    1
 0.04804406609451509   11   11   11    3
 0.3658630794403168   11   11   11   11
 -0.02712383630573357   12    1    2    1
 -0.00359110994860056   12    1    3    2
 0.03261332297460989   12    1    6    5
 0.03261332297460989   12    1    7    4
 0.0440748814355128   12    1    8    1
 -0.02386643065890342   12    1    8    3
 0.01889161745215511   12    1    9    7
 0.01889161745215513   12    1   10    6
 0.0009429183737680913   12    1   11    2
 -0.004755757701754712   12    1   11    8
 0.03318075099034067   12    1   12    1
 0.02617501886129606   12    2    1    1
 0.07544115304488594   12    2    2    2
 0.02101221868061973   12    2    3    1
 0.07812136195221497   12    2    3    3
 0.04053623073270246   12    2    4    4
 0.04053623073270246   12    2    5    5
 0.04752031248274324   12    2    6    6
 0.04752031248274319   12    2    7    7
 0.009372141367840993   12    2    8    2
 0.02462969418441181   12    2    8    8
 0.02834950464980397   12    2    9    4
 0.03791699362878231   12    2    9    9
 0.02834950464980393   12    2   10    5
 0.03791699362878231   12    2   10   10
 0.01135029524545961   12    2   11    1
 0.0415681886981937   12    2   11    3
 0.03923215281304498   12    2   11   11
 0.04733810828579663   12    2   12    2
 0.07320576499006758   12    3    2    1
 0.09859869298038655   12    3    3    2
 -0.0896126158546976   12    3    6    5
 -0.0896126158546975   12    3    7    4
 -0.05783209421809148   12    3    8    1
 0.05721614000353337   12    3    8    3
 -0.06547694193605982   12    3    9    7
 -0.06547694193605987   12    3   10    6
 0.05272646654350596   12    3   11    2
 0.02267585112806876   12    3   11    8
 -0.02211207060564478   12    3   12    1
 0.1079844668749605   12    3   12    3
 -0.0001865673938030095   12    4    4    2
 0.005655095836668031   12    4    7    1
 -0.006518670477989144   12    4    7    3
 0.007216257840845964   12    4    8    4
 0.004478113150897348   12    4    9    2
 0.005879482558019581   12    4    9    8
 -0.006859977432405352   12    4   11    7
 0.01026175491066842   12    4   12    4
 -0.0001865673938030075   12    5    5    2
 0.005655095836668034   12    5    6    1
 -0.006518670477989155   12    5    6    3
 0.007216257840845948   12    5    8    5
 0.004478113150897346   12    5   10    2
 0.005879482558019563   12    5   10    8
 -0.00685997743240535   12    5   11    6
 0.01026175491066842   12    5   12    5
 0.01301524648703458   12    6    5    1
 -0.006642192119928982   12    6    5    3
 -0.00323085283593824   12    6    6    2
 0.007402424044114498   12    6    8    6
 0.0006024050373057513   12    6   10    1
 -0.01045312755471948   12    6   10    3
 -0.005673350265043934   12    6   11    5
 -0.00304431997750485   12    6   11   10
 0.01353774673413362   12    6   12    6
 0.01301524648703459   12    7    4    1
 -0.006642192119928961   12    7    4    3
 -0.00323085283593827   12    7    7    2
 0.007402424044114489   12    7    8    7
 0.0006024050373057399   12    7    9    1
 -0.01045312755471948   12    7    9    3
 -0.005673350265043941   12    7   11    4
 -0.003044319977504835   12    7   11    9
 0.01353774673413361   12    7   12    7
 0.1746668991107202   12    8    1    1
 0.09700119273244336   12    8    2    2
 -0.04763651482500417   12    8    3    1
 0.1081834428308631   12    8    3    3
 0.1159757846416728   12    8    4    4
 0.1159757846416727   12    8    5    5
 0.1031209433040968   12    8    6    6
 0.1031209433040969   12    8    7    7
 -0.04454685000106819   12    8    8    2
 0.08991843183585119   12    8    8    8
 0.05255827619329023   12    8    9    4
 0.09608538092892617   12    8    9    9
 0.05255827619329027   12    8   10    5
 0.09608538092892598   12    8   10   10
 -0.006786994595151839   12    8   11    1
 0.06767752891559248   12    8   11    3
 1.010628782089382e-15   12    8   11    8
 0.043933117352431   12    8   11   11
 0.02252770716736605   12    8   12    2
 0.09244831161239594   12    8   12    8
 0.01292653167357378   12    9    4    2
 -0.005042202500598921   12    9    7    1
 -0.0165818903804033   12    9    7    3
 0.004405987171140124   12    9    8    4
 0.003583752062517499   12    9    9    2
 0.001760387629554225   12    9    9    8
 -0.001984124880136623   12    9   11    7
 0.006317527784387304   12    9   12    4
 0.01357131987138423   12    9   12    9
 0.01292653167357378   12   10    5    2
 -0.005042202500598916   12   10    6    1
 -0.01658189038040331   12   10    6    3
 0.004405987171140102   12   10    8    5
 0.003583752062517492   12   10   10    2
 0.001760387629554218   12   10   10    8
 -0.001984124880136633   12   10   11    6
 0.006317527784387315   12   10   12    5
 0.01357131987138425   12   10   12   10
 0.09345864754242962   12   11    2    1
 0.1487600834580808   12   11    3    2
 -0.1216241529680492   12   11    6    5
 -0.1216241529680491   12   11    7    4
 -0.05098121788641556   12   11    8    1
 0.09864611503690215   12   11    8    3
 -0.05303464045409921   12   11    9    7
 -0.05303464045409927   12   11   10    6
 0.02540247447867785   12   11   11    2
 -0.04525613500435229   12   11   11    8
 -0.02456209458681009   12   11   12    1
 0.08628830462680261   12   11   12    3
 0.1569523097186266   12   11   12   11
 0.4994006146263976   12   12    1    1
 0.4737680444225835   12   12    2    2
 -0.03057120553912545   12   12    3    1
 0.4987935706463191   12   12    3    3
 0.4422355702025743   12   12    4    4
 0.4422355702025744   12   12    5    5
 0.4415821914992327   12   12    6    6
 0.4415821914992324   12   12    7    7
 -0.02092412586233281   12   12    8    2
 0.4371818634151796   12   12    8    8
 0.09946000734678272   12   12    9    4
 0.4061562129490052   12   12    9    9
 0.09946000734678258   12   12   10    5
 0.4061562129490049   12   12   10   10
 -0.005415163844374148   12   12   11    1
 0.0972482173655896   12   12   11    3
 0.4029502954480893   12   12   11   11
 0.06161345239595364   12   12   12    2
 0.1025605196906883   12   12   12    8
 0.481785575083546   12   12   12   12
 -0.09566861719640227   13    1    1    1
 -0.06405661872925646   13    1    2    2
 0.02496228624371089   13    1    3    1
 -0.07567557376228447   13    1    3    3
 -0.05734995944740569   13    1    4    4
 -0.0573499594474057   13    1    5    5
 -0.05954145277396759   13    1    6    6
 -0.0595414527739675   13    1    7    7
 0.01645639510683743   13    1    8    2
 -0.06462984962882685   13    1    8    8
 -0.04860533161027633   13    1    9    4
 -0.0478126477993084   13    1    9    9
 -0.04860533161027635   13    1   10    5
 -0.04781264779930846   13    1   10   10
 0.01098752461157857   13    1   11    1
 -0.03796347868234044   13    1   11    3
 -0.04123247599287207   13    1   11   11
 -0.01440893933115958   13    1   12    2
 -0.04511462704656848   13    1   12    8
 -0.07685592632646136   13    1   12   12
 0.04785248961907856   13    1   13    1
 -0.04153321269251627   13    2    2    1
 -0.05623378682119782   13    2    3    2
 0.05044134381890082   13    2    6    5
 0.05044134381890079   13    2    7    4
 0.02908753416866627   13    2    8    1
 -0.03184278680139356   13    2    8    3
 0.03962559718308247   13    2    9    7
 0.0396255971830825   13    2   10    6
 -0.02550061929363068   13    2   11    2
 -0.003409121599597591   13    2   11    8
 0.009501824942249977   13    2   12    1
 -0.05191279552660261   13    2   12    3
 -0.04898267406112631   13    2   12   11
 0.03114892597668266   13    2   13    2
 0.0140210150529965   13    3    1    1
 -0.03269693835352386   13    3    2    2
 -0.02455787356493208   13    3    3    1
 -0.02863287453457284   13    3    3    3
 -0.00892034992639066   13    3    4    4
 -0.008920349926390677   13    3    5    5
 -0.01443044346530565   13    3    6    6
 -0.01443044346530563   13    3    7    7
 -0.01298164810738458   13    3    8    2
 -0.0008844275489228487   13    3    8    8
 -0.008321307634930275   13    3    9    4
 -0.00815212920838978   13    3    9    9
 -0.008321307634930273   13    3   10    5
 -0.008152129208389784   13    3   10   10
 -0.01139614509103472   13    3   11    1
 -0.0108141532763059   13    3   11    3
 -0.01649323285561846   13    3   11   11
 -0.02474797413983865   13    3   12    2
 0.005085642616657783   13    3   12    8
 -0.01731730654902421   13    3   12   12
 -0.00260646144800535   13    3   13    1
 0.01872905846330198   13    3   13    3
 0.01185315283680765   13    4    4    1
 1.951888689553456e-05   13    4    4    3
 -0.004883378646493442   13    4    7    2
 0.002348792507232148   13    4    8    7
 -0.01591870346866532   13    4    9    1
 -0.006466457474496185   13    4    9    3
 0.001145002707026794   13    4   11    4
 -0.004338687611862585   13    4   11    9
 0.007583119359415699   13    4   12    7
 0.02951189296665064   13    4   13    4
 0.01185315283680764   13    5    5    1
 1.95188868955361e-05   13    5    5    3
 -0.004883378646493423   13    5    6    2
 0.002348792507232154   13    5    8    6
 -0.01591870346866532   13    5   10    1
 -0.006466457474496184   13    5   10    3
 0.001145002707026788   13    5   11    5
 -0.004338687611862585   13    5   11   10
 0.007583119359415681   13    5   12    6
 0.02951189296665064   13    5   13    5
 0.009220488819000823   13    6    5    2
 -0.00919852069030745   13    6    6    1
 -0.003354225614155617   13    6    6    3
 -0.006003850007705066   13    6    8    5
 0.01409960791801452   13    6   10    2
 -0.007502369847206987   13    6   10    8
 -0.006239952865892019   13    6   11    6
 0.002728490991792561   13    6   12    5
 -0.001234937133466694   13    6   12   10
 0.01367915269922691   13    6   13    6
 0.009220488819000788   13    7    4    2
 -0.009198520690307408   13    7    7    1
 -0.003354225614155591   13    7    7    3
 -0.006003850007705064   13    7    8    4
 0.0140996079180145   13    7    9    2
 -0.00750236984720698   13    7    9    8
 -0.00623995286589201   13    7   11    7
 0.002728490991792573   13    7   12    4
 -0.001234937133466695   13    7   12    9
 0.0136791526992269   13    7   13    7
 0.02163959683262752   13    8    2    1
 0.008761692142783495   13    8    3    2
 -0.02558683683283013   13    8    6    5
 -0.02558683683283008   13    8    7    4
 -0.03033801751900986   13    8    8    1
 0.01696296120595466   13    8    8    3
 -0.02337497507857451   13    8    9    7
 -0.02337497507857448   13    8   10    6
 0.004825010771299768   13    8   11    2
 0.006222206652861608   13    8   11    8
 -0.02055928170714033   13    8   12    1
 0.02247065641187559   13    8   12    3
 0.02138825235638298   13    8   12   11
 -0.01432320164828092   13    8   13    2
 0.01868376794649329   13    8   13    8
 -0.06155259470122955   13    9    4    1
 -0.01576008510594412   13    9    4    3
 0.05458367048098955   13    9    7    2
 -0.02687696008196047   13    9    8    7
 -0.007024570139478755   13    9    9    1
 9.952762290730517e-05   13    9    9    3
 -0.01164600745568799   13    9   11    4
 -0.005951413702765741   13    9   11    9
 -0.01029406198129316   13    9   12    7
 -0.02323677831439546   13    9   13    4
 0.06516039426311186   13    9   13    9
 -0.06155259470122955   13   10    5    1
 -0.01576008510594413   13   10    5    3
 0.05458367048098956   13   10    6    2
 -0.02687696008196047   13   10    8    6
 -0.007024570139478753   13   10   10    1
 9.95276229072974e-05   13   10   10    3
 -0.011646007455688   13   10   11    5
 -0.005951413702765727   13   10   11   10
 -0.01029406198129315   13   10   12    6
 -0.02323677831439548   13   10   13    5
 0.06516039426311186   13   10   13   10
 0.03223249993403043   13   11    1    1
 -0.01658636767218786   13   11    2    2
 -0.02447285175768832   13   11    3    1
 -0.01400214929032136   13   11    3    3
 0.009698124299727877   13   11    4    4
 0.009698124299727879   13   11    5    5
 -0.001231269129508529   13   11    6    6
 -0.001231269129508512   13   11    7    7
 -0.01678359247332675   13   11    8    2
 0.007294546369911287   13   11    8    8
 -0.006643933703964861   13   11    9    4
 0.006921674516138615   13   11    9    9
 -0.006643933703964913   13   11   10    5
 0.006921674516138595   13   11   10   10
 -0.005168600155849835   13   11   11    1
 -0.001737009924751512   13   11   11    3
 -0.01168913867724396   13   11   11   11
 -0.01658308929364444   13   11   12    2
 0.01380487135785959   13   11   12    8
 -0.008124687191775838   13   11   12   12
 0.00223871525765112   13   11   13    1
 0.01271971291364003   13   11   13    3
 0.01682561955881024   13   11   13   11
 -0.01362948260927104   13   12    2    1
 -0.04361082562351504   13   12    3    2
 0.02018801625761835   13   12    6    5
 0.02018801625761834   13   12    7    4
 -0.01139178345184602   13   12    8    1
 -0.01136454261046032   13   12    8    3
 0.001665738580111885   13   12    9    7
 0.001665738580111889   13   12   10    6
 -0.009712731246351972   13   12   11    2
 0.01546333959186403   13   12   11    8
 -0.01502545052805795   13   12   12    1
 -0.01111335224092528   13   12   12    3
 -0.02619842742160243   13   12   12   11
 0.006743548482770353   13   12   13    2
 0.009855769241528985   13   12   13    8
 0.0201401689258302   13   12   13   12
 0.4999762251390771   13   13    1    1
 0.4157248221086849   13   13    2    2
 -0.04567110689489028   13   13    3    1
 0.4168477866667902   13   13    3    3
 0.4442751294570724   13   13    4    4
 0.4442751294570724   13   13    5    5
 0.4227255276331565   13   13    6    6
 0.4227255276331564   13   13    7    7
 -0.05479911506550374   13   13    8    2
 0.3941248990977867   13   13    8    8
 0.05458529997296833   13   13    9    4
 0.4078694462656828   13   13    9    9
 0.05458529997296829   13   13   10    5
 0.4078694462656828   13   13   10   10
 0.003952557328049564   13   13   11    1
 0.07045947135473321   13   13   11    3
 0.3380994187088407   13   13   11   11
 0.02576006460950719   13   13   12    2
 0.1004485535035085   13   13   12    8
 0.393974931117033   13   13   12   12
 -0.03286502538572249   13   13   13    1
 -0.0009480724247809557   13   13   13    3
 0.02174789553352363   13   13   13   11
 0.4318641308561482   13   13   13   13
 -0.01970226542419814   14    1    5    2
 0.02205624959697252   14    1    6    1
 0.004638020414922487   14    1    6    3
 0.01670250801352472   14    1    8    5
 -0.01611554723431066   14    1   10    2
 0.01213264595130865   14    1   10    8
 0.005975823812120149   14    1   11    6
 0.002842927294196307   14    1   12    5
 0.002596978548834396   14    1   12   10
 -0.0126541535324044   14    1   13    6
 0.01841955554154055   14    1   14    1
 -0.01989821285606443   14    2    5    1
 -0.004870000794533193   14    2    5    3
 0.01870775236764886   14    2    6    2
 -0.01346874503326504   14    2    8    6
 -0.01655591527109966   14    2   10    1
 -0.009332825436171494   14    2   10    3
 -0.009657355024877497   14    2   11    5
 -0.00347615101600359   14    2   11   10
 0.005908776603421251   14    2   12    6
 0.01320905923449182   14    2   13    5
 0.008806347571350856   14    2   13   10
 0.01983791093336503   14    2   14    2
 -0.002688616241370808   14    3    5    2
 -0.0005475764000360036   14    3    6    1
 0.004152899104301874   14    3    6    3
 -0.001032416953674568   14    3    8    5
 -0.008665591992945195   14    3   10    2
 -0.00315081495446367   14    3   10    8
 0.009716450199971369   14    3   11    6
 -0.009115679700737763   14    3   12    5
 -0.00362811186123752   14    3   12   10
 -0.006030395186108004   14    3   13    6
 0.002695737233295937   14    3   14    1
 0.01056340392666579   14    3   14    3
 0.004946056937499038   14    4    6    4
 0.004946056937499031   14    4    7    5
 0.007081458566845069   14    4    9    6
 0.007081458566845066   14    4   10    7
 0.006898842798007942   14    4   14    4
 -0.0497066161224143   14    5    2    1
 -0.04491323851044338   14    5    3    2
 0.06670797142217094   14    5    6    5
 0.05681585754717276   14    5    7    4
 0.04829807434506828   14    5    8    1
 -0.02848733260494414   14    5    8    3
 0.04764814721936728   14    5    9    7
 0.06181106435305749   14    5   10    6
 -0.0306969795836302   14    5   11    2
 -0.01389675037030807   14    5   11    8
 0.01997841381492092   14    5   12    1
 -0.05945601302113093   14    5   12    3
 -0.0437682303954373   14    5   12   11
 0.03552837476477312   14    5   13    2
 -0.0225612755904455   14    5   13    8
 -0.001354722522851452   14    5   13   12
 0.05861630229120288   14    5   14    5
 0.1416371500863072   14    6    1    1
 0.1052299507203454   14    6    2    2
 -0.02348345878117746   14    6    3    1
 0.1068453670555593   14    6    3    3
 0.1031343179670096   14    6    4    4
 0.1120425292207248   14    6    5    5
 0.1076797865735755   14    6    6    6
 0.09910444275360633   14    6    7    7
 -0.03170171117261704   14    6    8    2
 0.08922037195055839   14    6    8    8
 0.05767136100372379   14    6    9    4
 0.08725862922706319   14    6    9    9
 0.07293745628643938   14    6   10    5
 0.09202561169306064   14    6   10   10
 0.0007654422007645171   14    6   11    1
 0.05734720971756466   14    6   11    3
 0.0575509835903025   14    6   11   11
 0.02861499281653513   14    6   12    2
 0.06420160228085754   14    6   12    8
 0.103720231626371   14    6   12   12
 -0.04660270094599241   14    6   13    1
 -0.007506123730196859   14    6   13    3
 0.000632682033134698   14    6   13   11
 0.07697239243862004   14    6   13   13
 0.08121519982116923   14    6   14    6
 0.004454105626857622   14    7    5    4
 0.00428767190998447   14    7    7    6
 0.007633047641357785   14    7    9    5
 0.007633047641357785   14    7   10    4
 0.002383491232998738   14    7   10    9
 0.00847481116190589   14    7   14    7
 0.02975066904172934   14    8    5    1
 0.004098744211809367   14    8    5    3
 -0.0254388213601595   14    8    6    2
 0.01363453760322377   14    8    8    6
 0.01325400513614149   14    8   10    1
 -0.002710826199559497   14    8   10    3
 0.0001599329512252558   14    8   11    5
 0.005617147782272584   14    8   11   10
 0.00937686463565165   14    8   12    6
 -0.00297100900508692   14    8   13    5
 -0.01951255477509567   14    8   13   10
 -0.007552010416595163   14    8   14    2
 0.01867128333310149   14    8   14    8
 0.01079391225895112   14    9    6    4
 0.01079391225895111   14    9    7    5
 0.003548262969044682   14    9    9    6
 0.00354826296904467   14    9   10    7
 0.003213631174522824   14    9   14    4
 0.01054826752644733   14    9   14    9
 -0.09281786238592912   14   10    2    1
 -0.1110693329947461   14   10    3    2
 0.135839753699671   14   10    6    5
 0.1142519291817686   14   10    7    4
 0.06670616561119795   14   10    8    1
 -0.06806036615783145   14   10    8    3
 0.0555673717465905   14   10    9    7
 0.06266389768468004   14   10   10    6
 -0.02864060517276788   14   10   11    2
 0.02058348882256258   14   10   11    8
 0.02987210067898426   14   10   12    1
 -0.07669219165554922   14   10   12    3
 -0.1112707959588637   14   10   12   11
 0.04319831933355431   14   10   13    2
 -0.0250232266228813   14   10   13    8
 0.01564537450391945   14   10   13   12
 0.05557522217412832   14   10   14    5
 0.1244969968806498   14   10   14   10
 -0.0217797944455954   14   11    5    2
 0.01448463416346857   14   11    6    1
 0.02040873979096569   14   11    6    3
 0.0005104796765020896   14   11    8    5
 -0.005539190547751532   14   11   10    2
 0.005122107474207847   14   11   10    8
 -0.001830674551697902   14   11   11    6
 -0.001382402923680723   14   11   12    5
 -0.01429967461250092   14   11   12   10
 -0.0003210400679094396   14   11   13    6
 0.002094994156116188   14   11   14    1
 -0.001010754319897636   14   11   14    3
 0.02052294309531126   14   11   14   11
 -0.00532183114497065   14   12    5    1
 -0.01699711078736658   14   12    5    3
 0.01870703849667663   14   12    6    2
 0.006606850532996427   14   12    8    6
 0.00397591015527033   14   12   10    1
 -0.00493766072835932   14   12   10    3
 -0.002163688081014255   14   12   11    5
 -0.01332899416846771   14   12   11   10
 0.003346008553293498   14   12   12    6
 -0.005768541097287895   14   12   13    5
 0.01221015394095482   14   12   13   10
 -0.002314548356650059   14   12   14    2
 -0.002220542140992408   14   12   14    8
 0.01919556876776936   14   12   14   12
 0.02856982317511065   14   13    5    2
 -0.02613603791727902   14   13    6    1
 -0.01595740341398212   14   13    6    3
 -0.01416957950070701   14   13    8    5
 0.01068415726908527   14   13   10    2
 -0.009686578098278935   14   13   10    8
 -0.001594845123845813   14   13   11    6
 -0.003404457466129481   14   13   12    5
 0.006469555370851996   14   13   12   10
 0.0034674285684088   14   13   13    6
 -0.01154802447573005   14   13   14    1
 0.001600580327449954   14   13   14    3
 -0.01312738377245824   14   13   14   11
 0.0210720948786599   14   13   14   13
 0.4549536750194985   14   14    1    1
 0.4187127185448091   14   14    2    2
 -0.02379815098982654   14   14    3    1
 0.4187013921706894   14   14    3    3
 0.4057641248603565   14   14    4    4
 0.4316380046261767   14   14    5    5
 0.4292622328826539   14   14    6    6
 0.4017932780602568   14   14    7    7
 -0.03732713863271435   14   14    8    2
 0.3856871660938927   14   14    8    8
 0.0733099697076777   14   14    9    4
 0.3765705419323744   14   14    9    9
 0.07701339074523107   14   14   10    5
 0.4036355536018623   14   14   10   10
 0.001002506162377962   14   14   11    1
 0.06788012296484774   14   14   11    3
 0.3479966851324258   14   14   11   11
 0.03508568493354133   14   14   12    2
 0.08313486389549528   14   14   12    8
 0.4020594460045282   14   14   12   12
 -0.05144121069772137   14   14   13    1
 -0.007846085831432103   14   14   13    3
 -0.001246991565738815   14   14   13   11
 0.3805829270620778   14   14   13   13
 0.08406029647741781   14   14   14    6
 0.3968204144230407   14   14   14   14
 -0.01970226542419819   15    1    4    2
 0.02205624959697255   15    1    7    1
 0.00463802041492251   15    1    7    3
 0.01670250801352476   15    1    8    4
 -0.01611554723431069   15    1    9    2
 0.01213264595130868   15    1    9    8
 0.00597582381212015   15    1   11    7
 0.002842927294196311   15    1   12    4
 0.002596978548834387   15    1   12    9
 -0.01265415353240441   15    1   13    7
 0.01841955554154061   15    1   15    1
 -0.01989821285606451   15    2    4    1
 -0.004870000794533231   15    2    4    3
 0.01870775236764893   15    2    7    2
 -0.01346874503326507   15    2    8    7
 -0.01655591527109969   15    2    9    1
 -0.009332825436171508   15    2    9    3
 -0.009657355024877509   15    2   11    4
 -0.003476151016003616   15    2   11    9
 0.005908776603421265   15    2   12    7
 0.01320905923449182   15    2   13    4
 0.008806347571350938   15    2   13    9
 0.01983791093336509   15    2   15    2
 -0.002688616241370846   15    3    4    2
 -0.0005475764000359828   15    3    7    1
 0.004152899104301894   15    3    7    3
 -0.001032416953674573   15    3    8    4
 -0.008665591992945209   15    3    9    2
 -0.003150814954463657   15    3    9    8
 0.009716450199971378   15    3   11    7
 -0.009115679700737764   15    3   12    4
 -0.003628111861237542   15    3   12    9
 -0.006030395186108018   15    3   13    7
 0.002695737233295941   15    3   15    1
 0.0105634039266658   15    3   15    3
 -0.04970661612241441   15    4    2    1
 -0.04491323851044354   15    4    3    2
 0.05681585754717301   15    4    6    5
 0.06670797142217104   15    4    7    4
 0.04829807434506832   15    4    8    1
 -0.0284873326049442   15    4    8    3
 0.06181106435305751   15    4    9    7
 0.04764814721936743   15    4   10    6
 -0.03069697958363023   15    4   11    2
 -0.01389675037030822   15    4   11    8
 0.01997841381492099   15    4   12    1
 -0.05945601302113104   15    4   12    3
 -0.04376823039543733   15    4   12   11
 0.03552837476477314   15    4   13    2
 -0.02256127559044538   15    4   13    8
 -0.001354722522851518   15    4   13   12
 0.04481861669518707   15    4   14    5
 0.04914795982508288   15    4   14   10
 0.05861630229120303   15    4   15    4
 0.004946056937499057   15    5    6    4
 0.004946056937499048   15    5    7    5
 0.007081458566845074   15    5    9    6
 0.007081458566845072   15    5   10    7
 0.006898842798007948   15    5   14    4
 0.00321363117452284   15    5   14    9
 0.006898842798007953   15    5   15    5
 0.004454105626857659   15    6    5    4
 0.004287671909984508   15    6    7    6
 0.007633047641357791   15    6    9    5
 0.007633047641357791   15    6   10    4
 0.002383491232998774   15    6   10    9
 0.008474811161905894   15    6   14    7
 0.008474811161905901   15    6   15    6
 0.1416371500863073   15    7    1    1
 0.1052299507203454   15    7    2    2
 -0.02348345878117748   15    7    3    1
 0.1068453670555593   15    7    3    3
 0.1120425292207249   15    7    4    4
 0.1031343179670097   15    7    5    5
 0.09910444275360657   15    7    6    6
 0.1076797865735753   15    7    7    7
 -0.03170171117261703   15    7    8    2
 0.0892203719505589   15    7    8    8
 0.07293745628643936   15    7    9    4
 0.0920256116930606   15    7    9    9
 0.05767136100372385   15    7   10    5
 0.0872586292270633   15    7   10   10
 0.0007654422007645276   15    7   11    1
 0.05734720971756464   15    7   11    3
 0.05755098359030264   15    7   11   11
 0.02861499281653513   15    7   12    2
 0.06420160228085742   15    7   12    8
 0.1037202316263712   15    7   12   12
 -0.04660270094599241   15    7   13    1
 -0.007506123730196823   15    7   13    3
 0.0006326820331346753   15    7   13   11
 0.07697239243862014   15    7   13   13
 0.06426557749735767   15    7   14    6
 0.08077683346767371   15    7   14   14
 0.08121519982116945   15    7   15    7
 0.02975066904172937   15    8    4    1
 0.004098744211809367   15    8    4    3
 -0.02543882136015951   15    8    7    2
 0.0136345376032238   15    8    8    7
 0.01325400513614146   15    8    9    1
 -0.002710826199559509   15    8    9    3
 0.0001599329512252583   15    8   11    4
 0.005617147782272584   15    8   11    9
 0.009376864635651608   15    8   12    7
 -0.002971009005086892   15    8   13    4
 -0.01951255477509568   15    8   13    9
 -0.007552010416595163   15    8   15    2
 0.01867128333310129   15    8   15    8
 -0.09281786238592916   15    9    2    1
 -0.1110693329947461   15    9    3    2
 0.1142519291817688   15    9    6    5
 0.1358397536996709   15    9    7    4
 0.06670616561119785   15    9    8    1
 -0.06806036615783174   15    9    8    3
 0.06266389768467993   15    9    9    7
 0.05556737174659074   15    9   10    6
 -0.02864060517276799   15    9   11    2
 0.02058348882256284   15    9   11    8
 0.02987210067898434   15    9   12    1
 -0.07669219165554915   15    9   12    3
 -0.1112707959588639   15    9   12   11
 0.04319831933355436   15    9   13    2
 -0.02502322662288161   15    9   13    8
 0.01564537450391964   15    9   13   12
 0.04914795982508279   15    9   14    5
 0.1034004618277551   15    9   14   10
 0.05557522217412855   15    9   15    4
 0.1244969968806498   15    9   15    9
 0.01079391225895112   15   10    6    4
 0.01079391225895112   15   10    7    5
 0.003548262969044693   15   10    9    6
 0.00354826296904468   15   10   10    7
 0.003213631174522833   15   10   14    4
 0.01054826752644734   15   10   14    9
 0.003213631174522847   15   10   15    5
 0.01054826752644735   15   10   15   10
 -0.02177979444559542   15   11    4    2
 0.01448463416346859   15   11    7    1
 0.0204087397909657   15   11    7    3
 0.0005104796765021281   15   11    8    4
 -0.005539190547751561   15   11    9    2
 0.005122107474207864   15   11    9    8
 -0.001830674551697909   15   11   11    7
 -0.001382402923680747   15   11   12    4
 -0.01429967461250093   15   11   12    9
 -0.0003210400679094229   15   11   13    7
 0.002094994156116228   15   11   15    1
 -0.001010754319897591   15   11   15    3
 0.02052294309531123   15   11   15   11
 -0.005321831144970626   15   12    4    1
 -0.01699711078736659   15   12    4    3
 0.01870703849667662   15   12    7    2
 0.006606850532996417   15   12    8    7
 0.003975910155270351   15   12    9    1
 -0.004937660728359323   15   12    9    3
 -0.002163688081014256   15   12   11    4
 -0.01332899416846771   15   12   11    9
 0.003346008553293514   15   12   12    7
 -0.005768541097287902   15   12   13    4
 0.01221015394095479   15   12   13    9
 -0.002314548356650057   15   12   15    2
 -0.002220542140992265   15   12   15    8
 0.01919556876776929   15   12   15   12
 0.02856982317511066   15   13    4    2
 -0.02613603791727901   15   13    7    1
 -0.01595740341398213   15   13    7    3
 -0.01416957950070701   15   13    8    4
 0.01068415726908528   15   13    9    2
 -0.009686578098278905   15   13    9    8
 -0.001594845123845803   15   13   11    7
 -0.003404457466129482   15   13   12    4
 0.006469555370851971   15   13   12    9
 0.003467428568408773   15   13   13    7
 -0.01154802447573009   15   13   15    1
 0.001600580327449929   15   13   15    3
 -0.01312738377245826   15   13   15   11
 0.02107209487865987   15   13   15   13
 0.01293693988291012   15   14    5    4
 0.01373447741119848   15   14    7    6
 0.001851710518776704   15   14    9    5
 0.001851710518776704   15   14   10    4
 0.01353250583474403   15   14   10    9
 0.001641731504872031   15   14   14    7
 0.001641731504872066   15   14   15    6
 0.01402504194462662   15   14   15   14
 0.4549536750194988   15   15    1    1
 0.4187127185448094   15   15    2    2
 -0.02379815098982658   15   15    3    1
 0.4187013921706895   15   15    3    3
 0.4316380046261769   15   15    4    4
 0.4057641248603567   15   15    5    5
 0.4017932780602572   15   15    6    6
 0.4292622328826541   15   15    7    7
 -0.03732713863271415   15   15    8    2
 0.3856871660938926   15   15    8    8
 0.07701339074523124   15   15    9    4
 0.4036355536018627   15   15    9    9
 0.07330996970767781   15   15   10    5
 0.3765705419323745   15   15   10   10
 0.00100250616237803   15   15   11    1
 0.06788012296484802   15   15   11    3
 0.3479966851324257   15   15   11   11
 0.03508568493354129   15   15   12    2
 0.08313486389549557   15   15   12    8
 0.4020594460045286   15   15   12   12
 -0.0514412106977215   15   15   13    1
 -0.007846085831432096   15   15   13    3
 -0.001246991565738715   15   15   13   11
 0.3805829270620781   15   15   13   13
 0.08077683346767374   15   15   14    6
 0.368770330533788   15   15   14   14
 0.08406029647741775   15   15   15    7
 0.3968204144230419   15   15   15   15
 0.03835493853977946   16    1    2    1
 0.02703815464007264   16    1    3    2
 -0.04411729352612134   16    1    6    5
 -0.04411729352612132   16    1    7    4
 -0.04689733430995094   16    1    8    1
 0.03077055055422167   16    1    8    3
 -1.49664073516872e-15   16    1    8    8
 -0.04042553892214159   16    1    9    7
 -0.04042553892214161   16    1   10    6
 0.01681457708045092   16    1   11    2
 0.0118877191151471   16    1   11    8
 -0.02790043660038151   16    1   12    1
 0.04718829481809304   16    1   12    3
 0.03863365824309798   16    1   12   11
 -0.02735410917038967   16    1   13    2
 0.02503581108683749   16    1   13    8
 0.00949752863035987   16    1   13   12
 -0.03898434312899862   16    1   14    5
 -0.04008510111371873   16    1   14   10
 -0.03898434312899866   16    1   15    4
 -0.04008510111371867   16    1   15    9
 0.03946273209984392   16    1   16    1
 0.07030585300479639   16    2    1    1
 0.05987677327432767   16    2    2    2
 -0.01102501630036882   16    2    3    1
 0.06723883736827295   16    2    3    3
 0.04932555973735351   16    2    4    4
 0.04932555973735349   16    2    5    5
 0.04911164245271524   16    2    6    6
 0.04911164245271518   16    2    7    7
 -0.008513992526175046   16    2    8    2
 0.05077921779602355   16    2    8    8
 0.03922536967948524   16    2    9    4
 0.04180823090586436   16    2    9    9
 0.03922536967948527   16    2   10    5
 0.04180823090586439   16    2   10   10
 -0.0009543843431685796   16    2   11    1
 0.03408272686827589   16    2   11    3
 0.03812493067338359   16    2   11   11
 0.02158260125208188   16    2   12    2
 0.03280253914488909   16    2   12    8
 0.06554511115641058   16    2   12   12
 -0.03113834924760373   16    2   13    1
 -0.007742487336483973   16    2   13    3
 -0.003835228416670937   16    2   13   11
 0.03163715988043464   16    2   13   13
 0.04098197721292438   16    2   14    6
 0.04058901018293839   16    2   14   14
 0.0409819772129244   16    2   15    7
 0.04058901018293833   16    2   15   15
 0.02899968773373236   16    2   16    2
 -0.002122840022938621   16    3    2    1
 0.0192347528743055   16    3    3    2
 0.003607290876662639   16    3    6    5
 0.003607290876662571   16    3    7    4
 0.0162117552237073   16    3    8    1
 0.0006934557035713234   16    3    8    3
 -0.004140818285072957   16    3    9    7
 -0.00414081828507299   16    3   10    6
 0.01064734271510209   16    3   11    2
 -0.003768346778048269   16    3   11    8
 0.01636864196633546   16    3   12    1
 0.007507781496754638   16    3   12    3
 0.007505214011034915   16    3   12   11
 -0.006951445867201846   16    3   13    2
 -0.007517697826826671   16    3   13    8
 -0.01168909578522318   16    3   13   12
 -0.002400013108071599   16    3   14    5
 0.003592884393139766   16    3   14   10
 -0.00240001310807155   16    3   15    4
 0.003592884393139618   16    3   15    9
 -0.005256152856014643   16    3   16    1
 0.01530227596713905   16    3   16    3
 0.002018272077810917   16    4    4    2
 -0.004821208359002098   16    4    7    1
 0.003687939041115436   16    4    7    3
 -0.005661767757920218   16    4    8    4
 0.01228411417260486   16    4    9    2
 -0.007531477813174442   16    4    9    8
 -0.005404166285574301   16    4   11    7
 0.00108942398822659   16    4   12    4
 -0.004812125787622922   16    4   12    9
 0.01406305079054413   16    4   13    7
 -0.01272573592926604   16    4   15    1
 -0.00524203175766422   16    4   15    3
 0.003658933847223335   16    4   15   11
 -0.0005200827851483385   16    4   15   13
 0.0167940826943722   16    4   16    4
 0.002018272077810912   16    5    5    2
 -0.00482120835900211   16    5    6    1
 0.00368793904111543   16    5    6    3
 -0.005661767757920155   16    5    8    5
 0.01228411417260487   16    5   10    2
 -0.007531477813174406   16    5   10    8
 -0.00540416628557431   16    5   11    6
 0.001089423988226555   16    5   12    5
 -0.004812125787622953   16    5   12   10
 0.01406305079054415   16    5   13    6
 -0.01272573592926605   16    5   14    1
 -0.005242031757664219   16    5   14    3
 0.003658933847223294   16    5   14   11
 -0.0005200827851483698   16    5   14   13
 0.01679408269437231   16    5   16    5
 0.001638832783424034   16    6    5    1
 0.005719238978262218   16    6    5    3
 -0.004902564330102187   16    6    6    2
 -0.003791277072377225   16    6    8    6
 -0.01481450742943211   16    6   10    1
 -0.005398244210978934   16    6   10    3
 -0.002557804842175889   16    6   11    5
 0.0008398429639658312   16    6   11   10
 0.00494509458095249   16    6   12    6
 0.02134025213783732   16    6   13    5
 -0.01285166820628913   16    6   13   10
 0.01505791306876826   16    6   14    2
 -0.004448039089005038   16    6   14    8
 -0.009088851355059258   16    6   14   12
 0.0222703326187093   16    6   16    6
 0.0016388327834241   16    7    4    1
 0.005719238978262224   16    7    4    3
 -0.00490256433010226   16    7    7    2
 -0.003791277072377232   16    7    8    7
 -0.01481450742943209   16    7    9    1
 -0.00539824421097894   16    7    9    3
 -0.002557804842175845   16    7   11    4
 0.0008398429639658534   16    7   11    9
 0.004945094580952554   16    7   12    7
 0.02134025213783732   16    7   13    4
 -0.0128516682062892   16    7   13    9
 0.01505791306876821   16    7   15    2
 -0.004448039089004989   16    7   15    8
 -0.009088851355059283   16    7   15   12
 0.02227033261870921   16    7   16    7
 -0.1121195969400892   16    8    1    1
 -0.05046143364297778   16    8    2    2
 0.03685114790964396   16    8    3    1
 -0.0577975744742399   16    8    3    3
 -0.06684150433202254   16    8    4    4
 -0.06684150433202254   16    8    5    5
 -0.06027359121250146   16    8    6    6
 -0.06027359121250186   16    8    7    7
 0.03009965792554849   16    8    8    2
 -1.042035108747462e-15   16    8    8    3
 -0.06132223186827517   16    8    8    8
 -0.03768547895116665   16    8    9    4
 -0.05441458492310043   16    8    9    9
 -0.03768547895116695   16    8   10    5
 -0.05441458492310014   16    8   10   10
 0.01021117393621846   16    8   11    1
 -1.213853023839836e-15   16    8   11    2
 -0.03259794031966873   16    8   11    3
 -0.02750493470543844   16    8   11   11
 1.036111933742439e-15   16    8   12    1
 -0.00158770549342907   16    8   12    2
 -0.05245744604480079   16    8   12    8
 -0.0607959784804134   16    8   12   12
 0.03637778826779924   16    8   13    1
 -0.009885813768163077   16    8   13    3
 1.536621587323088e-15   16    8   13    8
 -0.009154919842515659   16    8   13   11
 -0.05197314451172112   16    8   13   13
 -0.04157212740053128   16    8   14    6
 1.191576985454311e-15   16    8   14   10
 -0.05186621774172333   16    8   14   14
 -0.04157212740053037   16    8   15    7
 -0.05186621774172465   16    8   15   15
 -2.398214411823942e-15   16    8   16    1
 -0.02231736305477417   16    8   16    2
 0.04009620582131104   16    8   16    8
 0.03118154187419152   16    9    4    2
 -0.029119567623906   16    9    7    1
 -0.01657347038197066   16    9    7    3
 -0.01668747313668256   16    9    8    4
 0.01014502277083263   16    9    9    2
 -0.009727046870019445   16    9    9    8
 -0.001466420666230437   16    9   11    7
 -0.004757386888335443   16    9   12    4
 0.006522450065691541   16    9   12    9
 0.001692407076694619   16    9   13    7
 -0.01187834494430059   16    9   15    1
 0.002693625779562267   16    9   15    3
 -0.01348784043221071   16    9   15   11
 0.02388707481350062   16    9   15   13
 -0.002715686229359254   16    9   16    4
 0.02780231755751171   16    9   16    9
 0.0311815418741915   16   10    5    2
 -0.029119567623906   16   10    6    1
 -0.01657347038197064   16   10    6    3
 -0.0166874731366825   16   10    8    5
 0.01014502277083264   16   10   10    2
 -0.009727046870019488   16   10   10    8
 -0.001466420666230459   16   10   11    6
 -0.004757386888335481   16   10   12    5
 0.006522450065691529   16   10   12   10
 0.001692407076694658   16   10   13    6
 -0.01187834494430056   16   10   14    1
 0.00269362577956229   16   10   14    3
 -0.0134878404322107   16   10   14   11
 0.02388707481350054   16   10   14   13
 -0.002715686229359184   16   10   16    5
 0.02780231755751154   16   10   16   10
 0.01272083781407188   16   11    2    1
 0.02855968896529665   16   11    3    2
 -0.01821032776695074   16   11    6    5
 -0.01821032776695081   16   11    7    4
 0.001747415550251512   16   11    8    1
 0.005074672836128776   16   11    8    3
 -2.029218471705307e-15   16   11    8    8
 -0.00694415314963835   16   11    9    7
 -0.006944153149638127   16   11   10    6
 0.01118652600671442   16   11   11    2
 -0.0002136936594607656   16   11   11    8
 0.007658621437198155   16   11   12    1
 0.01489030307949051   16   11   12    3
 1.39786446278147e-15   16   11   12    8
 0.01352227781737698   16   11   12   11
 -0.00770296080614585   16   11   13    2
 -0.002790953941947661   16   11   13    8
 -0.01184556417369756   16   11   13   12
 -0.004582297628376626   16   11   14    5
 -0.01505294703281329   16   11   14   10
 -0.004582297628376981   16   11   15    4
 -0.01505294703281265   16   11   15    9
 -0.00188663376591017   16   11   16    1
 0.005346588604806058   16   11   16    3
 -2.669029611800078e-15   16   11   16    8
 0.01166977680871002   16   11   16   11
 -0.05407386306230696   16   12    1    1
 0.00383826479669561   16   12    2    2
 0.03335778962472268   16   12    3    1
 -0.005032103651073742   16   12    3    3
 -0.01660532838942972   16   12    4    4
 -0.01660532838942974   16   12    5    5
 -0.009343032041735888   16   12    6    6
 -0.00934303204173551   16   12    7    7
 0.0178284383470646   16   12    8    2
 -0.03080382885065862   16   12    8    8
 -0.01296884677518453   16   12    9    4
 -0.01065808934065777   16   12    9    9
 -0.01296884677518421   16   12   10    5
 -0.01065808934065776   16   12   10   10
 0.01283892100837402   16   12   11    1
 -0.004154863980156967   16   12   11    3
 -0.004358742927535209   16   12   11   11
 0.01711389835672468   16   12   12    2
 -0.02080324412837685   16   12   12    8
 -0.01777434715735885   16   12   12   12
 0.01920007438199853   16   12   13    1
 -0.01566325592430975   16   12   13    3
 -0.01341765148156919   16   12   13   11
 -0.01485978053480174   16   12   13   13
 -0.01551849265405763   16   12   14    6
 -0.009737552714547366   16   12   14   14
 -0.0155184926540583   16   12   15    7
 -0.009737552714546942   16   12   15   15
 -0.008827955706076959   16   12   16    2
 0.02183397261629537   16   12   16    8
 0.02552146988572054   16   12   16   12
 -0.06859057414961825   16   13    2    1
 -0.07615795243552048   16   13    3    2
 0.09151629321518043   16   13    6    5
 0.0915162932151805   16   13    7    4
 0.0539829587341722   16   13    8    1
 -0.04957241891252609   16   13    8    3
 0.03568045872421798   16   13    9    7
 0.03568045872421813   16   13   10    6
 -0.0184180692992372   16   13   11    2
 0.0122615624954226   16   13   11    8
 0.02683893209870596   16   13   12    1
 -0.05477379935688229   16   13   12    3
 -0.07585189898600952   16   13   12   11
 0.02638451372075035   16   13   13    2
 -0.01632889610696453   16   13   13    8
 0.008948016202452449   16   13   13   12
 0.03206694479072048   16   13   14    5
 0.08031027214202731   16   13   14   10
 0.03206694479072046   16   13   15    4
 0.08031027214202713   16   13   15    9
 -0.02710641577710822   16   13   16    1
 0.008179877352419979   16   13   16    3
 -0.008510972299439602   16   13   16   11
 0.0649244966647466   16   13   16   13
 -0.04953325310308283   16   14    5    1
 -0.01524286222143176   16   14    5    3
 0.04782929156735265   16   14    6    2
 -0.0215151824498227   16   14    8    6
 -0.009520402117285772   16   14   10    1
 0.001145367680899828   16   14   10    3
 -0.006118944811724152   16   14   11    5
 -0.00924514698856496   16   14   11   10
 -0.009676480104738226   16   14   12    6
 -0.01264893265378618   16   14   13    5
 0.04883056739224656   16   14   13   10
 0.006877494051026323   16   14   14    2
 -0.01858348872561676   16   14   14    8
 0.01138488473848317   16   14   14   12
 -0.01053103112884919   16   14   16    6
 0.04323834434750976   16   14   16   14
 -0.04953325310308284   16   15    4    1
 -0.01524286222143176   16   15    4    3
 0.04782929156735267   16   15    7    2
 -0.0215151824498227   16   15    8    7
 -0.009520402117285812   16   15    9    1
 0.001145367680899847   16   15    9    3
 -0.006118944811724154   16   15   11    4
 -0.009245146988564996   16   15   11    9
 -0.00967648010473828   16   15   12    7
 -0.01264893265378615   16   15   13    4
 0.04883056739224659   16   15   13    9
 0.006877494051026413   16   15   15    2
 -0.01858348872561692   16   15   15    8
 0.01138488473848327   16   15   15   12
 -0.01053103112884925   16   15   16    7
 0.04323834434750963   16   15   16   15
 0.4657462589647721   16   16    1    1
 0.4050606505483009   16   16    2    2
 -0.03543486773376232   16   16    3    1
 0.4070640137739926   16   16    3    3
 0.4185973630288861   16   16    4    4
 0.418597363028886   16   16    5    5
 0.4082023983144066   16   16    6    6
 0.4082023983144059   16   16    7    7
 -2.6030080387983e-15   16   16    8    1
 -0.04326423466976144   16   16    8    2
 -2.584692185940141e-15   16   16    8    3
 0.3838724901707071   16   16    8    8
 0.05616452234762822   16   16    9    4
 0.3853455436255379   16   16    9    9
 0.05616452234762765   16   16   10    5
 0.3853455436255381   16   16   10   10
 -0.001616477837301787   16   16   11    1
 -2.129016804791502e-15   16   16   11    2
 0.06090938226966259   16   16   11    3
 0.3364690172553402   16   16   11   11
 2.344222250028246e-15   16   16   12    1
 0.02319059116108667   16   16   12    2
 1.145904095773853e-15   16   16   12    3
 0.08570788006584999   16   16   12    8
 -1.413055754237413e-15   16   16   12   11
 0.3875450185445314   16   16   12   12
 -0.04024023190242802   16   16   13    1
 -1.074017058662679e-15   16   16   13    2
 0.0007948069787146898   16   16   13    3
 5.565855204255278e-15   16   16   13    8
 0.009977164763134955   16   16   13   11
 -3.01808287661396e-15   16   16   13   12
 0.3944456415425237   16   16   13   13
 0.06756430787178096   16   16   14    6
 1.460279104639685e-15   16   16   14   10
 0.3719060862103917   16   16   14   14
 -1.419486242956122e-15   16   16   15    4
 0.06756430787178243   16   16   15    7
 0.3719060862103903   16   16   15   15
 -6.170888716362372e-15   16   16   16    1
 0.02878730261301151   16   16   16    2
 -3.037013517847603e-15   16   16   16    3
 -0.04825076373402868   16   16   16    8
 -0.01362375151928237   16   16   16   12
 3.816391647148976e-15   16   16   16   13
 0.3808326636828622   16   16   16   16
 -6.012321743665709    1    1  0  0
 -4.942496948365404    2    2  0  0
 0.4355050058762732    3    1  0  0
 -4.842850053388442    3    3  0  0
 -4.82211598610224    4    4  0  0
 -4.82211598610224    5    5  0  0
 -4.467233769118724    6    6  0  0
 -4.467233769118722    7    7  0  0
 0.4713284074784415    8    2  0  0
 -2.419926889590347e-15    8    4  0  0
 -3.871846041974672    8    8  0  0
 -0.8556015191947229    9    4  0  0
 -3.405036746113511    9    9  0  0
 -0.8556015191947225   10    5  0  0
 -3.405036746113511   10   10  0  0
 0.009131774048375582   11    1  0  0
 -0.8144139067338905   11    3  0  0
 1.618011121826285e-15   11    8  0  0
 -2.895293017555422   11   11  0  0
 -0.3750796280156796   12    2  0  0
 -1.09851052942618   12    8  0  0
 1.668547442952085e-15   12   11  0  0
 -3.588480972801205   12   12  0  0
 0.5621464088105933   13    1  0  0
 1.380278598496824e-15   13    2  0  0
 0.0704348672098649   13    3  0  0
 -3.212430082671931e-15   13    8  0  0
 -0.06511770568625784   13   11  0  0
 3.972154040106856e-15   13   12  0  0
 -3.331340554784597   13   13  0  0
 -1.021207700671301   14    6  0  0
 2.723470243482963e-15   14   10  0  0
 -3.174770007070686   14   14  0  0
 -1.021207700671304   15    7  0  0
 2.651138476924034e-15   15    9  0  0
 -3.174770007070686   15   15  0  0
 -0.4706414624954777   16    2  0  0
 1.180542043429464e-15   16    3  0  0
 -2.646221147611245e-15   16    4  0  0
 0.6420818207943606   16    8  0  0
 1.390473492162926e-15   16   11  0  0
 0.1803255115159791   16   12  0  0
 -4.519319047712544e-15   16   13  0  0
 -2.733036259511683   16   16  0  0
 -79.41509056558994  0  0  0  0
