 &FCI NORB=  16,NELEC=10,MS2=0,
  ORBSYM=1,1,1,1,1,1,1,1,1,1,1,1,1,1,1,1
  ISYM=1,
 &END
 0.4412406109626489    1    1    1    1
 0.249076494118982    2    1    2    1
 0.4417663990220123    2    2    1    1
 0.4448809919942988    2    2    2    2
 0.01313066446653335    3    1    1    1
 8.061741313473252e-05    3    1    2    2
 0.06971525278599547    3    1    3    1
 -0.04301617038595573    3    2    2    1
 0.06483776140745411    3    2    3    2
 0.4178940974444331    3    3    1    1
 0.4176412340199632    3    3    2    2
 0.01049467717456058    3    3    3    1
 0.4226472957444032    3    3    3    3
 0.0671239464019262    4    1    4    1
 0.0638452485981971    4    2    4    2
 -0.001548884653157307    4    3    4    1
 0.01662302435727202    4    3    4    3
 0.4156078329039467    4    4    1    1
 0.4167008359424607    4    4    2    2
 0.008876484894255635    4    4    3    1
 0.3857590677405673    4    4    3    3
 0.4160751273729079    4    4    4    4
 0.0671239464019262    5    1    5    1
 0.0638452485981971    5    2    5    2
 -0.001548884653157307    5    3    5    1
 0.01662302435727202    5    3    5    3
 0.01616649985948601    5    4    5    4
 0.4156078329039467    5    5    1    1
 0.4167008359424607    5    5    2    2
 0.008876484894255635    5    5    3    1
 0.3857590677405673    5    5    3    3
 0.3837421276539358    5    5    4    4
 0.4160751273729079    5    5    5    5
 0.06387493466737842    6    1    5    2
 0.06398521463018975    6    1    6    1
 0.06829199488390661    6    2    5    1
 -0.003488421285459219    6    2    5    3
 0.06976453089739647    6    2    6    2
 -0.005720723171937835    6    3    5    2
 -0.004624828405353123    6    3    6    1
 0.01552264077213212    6    3    6    3
 0.01631397541086433    6    4    6    4
 0.229514323425638    6    5    2    1
 -0.03785180153435155    6    5    3    2
 0.2352344811321037    6    5    6    5
 0.4199852728046838    6    6    1    1
 0.4216475188030512    6    6    2    2
 0.006759096185642481    6    6    3    1
 0.3885926267626584    6    6    3    3
 0.3875160839058136    6    6    4    4
 0.4206423093281732    6    6    5    5
 0.4255735295770492    6    6    6    6
 0.06387493466737841    7    1    4    2
 0.06398521463018973    7    1    7    1
 0.0682919948839066    7    2    4    1
 -0.003488421285459218    7    2    4    3
 0.06976453089739644    7    2    7    2
 -0.005720723171937835    7    3    4    2
 -0.004624828405353123    7    3    7    1
 0.01552264077213212    7    3    7    3
 0.2295143234256379    7    4    2    1
 -0.03785180153435154    7    4    3    2
 0.202606530310375    7    4    6    5
 0.2352344811321036    7    4    7    4
 0.01631397541086433    7    5    6    4
 0.01631397541086433    7    5    7    5
 0.01656311271117981    7    6    5    4
 0.01700587098383403    7    6    7    6
 0.4199852728046837    7    7    1    1
 0.4216475188030511    7    7    2    2
 0.006759096185642481    7    7    3    1
 0.3885926267626584    7    7    3    3
 0.4206423093281731    7    7    4    4
 0.3875160839058135    7    7    5    5
 0.3915617876093811    7    7    6    6
 0.4255735295770491    7    7    7    7
 -0.01063692229212292    8    1    2    1
 -0.05912709650974767    8    1    3    2
 -0.0110066602861273    8    1    6    5
 -0.0110066602861273    8    1    7    4
 0.06533354105676568    8    1    8    1
 -0.02442294423590984    8    2    1    1
 -0.0119763116527683    8    2    2    2
 -0.06960037882297126    8    2    3    1
 -0.01511089865220949    8    2    3    3
 -0.02010619631847959    8    2    4    4
 -0.0201061963184796    8    2    5    5
 -0.01869459862162855    8    2    6    6
 -0.01869459862162854    8    2    7    7
 0.0719640099555509    8    2    8    2
 -0.221685925237881    8    3    2    1
 0.03949400518373918    8    3    3    2
 -0.1954959871797987    8    3    6    5
 -0.1954959871797987    8    3    7    4
 0.009313837427498228    8    3    8    1
 0.2195102746452836    8    3    8    3
 -0.004004175484887175    8    4    4    2
 -0.005173989680210523    8    4    7    1
 -0.0155637087990701    8    4    7    3
 0.01719834893619078    8    4    8    4
 -0.004004175484887175    8    5    5    2
 -0.005173989680210524    8    5    6    1
 -0.01556370879907011    8    5    6    3
 0.01719834893619078    8    5    8    5
 -0.006604429340804938    8    6    5    1
 -0.01655009700323491    8    6    5    3
 -0.004990368295944416    8    6    6    2
 0.01807902172704715    8    6    8    6
 -0.006604429340804938    8    7    4    1
 -0.01655009700323491    8    7    4    3
 -0.004990368295944414    8    7    7    2
 0.01807902172704714    8    7    8    7
 0.4338799370361473    8    8    1    1
 0.4332739914690414    8    8    2    2
 0.01754380941305363    8    8    3    1
 0.4328624302639495    8    8    3    3
 0.3991171875806539    8    8    4    4
 0.3991171875806539    8    8    5    5
 0.4028136430725383    8    8    6    6
 0.4028136430725382    8    8    7    7
 -0.02574900847612823    8    8    8    2
 0.451106044150818    8    8    8    8
 -0.04851556548484238    9    1    1    1
 -0.04741717157491861    9    1    2    2
 -0.01657015045409527    9    1    3    1
 -0.03377538483877605    9    1    3    3
 -0.04147522355833972    9    1    4    4
 -0.04147522355833972    9    1    5    5
 -0.04352181878083831    9    1    6    6
 -0.04352181878083829    9    1    7    7
 0.02432555242802209    9    1    8    2
 -0.04921250475095606    9    1    8    8
 0.03595276015905801    9    1    9    1
 -0.05134402374704065    9    2    2    1
 -0.01673102989972241    9    2    3    2
 -0.04626301784660115    9    2    6    5
 -0.04626301784660115    9    2    7    4
 0.0301351637528047    9    2    8    1
 0.04464203333458606    9    2    8    3
 0.03158898408938651    9    2    9    2
 -0.05787047056120331    9    3    1    1
 -0.06198901666086213    9    3    2    2
 0.008575871549864012    9    3    3    1
 -0.04741761895832864    9    3    3    3
 -0.04823727466415336    9    3    4    4
 -0.04823727466415335    9    3    5    5
 -0.0515231986043157    9    3    6    6
 -0.05152319860431567    9    3    7    7
 0.0004106403005874148    9    3    8    2
 -0.06478392284997642    9    3    8    8
 0.0359233914160251    9    3    9    1
 0.05364595169351997    9    3    9    3
 -0.00550810240069339    9    4    4    1
 -0.002424599819024905    9    4    4    3
 -0.006106677353903302    9    4    7    2
 0.00562847322532756    9    4    8    7
 0.01400210975558584    9    4    9    4
 -0.005508102400693391    9    5    5    1
 -0.002424599819024906    9    5    5    3
 -0.006106677353903306    9    5    6    2
 0.005628473225327561    9    5    8    6
 0.01400210975558584    9    5    9    5
 -0.009671562682129214    9    6    5    2
 -0.01011988682850808    9    6    6    1
 -0.004700324870034528    9    6    6    3
 0.007124953590811656    9    6    8    5
 0.01156382323882086    9    6    9    6
 -0.009671562682129204    9    7    4    2
 -0.01011988682850807    9    7    7    1
 -0.004700324870034524    9    7    7    3
 0.007124953590811652    9    7    8    4
 0.01156382323882085    9    7    9    7
 0.1093237614899072    9    8    2    1
 -0.002905717300844291    9    8    3    2
 0.09539871533370946    9    8    6    5
 0.09539871533370946    9    8    7    4
 -0.02326086897413924    9    8    8    1
 -0.1055505420148289    9    8    8    3
 -0.04107762641224644    9    8    9    2
 0.07497356213535201    9    8    9    8
 0.4133039079474361    9    9    1    1
 0.4018897993646378    9    9    2    2
 0.06860412689832256    9    9    3    1
 0.4092182677936178    9    9    3    3
 0.3856267960804765    9    9    4    4
 0.3856267960804765    9    9    5    5
 0.3861941540521658    9    9    6    6
 0.3861941540521657    9    9    7    7
 -0.07293827185527429    9    9    8    2
 0.421655161120727    9    9    8    8
 -0.04437191072002188    9    9    9    1
 -0.03198169991750354    9    9    9    3
 0.4658539825480316    9    9    9    9
 0.02221945819077282   10    1    4    1
 -0.002646165732883146   10    1    4    3
 0.02349219837708654   10    1    7    2
 -0.002020548759384843   10    1    8    7
 -0.01256224467032926   10    1    9    4
 0.02097669300100331   10    1   10    1
 0.02536805644231362   10    2    4    2
 0.02541802984049935   10    2    7    1
 -0.002209971061540791   10    2    7    3
 -0.002360311838144189   10    2    8    4
 -0.01121689433360714   10    2    9    7
 0.02118826824159417   10    2   10    2
 -0.005191905031231315   10    3    4    1
 0.003064940297156504   10    3    4    3
 -0.005188144401227077   10    3    7    2
 -0.003864259409987576   10    3    8    7
 -0.00672219960306571   10    3    9    4
 -0.0005883529315082292   10    3   10    1
 0.008582055601774632   10    3   10    3
 0.09174631119320539   10    4    1    1
 0.0947652309377737   10    4    2    2
 -0.004772458380145153   10    4    3    1
 0.07457289048679025   10    4    3    3
 0.0867850138369991   10    4    4    4
 0.07784783561699202   10    4    5    5
 0.08080114580485168   10    4    6    6
 0.09055210723619155   10    4    7    7
 -0.003570150827828445   10    4    8    2
 0.08547803182943867   10    4    8    8
 -0.03351775300262618   10    4    9    1
 -0.0408579893176453   10    4    9    3
 0.06874881843576454   10    4    9    9
 0.06867659602841421   10    4   10    4
 0.004468589110003543   10    5    5    4
 0.004875480715669957   10    5    7    6
 0.007583317802750808   10    5   10    5
 0.005196438633377619   10    6    6    4
 0.005196438633377616   10    6    7    5
 0.00749346591876513   10    6   10    6
 0.09530561974940836   10    7    2    1
 -0.01245383962216513   10    7    3    2
 0.08124249595500423   10    7    6    5
 0.09163537322175945   10    7    7    4
 -0.009255649432070013   10    7    8    1
 -0.07954269025014091   10    7    8    3
 -0.03219028665287597   10    7    9    2
 0.05540198516683802   10    7    9    8
 0.07168234007021734   10    7   10    7
 -0.003384666037543246   10    8    4    2
 -0.003806347315791381   10    8    7    1
 -0.005165789596560253   10    8    7    3
 0.006207573052904157   10    8    8    4
 0.006851882085584515   10    8    9    7
 -0.001496473231036219   10    8   10    2
 0.00790426865340247   10    8   10    8
 -0.03340995729849408   10    9    4    1
 -0.0103430476106892   10    9    4    3
 -0.03235591226979367   10    9    7    2
 0.01341571853797058   10    9    8    7
 0.0009565449886946606   10    9    9    4
 -0.006503978566685953   10    9   10    1
 0.002054753369017359   10    9   10    3
 0.02975415141115076   10    9   10    9
 0.3774169947695986   10   10    1    1
 0.3776570348892979   10   10    2    2
 0.01039132508519774   10   10    3    1
 0.3558340505572878   10   10    3    3
 0.3775070458531821   10   10    4    4
 0.3531423454781049   10   10    5    5
 0.3561390530540645   10   10    6    6
 0.3808751769224764   10   10    7    7
 -0.01908559814847408   10   10    8    2
 0.3665347160946053   10   10    8    8
 -0.03529560976644905   10   10    9    1
 -0.04043221614204213   10   10    9    3
 0.3652668258620563   10   10    9    9
 0.07431594270988884   10   10   10    4
 0.3591408954734941   10   10   10   10
 0.02221945819077282   11    1    5    1
 -0.002646165732883147   11    1    5    3
 0.02349219837708655   11    1    6    2
 -0.002020548759384843   11    1    8    6
 -0.01256224467032926   11    1    9    5
 0.02097669300100331   11    1   11    1
 0.02536805644231362   11    2    5    2
 0.02541802984049936   11    2    6    1
 -0.002209971061540792   11    2    6    3
 -0.002360311838144189   11    2    8    5
 -0.01121689433360714   11    2    9    6
 0.02118826824159417   11    2   11    2
 -0.005191905031231315   11    3    5    1
 0.003064940297156503   11    3    5    3
 -0.005188144401227078   11    3    6    2
 -0.003864259409987578   11    3    8    6
 -0.006722199603065709   11    3    9    5
 -0.0005883529315082291   11    3   11    1
 0.00858205560177463   11    3   11    3
 0.004468589110003543   11    4    5    4
 0.004875480715669957   11    4    7    6
 0.007583317802750808   11    4   10    5
 0.007583317802750808   11    4   11    4
 0.09174631119320539   11    5    1    1
 0.0947652309377737   11    5    2    2
 -0.004772458380145153   11    5    3    1
 0.07457289048679024   11    5    3    3
 0.07784783561699202   11    5    4    4
 0.08678501383699912   11    5    5    5
 0.0905521072361916   11    5    6    6
 0.08080114580485163   11    5    7    7
 -0.003570150827828447   11    5    8    2
 0.08547803182943867   11    5    8    8
 -0.03351775300262619   11    5    9    1
 -0.04085798931764529   11    5    9    3
 0.06874881843576457   11    5    9    9
 0.05350996042291258   11    5   10    4
 0.06870254368941457   11    5   10   10
 0.06867659602841422   11    5   11    5
 0.09530561974940842   11    6    2    1
 -0.01245383962216514   11    6    3    2
 0.09163537322175955   11    6    6    5
 0.08124249595500427   11    6    7    4
 -0.009255649432070015   11    6    8    1
 -0.07954269025014093   11    6    8    3
 -0.03219028665287599   11    6    9    2
 0.05540198516683804   11    6    9    8
 0.05669540823268709   11    6   10    7
 0.07168234007021738   11    6   11    6
 0.005196438633377615   11    7    6    4
 0.005196438633377612   11    7    7    5
 0.007493465918765129   11    7   10    6
 0.007493465918765128   11    7   11    7
 -0.003384666037543247   11    8    5    2
 -0.003806347315791382   11    8    6    1
 -0.005165789596560255   11    8    6    3
 0.006207573052904154   11    8    8    5
 0.006851882085584517   11    8    9    6
 -0.001496473231036218   11    8   11    2
 0.00790426865340247   11    8   11    8
 -0.03340995729849408   11    9    5    1
 -0.0103430476106892   11    9    5    3
 -0.03235591226979367   11    9    6    2
 0.01341571853797058   11    9    8    6
 0.0009565449886946623   11    9    9    5
 -0.006503978566685952   11    9   11    1
 0.002054753369017361   11    9   11    3
 0.02975415141115077   11    9   11    9
 0.01218235018753857   11   10    5    4
 0.01236806193420593   11   10    7    6
 0.002806699510237116   11   10   10    5
 0.002806699510237117   11   10   11    4
 0.01235335138574087   11   10   11   10
 0.3774169947695986   11   11    1    1
 0.3776570348892979   11   11    2    2
 0.01039132508519774   11   11    3    1
 0.3558340505572877   11   11    3    3
 0.3531423454781049   11   11    4    4
 0.3775070458531821   11   11    5    5
 0.3808751769224765   11   11    6    6
 0.3561390530540645   11   11    7    7
 -0.01908559814847409   11   11    8    2
 0.3665347160946053   11   11    8    8
 -0.03529560976644906   11   11    9    1
 -0.04043221614204209   11   11    9    3
 0.3652668258620563   11   11    9    9
 0.06870254368941456   11   11   10    4
 0.3344341927020123   11   11   10   10
 0.07431594270988884   11   11   11    5
 0.359140895473494   11   11   11   11
 0.04933330933920614   12    1    2    1
 -0.02170054592423907   12    1    3    2
 0.04245657002392028   12    1    6    5
 0.04245657002392027   12    1    7    4
 0.01141200243102969   12    1    8    1
 -0.04048826827615201   12    1    8    3
 -0.006971010559233926   12    1    9    2
 0.0234805967688851   12    1    9    8
 0.03465460262764775   12    1   10    7
 0.03465460262764776   12    1   11    6
 0.02971066619368674   12    1   12    1
 0.05896914838038372   12    2    1    1
 0.06324871579089997   12    2    2    2
 -0.01782302681468352   12    2    3    1
 0.05214053325080319   12    2    3    3
 0.05196179938868621   12    2    4    4
 0.0519617993886862   12    2    5    5
 0.05390641305425   12    2    6    6
 0.05390641305424999   12    2    7    7
 0.01430231067766616   12    2    8    2
 0.05347686266013888   12    2    8    8
 -0.009206399524224248   12    2    9    1
 -0.02109173263780237   12    2    9    3
 0.03726282289152517   12    2    9    9
 0.03748743104890388   12    2   10    4
 0.04593739088204905   12    2   10   10
 0.03748743104890388   12    2   11    5
 0.04593739088204908   12    2   11   11
 0.0363393184743336   12    2   12    2
 -0.0610904237958344   12    3    2    1
 0.01460313170808055   12    3    3    2
 -0.05139348493953801   12    3    6    5
 -0.05139348493953801   12    3    7    4
 -0.0007841977636474675   12    3    8    1
 0.05622682525562091   12    3    8    3
 0.01235785728187029   12    3    9    2
 -0.03690109028094927   12    3    9    8
 -0.03957474962721243   12    3   10    7
 -0.03957474962721242   12    3   11    6
 -0.03303507179671282   12    3   12    1
 0.04449842799715688   12    3   12    3
 0.007169083335151306   12    4    4    2
 0.006975835304092943   12    4    7    1
 -0.003545953463537409   12    4    7    3
 0.002132130723533007   12    4    8    4
 -0.003625571395884598   12    4    9    7
 0.01256398402882336   12    4   10    2
 0.004454694410456852   12    4   10    8
 0.01256985626238418   12    4   12    4
 0.007169083335151306   12    5    5    2
 0.006975835304092948   12    5    6    1
 -0.003545953463537411   12    5    6    3
 0.002132130723533007   12    5    8    5
 -0.003625571395884598   12    5    9    6
 0.01256398402882336   12    5   11    2
 0.004454694410456852   12    5   11    8
 0.01256985626238418   12    5   12    5
 0.006011124682937201   12    6    5    1
 -0.003984216596103845   12    6    5    3
 0.00681994188912244   12    6    6    2
 0.002529018842712623   12    6    8    6
 -0.004402136187283122   12    6    9    5
 0.01267184037015858   12    6   11    1
 -0.005477027824191264   12    6   11    3
 0.001840931181254491   12    6   11    9
 0.01336448673836099   12    6   12    6
 0.00601112468293719   12    7    4    1
 -0.003984216596103841   12    7    4    3
 0.006819941889122424   12    7    7    2
 0.002529018842712619   12    7    8    7
 -0.004402136187283123   12    7    9    4
 0.01267184037015858   12    7   10    1
 -0.005477027824191262   12    7   10    3
 0.001840931181254497   12    7   10    9
 0.01336448673836099   12    7   12    7
 0.06690609586527564   12    8    1    1
 0.06842216742631162   12    8    2    2
 -0.002699959286908998   12    8    3    1
 0.06415104521317627   12    8    3    3
 0.05699266130683284   12    8    4    4
 0.05699266130683284   12    8    5    5
 0.05843457601500798   12    8    6    6
 0.05843457601500796   12    8    7    7
 -0.0004767247352988599   12    8    8    2
 0.06812918461476315   12    8    8    8
 -0.01258282881963984   12    8    9    1
 -0.02514452617068933   12    8    9    3
 0.06086403014626644   12    8    9    9
 0.0354914832132226   12    8   10    4
 0.05165815376345286   12    8   10   10
 0.03549148321322258   12    8   11    5
 0.05165815376345283   12    8   11   11
 0.03476731453737517   12    8   12    2
 0.04224110464236214   12    8   12    8
 0.02652894962757338   12    9    2    1
 -0.009358083104802099   12    9    3    2
 0.02051791837928261   12    9    6    5
 0.02051791837928259   12    9    7    4
 0.003144004240355188   12    9    8    1
 -0.03162368041126786   12    9    8    3
 -0.006221835300728558   12    9    9    2
 0.01904300080604333   12    9    9    8
 0.01446647020433076   12    9   10    7
 0.01446647020433075   12    9   11    6
 0.009541571457593949   12    9   12    1
 -0.01347710612318421   12    9   12    3
 0.009347379983696391   12    9   12    9
 0.03142479118812066   12   10    4    2
 0.0308737056816499   12   10    7    1
 -0.01047273034662702   12   10    7    3
 0.006346611018107982   12   10    8    4
 -0.000166879742957369   12   10    9    7
 0.009972417595082982   12   10   10    2
 0.0008647054246033256   12   10   10    8
 0.002347888611153314   12   10   12    4
 0.02429707880624554   12   10   12   10
 0.03142479118812067   12   11    5    2
 0.0308737056816499   12   11    6    1
 -0.01047273034662703   12   11    6    3
 0.006346611018107982   12   11    8    5
 -0.0001668797429573733   12   11    9    6
 0.009972417595082982   12   11   11    2
 0.000864705424603324   12   11   11    8
 0.002347888611153313   12   11   12    5
 0.02429707880624554   12   11   12   11
 0.3506196039838436   12   12    1    1
 0.3602618875531731   12   12    2    2
 -0.04205347830488011   12   12    3    1
 0.3489419022663028   12   12    3    3
 0.3343877063847029   12   12    4    4
 0.3343877063847028   12   12    5    5
 0.3386888560658302   12   12    6    6
 0.3386888560658302   12   12    7    7
 0.0362040826613436   12   12    8    2
 0.3552453359829799   12   12    8    8
 -0.02021875083716792   12   12    9    1
 -0.04738440656394755   12   12    9    3
 0.3000165899243668   12   12    9    9
 0.06221080122698393   12   12   10    4
 0.314041546626787   12   12   10   10
 0.06221080122698391   12   12   11    5
 0.314041546626787   12   12   11   11
 0.04781930346451461   12   12   12    2
 0.04297660091997784   12   12   12    8
 0.3522142600534774   12   12   12   12
 0.05818867389639954   13    1    1    1
 0.06187642902863543   13    1    2    2
 -0.01453497433100625   13    1    3    1
 0.05146959353410281   13    1    3    3
 0.05080083964418422   13    1    4    4
 0.05080083964418422   13    1    5    5
 0.05269540396673929   13    1    6    6
 0.05269540396673927   13    1    7    7
 0.01092588475503665   13    1    8    2
 0.05357162041471587   13    1    8    8
 -0.01129158956049606   13    1    9    1
 -0.02141377527419262   13    1    9    3
 0.03928275291709486   13    1    9    9
 0.03743881651542603   13    1   10    4
 0.04507642323401677   13    1   10   10
 0.03743881651542603   13    1   11    5
 0.04507642323401677   13    1   11   11
 0.03403962478530311   13    1   12    2
 0.03252672760489114   13    1   12    8
 0.04560835026419256   13    1   12   12
 0.03224305518244116   13    1   13    1
 0.05984461401544158   13    2    2    1
 -0.02202398595561268   13    2    3    2
 0.05123809086389607   13    2    6    5
 0.05123809086389605   13    2    7    4
 0.009175621452718734   13    2    8    1
 -0.05054177058162696   13    2    8    3
 -0.01116966772127497   13    2    9    2
 0.03097722927926305   13    2    9    8
 0.0416221243699826   13    2   10    7
 0.04162212436998262   13    2   11    6
 0.03349095985050284   13    2   12    1
 -0.03816639423248322   13    2   12    3
 0.01167476196933058   13    2   12    9
 0.03819062367008523   13    2   13    2
 -0.06239868747516778   13    3    1    1
 -0.06499846102721253   13    3    2    2
 0.008724907864517425   13    3    3    1
 -0.05875336416944964   13    3    3    3
 -0.05382752412888243   13    3    4    4
 -0.05382752412888243   13    3    5    5
 -0.05538463987019174   13    3    6    6
 -0.05538463987019172   13    3    7    7
 -0.005571929667635883   13    3    8    2
 -0.06167327108870242   13    3    8    8
 0.009941369363099636   13    3    9    1
 0.02344973788980717   13    3    9    3
 -0.05032754932699969   13    3    9    9
 -0.03441967537930816   13    3   10    4
 -0.04839729485375983   13    3   10   10
 -0.03441967537930815   13    3   11    5
 -0.04839729485375981   13    3   11   11
 -0.03528333782280228   13    3   12    2
 -0.04032847403589816   13    3   12    8
 -0.04393077202246413   13    3   12   12
 -0.03273199237205508   13    3   13    1
 0.03934311412830498   13    3   13    3
 0.005195154235868221   13    4    4    1
 -0.003581125293452305   13    4    4    3
 0.00599476731042708   13    4    7    2
 0.00205926861863902   13    4    8    7
 -0.00568897155624253   13    4    9    4
 0.0135309811336226   13    4   10    1
 -0.004774867298817266   13    4   10    3
 0.002077983954370934   13    4   10    9
 0.01372296196216938   13    4   12    7
 0.01428340469284798   13    4   13    4
 0.00519515423586822   13    5    5    1
 -0.003581125293452305   13    5    5    3
 0.005994767310427083   13    5    6    2
 0.002059268618639021   13    5    8    6
 -0.005688971556242529   13    5    9    5
 0.0135309811336226   13    5   11    1
 -0.004774867298817266   13    5   11    3
 0.002077983954370932   13    5   11    9
 0.01372296196216938   13    5   12    6
 0.01428340469284798   13    5   13    5
 0.007344559278956928   13    6    5    2
 0.007175879194992968   13    6    6    1
 -0.003304910242764153   13    6    6    3
 0.001759582948251053   13    6    8    5
 -0.004942656828100842   13    6    9    6
 0.01393767548239518   13    6   11    2
 0.003876960091586393   13    6   11    8
 0.01336495366560964   13    6   12    5
 0.002047162030052296   13    6   12   11
 0.01436729332614218   13    6   13    6
 0.007344559278956915   13    7    4    2
 0.007175879194992954   13    7    7    1
 -0.003304910242764148   13    7    7    3
 0.001759582948251052   13    7    8    4
 -0.004942656828100842   13    7    9    7
 0.01393767548239518   13    7   10    2
 0.003876960091586393   13    7   10    8
 0.01336495366560964   13    7   12    4
 0.002047162030052285   13    7   12   10
 0.01436729332614218   13    7   13    7
 0.04451859207763053   13    8    2    1
 -0.01205721712271992   13    8    3    2
 0.03669296587547151   13    8    6    5
 0.03669296587547151   13    8    7    4
 0.00198335322885771   13    8    8    1
 -0.04123115041893832   13    8    8    3
 -0.00749694471024987   13    8    9    2
 0.02751238799889626   13    8    9    8
 0.03073356960751813   13    8   10    7
 0.03073356960751813   13    8   11    6
 0.02823511027622382   13    8   12    1
 -0.03854940610532233   13    8   12    3
 0.01090086978248461   13    8   12    9
 0.03230373257239306   13    8   13    2
 0.03401949584164842   13    8   13    8
 0.008307018434980464   13    9    1    1
 0.009764943500928403   13    9    2    2
 -0.007571315791578919   13    9    3    1
 0.01575019322328787   13    9    3    3
 0.003887050661331384   13    9    4    4
 0.00388705066133139   13    9    5    5
 0.004221575793765809   13    9    6    6
 0.004221575793765799   13    9    7    7
 0.008128734289338796   13    9    8    2
 0.01588235677488861   13    9    8    8
 -0.001046592698784159   13    9    9    1
 -0.007522839356489613   13    9    9    3
 0.00728076432215432   13    9    9    9
 0.007443914395771834   13    9   10    4
 0.004681218992457463   13    9   10   10
 0.007443914395771832   13    9   11    5
 0.004681218992457446   13    9   11   11
 0.007868668391949312   13    9   12    2
 0.008712500032594753   13    9   12    8
 0.0169836197799275   13    9   12   12
 0.00752143703088618   13    9   13    1
 -0.008405714998506961   13    9   13    3
 0.006649473243566578   13    9   13    9
 0.03637044641004183   13   10    4    1
 -0.008497470651366787   13   10    4    3
 0.03770101259368707   13   10    7    2
 0.004709723662707939   13   10    8    7
 0.001263398744739505   13   10    9    4
 0.009396069520226752   13   10   10    1
 -0.004380545257950468   13   10   10    3
 -0.01520068526808798   13   10   10    9
 0.001697609905675057   13   10   12    7
 0.0007389503872030834   13   10   13    4
 0.02903024700373776   13   10   13   10
 0.03637044641004183   13   11    5    1
 -0.008497470651366787   13   11    5    3
 0.03770101259368708   13   11    6    2
 0.00470972366270794   13   11    8    6
 0.001263398744739505   13   11    9    5
 0.009396069520226752   13   11   11    1
 -0.004380545257950468   13   11   11    3
 -0.01520068526808798   13   11   11    9
 0.001697609905675063   13   11   12    6
 0.0007389503872030834   13   11   13    5
 0.02903024700373776   13   11   13   11
 0.1969049813292065   13   12    2    1
 -0.07681991578135917   13   12    3    2
 0.1811819583448086   13   12    6    5
 0.1811819583448085   13   12    7    4
 0.03679689365217031   13   12    8    1
 -0.1866493006614225   13   12    8    3
 -0.02088055351091614   13   12    9    2
 0.07568537348940933   13   12    9    8
 0.06314913382601187   13   12   10    7
 0.06314913382601189   13   12   11    6
 0.03883608413567082   13   12   12    1
 -0.04044328033085712   13   12   12    3
 0.02900866634656055   13   12   12    9
 0.0453598213469102   13   12   13    2
 0.02789222574674526   13   12   13    8
 0.2135179884718077   13   12   13   12
 0.3505054719323879   13   13    1    1
 0.359523102576638   13   13    2    2
 -0.03902170445564589   13   13    3    1
 0.3468347775369571   13   13    3    3
 0.33536973959125   13   13    4    4
 0.33536973959125   13   13    5    5
 0.3395006990545464   13   13    6    6
 0.3395006990545464   13   13    7    7
 0.03319774878857622   13   13    8    2
 0.3526288388091913   13   13    8    8
 -0.0191891099419224   13   13    9    1
 -0.04453123273927139   13   13    9    3
 0.301582523122824   13   13    9    9
 0.06027121747579339   13   13   10    4
 0.3147298520650443   13   13   10   10
 0.06027121747579339   13   13   11    5
 0.3147298520650443   13   13   11   11
 0.04673819255783258   13   13   12    2
 0.04243743945863999   13   13   12    8
 0.3475328552567586   13   13   12   12
 0.04445276176077623   13   13   13    1
 -0.04329773512709027   13   13   13    3
 0.01513153890690895   13   13   13    9
 0.3436050713903335   13   13   13   13
 0.02204792907091545   14    1    5    2
 0.02214140047546951   14    1    6    1
 -0.001324182100353076   14    1    6    3
 -0.002799881182444591   14    1    8    5
 -0.01133607655261897   14    1    9    6
 0.02012240355117787   14    1   11    2
 -0.001859076617810829   14    1   11    8
 0.01207890957312202   14    1   12    5
 0.007976556900936217   14    1   12   11
 0.01351336100646782   14    1   13    6
 0.01927854911903087   14    1   14    1
 0.02140128901725143   14    2    5    1
 -0.001926566960428102   14    2    5    3
 0.02247982761751026   14    2    6    2
 -0.002333875702657651   14    2    8    6
 -0.01152272747073814   14    2    9    5
 0.02046011131280003   14    2   11    1
 -0.001717385321253894   14    2   11    3
 -0.007138060502983627   14    2   11    9
 0.01319395406674753   14    2   12    6
 0.01404245313623133   14    2   13    5
 0.008703013769204591   14    2   13   11
 0.02026673836590099   14    2   14    2
 -0.001701712855370016   14    3    5    2
 -0.001382945013712875   14    3    6    1
 0.004317595658260236   14    3    6    3
 -0.004402824546504279   14    3    8    5
 -0.004437595969498863   14    3    9    6
 -0.002076595474594987   14    3   11    2
 -0.006923966356341826   14    3   11    8
 -0.005965014190543362   14    3   12    5
 -0.002508352297808922   14    3   12   11
 -0.00562050686772089   14    3   13    6
 -0.00154254608054486   14    3   14    1
 0.006710616094622907   14    3   14    3
 0.004248309441933869   14    4    6    4
 0.004248309441933867   14    4    7    5
 0.007357520807666494   14    4   10    6
 0.007357520807666492   14    4   11    7
 0.007283319542377219   14    4   14    4
 0.08262839640213232   14    5    2    1
 -0.009727473710732756   14    5    3    2
 0.07840469969027382   14    5    6    5
 0.06990808080640606   14    5    7    4
 -0.009354469270191455   14    5    8    1
 -0.06879865346386572   14    5    8    3
 -0.03012440400978704   14    5    9    2
 0.0506016474391905   14    5    9    8
 0.05283479565994832   14    5   10    7
 0.06754983727528134   14    5   11    6
 0.0327070672574619   14    5   12    1
 -0.03727297671609625   14    5   12    3
 0.01346572872158708   14    5   12    9
 0.03929285434108022   14    5   13    2
 0.02917515682931849   14    5   13    8
 0.0523181699760446   14    5   13   12
 0.06420222985486178   14    5   14    5
 0.09187513685450104   14    6    1    1
 0.09419346087126128   14    6    2    2
 -0.001677197246824595   14    6    3    1
 0.07594918900708472   14    6    3    3
 0.07790391809788601   14    6    4    4
 0.08616039248623389   14    6    5    5
 0.08961240212207588   14    6    6    6
 0.08063877235872566   14    6    7    7
 -0.006143326165080631   14    6    8    2
 0.08623197091515857   14    6    8    8
 -0.03282400432147705   14    6    9    1
 -0.03866334565804103   14    6    9    3
 0.07369937962305391   14    6    9    9
 0.0531280070193076   14    6   10    4
 0.06948887625946119   14    6   10   10
 0.06823600708993106   14    6   11    5
 0.07499401086806175   14    6   11   11
 0.03753336436771115   14    6   12    2
 0.03618863324235699   14    6   12    8
 0.06012290536561427   14    6   12   12
 0.03756249698572115   14    6   13    1
 -0.03482829032346539   14    6   13    3
 0.007578209151198645   14    6   13    9
 0.05829736950910519   14    6   13   13
 0.06834465731248775   14    6   14    6
 0.004128237194173938   14    7    5    4
 0.004486814881675084   14    7    7    6
 0.007554000035311727   14    7   10    5
 0.007554000035311727   14    7   11    4
 0.002752567304300285   14    7   11   10
 0.007616136189286601   14    7   14    7
 -0.003866208508597512   14    8    5    1
 -0.004213878417499587   14    8    5    3
 -0.003742446801895788   14    8    6    2
 0.005738296797846081   14    8    8    6
 0.007026078588195063   14    8    9    5
 -0.002230617104033721   14    8   11    1
 -0.007268448045378332   14    8   11    3
 0.004679435701196378   14    8   11    9
 0.004599167455009265   14    8   12    6
 0.003868883706031804   14    8   13    5
 -0.0001651611920338661   14    8   13   11
 -0.001369325185482507   14    8   14    2
 0.007921383730218716   14    8   14    8
 -0.02557918440429751   14    9    5    2
 -0.02620740974389467   14    9    6    1
 -0.006149720928518243   14    9    6    3
 0.01048790956263627   14    9    8    5
 0.006800854858007066   14    9    9    6
 -0.009126705206491503   14    9   11    2
 0.005461084730245339   14    9   11    8
 0.0005902057397156598   14    9   12    5
 -0.009389601725348926   14    9   12   11
 0.0004200170898547359   14    9   13    6
 -0.008122195812430521   14    9   14    1
 -0.002558421391882059   14    9   14    3
 0.01832527855660573   14    9   14    9
 0.01186736603531912   14   10    6    4
 0.01186736603531912   14   10    7    5
 0.00336307735191778   14   10   10    6
 0.003363077351917775   14   10   11    7
 0.002630539101261507   14   10   14    4
 0.01167330082077833   14   10   14   10
 0.1894741277663999   14   11    2    1
 -0.03304040496675779   14   11    3    2
 0.1943573056361869   14   11    6    5
 0.1706225735655486   14   11    7    4
 -0.007472013718015649   14   11    8    1
 -0.1642708652806505   14   11    8    3
 -0.03907311762779634   14   11    9    2
 0.08204379726792851   14   11    9    8
 0.06957015689257112   14   11   10    7
 0.07629631159640682   14   11   11    6
 0.03564915437880627   14   11   12    1
 -0.04366570229879593   14   11   12    3
 0.01920851331269334   14   11   12    9
 0.04328841757118815   14   11   13    2
 0.03101230668933363   14   11   13    8
 0.160501077405831   14   11   13   12
 0.06521911832612889   14   11   14    5
 0.1747835391297584   14   11   14   11
 0.03408972673236633   14   12    5    1
 -0.009449441850291786   14   12    5    3
 0.03544768897187806   14   12    6    2
 0.006091163112308363   14   12    8    6
 0.002073291810264134   14   12    9    5
 0.00809230218073337   14   12   11    1
 -0.004333218574566452   14   12   11    3
 -0.01335111285983964   14   12   11    9
 0.001091795087124251   14   12   12    6
 0.0001276786700243996   14   12   13    5
 0.02849592637568252   14   12   13   11
 0.007408336829805643   14   12   14    2
 9.413928002029967e-05   14   12   14    8
 0.02823566401641956   14   12   14   12
 0.03582573563131802   14   13    5    2
 0.03532587666970569   14   13    6    1
 -0.01015948196340363   14   13    6    3
 0.00538426342220017   14   13    8    5
 -0.0005216191547262876   14   13    9    6
 0.01053898179980697   14   13   11    2
 3.291325564483953e-05   14   13   11    8
 0.00138488222687516   14   13   12    5
 0.02676406015363104   14   13   12   11
 0.0009868243073776881   14   13   13    6
 0.00832484865801497   14   13   14    1
 -0.001978354960972135   14   13   14    3
 -0.01221447741261111   14   13   14    9
 0.02982256078810342   14   13   14   13
 0.3717139060625718   14   14    1    1
 0.3729177242395953   14   14    2    2
 0.005883208840137676   14   14    3    1
 0.3491903141526446   14   14    3    3
 0.3485184140710441   14   14    4    4
 0.3730370741586296   14   14    5    5
 0.3767589032469831   14   14    6    6
 0.3517552893727782   14   14    7    7
 -0.01508179398346953   14   14    8    2
 0.3606502571673691   14   14    8    8
 -0.03544509537777549   14   14    9    1
 -0.04277091019921182   14   14    9    3
 0.3536657582409131   14   14    9    9
 0.067375492023537   14   14   10    4
 0.3298845787105787   14   14   10   10
 0.07240490707529502   14   14   11    5
 0.3546515055936897   14   14   11   11
 0.04429384969368717   14   14   12    2
 0.04915926471935902   14   14   12    8
 0.3142340760095494   14   14   12   12
 0.04335707201019909   14   14   13    1
 -0.04636538511588075   14   14   13    3
 0.004332683994750522   14   14   13    9
 0.3147396533789639   14   14   13   13
 0.07224910517250903   14   14   14    6
 0.3517031537575823   14   14   14   14
 0.02204792907091548   15    1    4    2
 0.02214140047546954   15    1    7    1
 -0.001324182100353079   15    1    7    3
 -0.002799881182444594   15    1    8    4
 -0.01133607655261898   15    1    9    7
 0.02012240355117789   15    1   10    2
 -0.00185907661781083   15    1   10    8
 0.01207890957312203   15    1   12    4
 0.007976556900936231   15    1   12   10
 0.01351336100646782   15    1   13    7
 0.01927854911903089   15    1   15    1
 0.02140128901725146   15    2    4    1
 -0.001926566960428104   15    2    4    3
 0.02247982761751029   15    2    7    2
 -0.002333875702657653   15    2    8    7
 -0.01152272747073814   15    2    9    4
 0.02046011131280005   15    2   10    1
 -0.001717385321253897   15    2   10    3
 -0.007138060502983641   15    2   10    9
 0.01319395406674753   15    2   12    7
 0.01404245313623134   15    2   13    4
 0.008703013769204607   15    2   13   10
 0.02026673836590102   15    2   15    2
 -0.001701712855370018   15    3    4    2
 -0.001382945013712877   15    3    7    1
 0.00431759565826024   15    3    7    3
 -0.004402824546504284   15    3    8    4
 -0.004437595969498861   15    3    9    7
 -0.002076595474594988   15    3   10    2
 -0.006923966356341826   15    3   10    8
 -0.005965014190543362   15    3   12    4
 -0.002508352297808928   15    3   12   10
 -0.00562050686772089   15    3   13    7
 -0.001542546080544862   15    3   15    1
 0.006710616094622908   15    3   15    3
 0.08262839640213243   15    4    2    1
 -0.009727473710732775   15    4    3    2
 0.06990808080640618   15    4    6    5
 0.07840469969027393   15    4    7    4
 -0.00935446927019146   15    4    8    1
 -0.06879865346386584   15    4    8    3
 -0.03012440400978708   15    4    9    2
 0.05060164743919057   15    4    9    8
 0.0675498372752814   15    4   10    7
 0.05283479565994841   15    4   11    6
 0.03270706725746193   15    4   12    1
 -0.03727297671609629   15    4   12    3
 0.01346572872158706   15    4   12    9
 0.03929285434108024   15    4   13    2
 0.02917515682931851   15    4   13    8
 0.05231816997604471   15    4   13   12
 0.04963559077010739   15    4   14    5
 0.05995804012360594   15    4   14   11
 0.06420222985486188   15    4   15    4
 0.004248309441933877   15    5    6    4
 0.004248309441933875   15    5    7    5
 0.007357520807666495   15    5   10    6
 0.007357520807666495   15    5   11    7
 0.007283319542377219   15    5   14    4
 0.002630539101261513   15    5   14   10
 0.007283319542377221   15    5   15    5
 0.00412823719417395   15    6    5    4
 0.004486814881675095   15    6    7    6
 0.00755400003531173   15    6   10    5
 0.00755400003531173   15    6   11    4
 0.002752567304300295   15    6   11   10
 0.007616136189286604   15    6   14    7
 0.007616136189286607   15    6   15    6
 0.09187513685450116   15    7    1    1
 0.09419346087126139   15    7    2    2
 -0.001677197246824594   15    7    3    1
 0.07594918900708481   15    7    3    3
 0.086160392486234   15    7    4    4
 0.07790391809788608   15    7    5    5
 0.08063877235872578   15    7    6    6
 0.08961240212207594   15    7    7    7
 -0.006143326165080637   15    7    8    2
 0.08623197091515868   15    7    8    8
 -0.03282400432147707   15    7    9    1
 -0.03866334565804106   15    7    9    3
 0.07369937962305406   15    7    9    9
 0.06823600708993112   15    7   10    4
 0.07499401086806189   15    7   10   10
 0.05312800701930763   15    7   11    5
 0.06948887625946126   15    7   11   11
 0.03753336436771119   15    7   12    2
 0.03618863324235704   15    7   12    8
 0.06012290536561446   15    7   12   12
 0.03756249698572119   15    7   13    1
 -0.03482829032346543   15    7   13    3
 0.00757820915119858   15    7   13    9
 0.05829736950910536   15    7   13   13
 0.05311238493391458   15    7   14    6
 0.06760381134085769   15    7   14   14
 0.06834465731248784   15    7   15    7
 -0.003866208508597516   15    8    4    1
 -0.004213878417499595   15    8    4    3
 -0.003742446801895791   15    8    7    2
 0.005738296797846086   15    8    8    7
 0.007026078588195064   15    8    9    4
 -0.002230617104033722   15    8   10    1
 -0.007268448045378331   15    8   10    3
 0.004679435701196383   15    8   10    9
 0.004599167455009264   15    8   12    7
 0.003868883706031804   15    8   13    4
 -0.0001651611920338629   15    8   13   10
 -0.00136932518548251   15    8   15    2
 0.007921383730218719   15    8   15    8
 -0.02557918440429751   15    9    4    2
 -0.02620740974389467   15    9    7    1
 -0.006149720928518241   15    9    7    3
 0.01048790956263627   15    9    8    4
 0.006800854858007075   15    9    9    7
 -0.009126705206491514   15    9   10    2
 0.00546108473024534   15    9   10    8
 0.0005902057397156418   15    9   12    4
 -0.009389601725348942   15    9   12   10
 0.00042001708985472   15    9   13    7
 -0.008122195812430547   15    9   15    1
 -0.002558421391882062   15    9   15    3
 0.01832527855660574   15    9   15    9
 0.1894741277663999   15   10    2    1
 -0.03304040496675779   15   10    3    2
 0.1706225735655487   15   10    6    5
 0.1943573056361869   15   10    7    4
 -0.007472013718015656   15   10    8    1
 -0.1642708652806505   15   10    8    3
 -0.03907311762779638   15   10    9    2
 0.0820437972679286   15   10    9    8
 0.0762963115964068   15   10   10    7
 0.06957015689257125   15   10   11    6
 0.03564915437880633   15   10   12    1
 -0.043665702298796   15   10   12    3
 0.01920851331269342   15   10   12    9
 0.04328841757118822   15   10   13    2
 0.03101230668933369   15   10   13    8
 0.1605010774058312   15   10   13   12
 0.05995804012360586   15   10   14    5
 0.1514369374882019   15   10   14   11
 0.06521911832612902   15   10   15    4
 0.1747835391297586   15   10   15   10
 0.01186736603531912   15   11    6    4
 0.01186736603531912   15   11    7    5
 0.003363077351917782   15   11   10    6
 0.003363077351917778   15   11   11    7
 0.00263053910126151   15   11   14    4
 0.01167330082077833   15   11   14   10
 0.002630539101261517   15   11   15    5
 0.01167330082077833   15   11   15   11
 0.03408972673236633   15   12    4    1
 -0.009449441850291786   15   12    4    3
 0.03544768897187806   15   12    7    2
 0.006091163112308362   15   12    8    7
 0.00207329181026412   15   12    9    4
 0.008092302180733387   15   12   10    1
 -0.004333218574566456   15   12   10    3
 -0.01335111285983966   15   12   10    9
 0.001091795087124262   15   12   12    7
 0.0001276786700244177   15   12   13    4
 0.02849592637568252   15   12   13   10
 0.00740833682980568   15   12   15    2
 9.413928002030199e-05   15   12   15    8
 0.02823566401641955   15   12   15   12
 0.03582573563131804   15   13    4    2
 0.03532587666970569   15   13    7    1
 -0.01015948196340363   15   13    7    3
 0.005384263422200167   15   13    8    4
 -0.0005216191547263048   15   13    9    7
 0.01053898179980699   15   13   10    2
 3.291325564483859e-05   15   13   10    8
 0.001384882226875184   15   13   12    4
 0.02676406015363106   15   13   12   10
 0.0009868243073777056   15   13   13    7
 0.008324848658015003   15   13   15    1
 -0.001978354960972142   15   13   15    3
 -0.01221447741261113   15   13   15    9
 0.02982256078810343   15   13   15   13
 0.01225933004379271   15   14    5    4
 0.01250180693710247   15   14    7    6
 0.002514707525879013   15   14   10    5
 0.002514707525879013   15   14   11    4
 0.01238346344155547   15   14   11   10
 0.002322646915825726   15   14   14    7
 0.002322646915825737   15   14   15    6
 0.01267481306851906   15   14   15   14
 0.3717139060625719   15   15    1    1
 0.3729177242395953   15   15    2    2
 0.00588320884013767   15   15    3    1
 0.3491903141526446   15   15    3    3
 0.3730370741586296   15   15    4    4
 0.3485184140710442   15   15    5    5
 0.3517552893727783   15   15    6    6
 0.3767589032469832   15   15    7    7
 -0.01508179398346953   15   15    8    2
 0.3606502571673692   15   15    8    8
 -0.03544509537777559   15   15    9    1
 -0.04277091019921195   15   15    9    3
 0.3536657582409133   15   15    9    9
 0.07240490707529512   15   15   10    4
 0.3546515055936898   15   15   10   10
 0.06737549202353708   15   15   11    5
 0.3298845787105789   15   15   11   11
 0.04429384969368728   15   15   12    2
 0.04915926471935914   15   15   12    8
 0.3142340760095496   15   15   12   12
 0.04335707201019919   15   15   13    1
 -0.04636538511588085   15   15   13    3
 0.004332683994750532   15   15   13    9
 0.314739653378964   15   15   13   13
 0.06760381134085769   15   15   14    6
 0.3263535276205443   15   15   14   14
 0.07224910517250925   15   15   15    7
 0.3517031537575826   15   15   15   15
 -0.04754679916982379   16    1    2    1
 -0.004573797419969686   16    1    3    2
 -0.04064964268363917   16    1    6    5
 -0.04064964268363916   16    1    7    4
 0.01673816721644836   16    1    8    1
 0.04307945384258408   16    1    8    3
 0.02808073296645703   16    1    9    2
 -0.04041599277755303   16    1    9    8
 -0.03438781645055034   16    1   10    7
 -0.03438781645055036   16    1   11    6
 -0.01148925282324858   16    1   12    1
 0.01514011111501707   16    1   12    3
 -0.008750481663725317   16    1   12    9
 -0.01589498996993113   16    1   13    2
 -0.01000431852319703   16    1   13    8
 -0.02700425553708114   16    1   13   12
 -0.03262004299162719   16    1   14    5
 -0.03553313504290707   16    1   14   11
 -0.03262004299162721   16    1   15    4
 -0.03553313504290709   16    1   15   10
 0.02878996953211834   16    1   16    1
 -0.04392704468528   16    2    1    1
 -0.04410011840785073   16    2    2    2
 -0.007247336489114347   16    2    3    1
 -0.03492547961404516   16    2    3    3
 -0.03635565252126387   16    2    4    4
 -0.03635565252126387   16    2    5    5
 -0.0382065115354481   16    2    6    6
 -0.03820651153544808   16    2    7    7
 0.01302796768554169   16    2    8    2
 -0.0460511041356037   16    2    8    8
 0.02896969885004456   16    2    9    1
 0.03037076776715781   16    2    9    3
 -0.03947269576531598   16    2    9    9
 -0.03228301418182831   16    2   10    4
 -0.03225177432217687   16    2   10   10
 -0.03228301418182831   16    2   11    5
 -0.03225177432217687   16    2   11   11
 -0.01212102348648389   16    2   12    2
 -0.01291260580042177   16    2   12    8
 -0.02532859040345944   16    2   12   12
 -0.01384935295654403   16    2   13    1
 0.01094462163822893   16    2   13    3
 -0.003495301867436436   16    2   13    9
 -0.02371795215136012   16    2   13   13
 -0.03191530859230643   16    2   14    6
 -0.03192055060457594   16    2   14   14
 -0.03191530859230643   16    2   15    7
 -0.03192055060457596   16    2   15   15
 0.02591810272472222   16    2   16    2
 -0.03783989367834757   16    3    2    1
 -0.003265211839237621   16    3    3    2
 -0.03150438233846604   16    3    6    5
 -0.03150438233846604   16    3    7    4
 0.0133371913713046   16    3    8    1
 0.03651082406097612   16    3    8    3
 0.02342575871545019   16    3    9    2
 -0.03942824373961919   16    3    9    8
 -0.02824730229415445   16    3   10    7
 -0.02824730229415445   16    3   11    6
 -0.01120466017361811   16    3   12    1
 0.01898184906562261   16    3   12    3
 -0.009713437284467793   16    3   12    9
 -0.01527001447201234   16    3   13    2
 -0.01448249268853804   16    3   13    8
 -0.02104798876557479   16    3   13   12
 -0.02687042618376718   16    3   14    5
 -0.02824735968328475   16    3   14   11
 -0.02687042618376721   16    3   15    4
 -0.02824735968328478   16    3   15   10
 0.02476886827990158   16    3   16    1
 0.02665624761222156   16    3   16    3
 -0.002987752120921102   16    4    4    2
 -0.003141144372546148   16    4    7    1
 -0.001165081543503232   16    4    7    3
 0.002492631335260372   16    4    8    4
 0.01123977662909232   16    4    9    7
 -0.01120323085061981   16    4   10    2
 0.005650083785216775   16    4   10    8
 -0.005576228139438302   16    4   12    4
 0.00162649233267472   16    4   12   10
 -0.007194453616989388   16    4   13    7
 -0.01161577106032825   16    4   15    1
 -0.003750039372485073   16    4   15    3
 0.001532524319319811   16    4   15    9
 0.002215982228167008   16    4   15   13
 0.01352758992244685   16    4   16    4
 -0.002987752120921102   16    5    5    2
 -0.003141144372546151   16    5    6    1
 -0.001165081543503233   16    5    6    3
 0.002492631335260372   16    5    8    5
 0.01123977662909232   16    5    9    6
 -0.01120323085061981   16    5   11    2
 0.005650083785216775   16    5   11    8
 -0.005576228139438303   16    5   12    5
 0.001626492332674717   16    5   12   11
 -0.007194453616989387   16    5   13    6
 -0.01161577106032825   16    5   14    1
 -0.003750039372485072   16    5   14    3
 0.001532524319319805   16    5   14    9
 0.002215982228167009   16    5   14   13
 0.01352758992244686   16    5   16    5
 -0.0006775855836399527   16    6    5    1
 0.0001446901989317925   16    6    5    3
 -0.001400853586494907   16    6    6    2
 0.002159259213251303   16    6    8    6
 0.01355647482966181   16    6    9    5
 -0.01280878895185015   16    6   11    1
 -0.005595696534738895   16    6   11    3
 -0.002228674548077819   16    6   11    9
 -0.006346463782382273   16    6   12    6
 -0.007905638245979282   16    6   13    5
 0.003021008411600288   16    6   13   11
 -0.01212278576772777   16    6   14    2
 0.005822306839624635   16    6   14    8
 0.00344114253295821   16    6   14   12
 0.01511360597489817   16    6   16    6
 -0.0006775855836399411   16    7    4    1
 0.000144690198931795   16    7    4    3
 -0.001400853586494891   16    7    7    2
 0.002159259213251297   16    7    8    7
 0.01355647482966181   16    7    9    4
 -0.01280878895185014   16    7   10    1
 -0.005595696534738895   16    7   10    3
 -0.00222867454807783   16    7   10    9
 -0.006346463782382274   16    7   12    7
 -0.007905638245979282   16    7   13    4
 0.003021008411600297   16    7   13   10
 -0.01212278576772777   16    7   15    2
 0.005822306839624633   16    7   15    8
 0.003441142532958217   16    7   15   12
 0.01511360597489817   16    7   16    7
 0.05822423181440356   16    8    1    1
 0.05850297017708069   16    8    2    2
 0.009250113373946288   16    8    3    1
 0.0493005000687621   16    8    3    3
 0.04845924753762817   16    8    4    4
 0.04845924753762817   16    8    5    5
 0.05074621796890683   16    8    6    6
 0.05074621796890681   16    8    7    7
 -0.01645279775557585   16    8    8    2
 0.064227156820475   16    8    8    8
 -0.03536733168786319   16    8    9    1
 -0.04333773260118646   16    8    9    3
 0.05564546569294609   16    8    9    9
 0.0383142871502714   16    8   10    4
 0.04373029029429689   16    8   10   10
 0.03831428715027137   16    8   11    5
 0.04373029029429681   16    8   11   11
 0.01725100653787301   16    8   12    2
 0.02437633760194351   16    8   12    8
 0.03410468852012166   16    8   12   12
 0.0185268404736965   16    8   13    1
 -0.02083515938864865   16    8   13    3
 0.006079000950394021   16    8   13    9
 0.03234174460921906   16    8   13   13
 0.03770926226498894   16    8   14    6
 0.04366868871169775   16    8   14   14
 0.03770926226498898   16    8   15    7
 0.04366868871169788   16    8   15   15
 -0.03038216149602281   16    8   16    2
 0.04266096003467616   16    8   16    8
 0.1599436426936887   16    9    2    1
 0.007417469669195769   16    9    3    2
 0.1478050802561231   16    9    6    5
 0.1478050802561231   16    9    7    4
 -0.04455259091989847   16    9    8    1
 -0.1506612518850653   16    9    8    3
 -0.04886129997243123   16    9    9    2
 0.08584838558544654   16    9    9    8
 0.06174926686962944   16    9   10    7
 0.06174926686962946   16    9   11    6
 0.02200368743137039   16    9   12    1
 -0.0392593978764159   16    9   12    3
 0.01890213088793862   16    9   12    9
 0.03014388279336573   16    9   13    2
 0.02813557787211621   16    9   13    8
 0.1085349755609278   16    9   13   12
 0.0538965773148367   16    9   14    5
 0.1290348744407215   16    9   14   11
 0.05389657731483682   16    9   15    4
 0.1290348744407216   16    9   15   10
 -0.03919373876443694   16    9   16    1
 -0.03303777638357239   16    9   16    3
 0.1390787006088117   16    9   16    9
 -0.03080482269249783   16   10    4    2
 -0.031412487668681   16   10    7    1
 -0.005501152825661519   16   10    7    3
 0.01047904788767323   16   10    8    4
 0.005394071853134624   16   10    9    7
 -0.00972969131942948   16   10   10    2
 0.004198494008072325   16   10   10    8
 0.0003337158579054404   16   10   12    4
 -0.01285961967977027   16   10   12   10
 0.0004531858311936155   16   10   13    7
 -0.008316412941217894   16   10   15    1
 -0.001086695544092629   16   10   15    3
 0.02101047899415607   16   10   15    9
 -0.01626843133735556   16   10   15   13
 -0.0009420956906284353   16   10   16    4
 0.02495329685856458   16   10   16   10
 -0.03080482269249783   16   11    5    2
 -0.031412487668681   16   11    6    1
 -0.00550115282566152   16   11    6    3
 0.01047904788767323   16   11    8    5
 0.00539407185313463   16   11    9    6
 -0.00972969131942948   16   11   11    2
 0.004198494008072325   16   11   11    8
 0.000333715857905439   16   11   12    5
 -0.01285961967977027   16   11   12   11
 0.0004531858311936098   16   11   13    6
 -0.008316412941217875   16   11   14    1
 -0.001086695544092623   16   11   14    3
 0.02101047899415608   16   11   14    9
 -0.01626843133735555   16   11   14   13
 -0.000942095690628437   16   11   16    5
 0.02495329685856458   16   11   16   11
 0.001052255415281335   16   12    1    1
 0.002134417238819209   16   12    2    2
 -0.004925084617833806   16   12    3    1
 0.008266591362734829   16   12    3    3
 -0.002915352365784357   16   12    4    4
 -0.002915352365784362   16   12    5    5
 -0.00257146579140312   16   12    6    6
 -0.002571465791403118   16   12    7    7
 0.005021012885824821   16   12    8    2
 0.0103591029539047   16   12    8    8
 -0.004263034318016176   16   12    9    1
 -0.009047048166433995   16   12    9    3
 0.001323063101877708   16   12    9    9
 0.005450009127592628   16   12   10    4
 -0.00140194079440877   16   12   10   10
 0.005450009127592607   16   12   11    5
 -0.001401940794408813   16   12   11   11
 0.002220084097726607   16   12   12    2
 0.002369461151092776   16   12   12    8
 0.01216881635458074   16   12   12   12
 0.002655755100358651   16   12   13    1
 -0.002028141036735144   16   12   13    3
 0.005902843000732574   16   12   13    9
 0.009909450637814019   16   12   13   13
 0.005369933595039422   16   12   14    6
 -0.001212564366493698   16   12   14   14
 0.005369933595039443   16   12   15    7
 -0.001212564366493648   16   12   15   15
 -0.005621992193889244   16   12   16    2
 0.007100752917860589   16   12   16    8
 0.007283795978637477   16   12   16   12
 -0.01282660364505131   16   13    2    1
 -0.004902690162948542   16   13    3    2
 -0.01602547724127091   16   13    6    5
 -0.01602547724127093   16   13    7    4
 0.007389834943142549   16   13    8    1
 0.00346019788164718   16   13    8    3
 0.002167463551543234   16   13    9    2
 -0.0005191422063669148   16   13    9    8
 -0.001470704549753246   16   13   10    7
 -0.001470704549753277   16   13   11    6
 -0.0003582666274547876   16   13   12    1
 0.001233804693868324   16   13   12    3
 0.004547998224113539   16   13   12    9
 -0.00021259950336376   16   13   13    2
 -0.001015671817964325   16   13   13    8
 0.0006797819980569458   16   13   13   12
 -0.0004883013605065608   16   13   14    5
 -0.01239341154858127   16   13   14   11
 -0.0004883013605065403   16   13   15    4
 -0.0123934115485812   16   13   15   10
 -0.001465933113104216   16   13   16    1
 -0.001826794369707447   16   13   16    3
 -0.009870559998199708   16   13   16    9
 0.007734893187207301   16   13   16   13
 -0.03684369849814324   16   14    5    1
 -0.007996410005770191   16   14    5    3
 -0.03624448724883298   16   14    6    2
 0.0118523555119718   16   14    8    6
 0.0006053835220709952   16   14    9    5
 -0.007195135568672818   16   14   11    1
 0.002313550383311146   16   14   11    3
 0.02932325780744708   16   14   11    9
 0.00169438567672917   16   14   12    6
 0.002346050245467457   16   14   13    5
 -0.01897688263652566   16   14   13   11
 -0.007343963208687932   16   14   14    2
 0.00386052829970994   16   14   14    8
 -0.0168761466826187   16   14   14   12
 -0.003730382372087622   16   14   16    6
 0.03122168169853155   16   14   16   14
 -0.03684369849814324   16   15    4    1
 -0.007996410005770189   16   15    4    3
 -0.03624448724883298   16   15    7    2
 0.0118523555119718   16   15    8    7
 0.0006053835220710056   16   15    9    4
 -0.007195135568672822   16   15   10    1
 0.002313550383311139   16   15   10    3
 0.02932325780744707   16   15   10    9
 0.001694385676729169   16   15   12    7
 0.002346050245467448   16   15   13    4
 -0.01897688263652567   16   15   13   10
 -0.007343963208687955   16   15   15    2
 0.003860528299709951   16   15   15    8
 -0.0168761466826187   16   15   15   12
 -0.003730382372087612   16   15   16    7
 0.03122168169853155   16   15   16   15
 0.3887803273253408   16   16    1    1
 0.3803623194834315   16   16    2    2
 0.05462726188629731   16   16    3    1
 0.3771097293692176   16   16    3    3
 0.3685480971192277   16   16    4    4
 0.3685480971192277   16   16    5    5
 0.3696324102270384   16   16    6    6
 0.3696324102270384   16   16    7    7
 -0.06091537299620386   16   16    8    2
 0.3913783489940347   16   16    8    8
 -0.04058040646312577   16   16    9    1
 -0.03353703072565819   16   16    9    3
 0.420554839060192   16   16    9    9
 0.05896177235486696   16   16   10    4
 0.348496154641064   16   16   10   10
 0.0589617723548669   16   16   11    5
 0.3484961546410639   16   16   11   11
 0.03124549514670153   16   16   12    2
 0.05107011672606904   16   16   12    8
 0.2915396916663919   16   16   12   12
 0.03227555327101252   16   16   13    1
 -0.04318338245273732   16   16   13    3
 0.002874659466239402   16   16   13    9
 0.2934271207989372   16   16   13   13
 0.06206693038517035   16   16   14    6
 0.3403536430336961   16   16   14   14
 0.06206693038517044   16   16   15    7
 0.3403536430336961   16   16   15   15
 -0.03271569395717537   16   16   16    2
 0.04753721273997051   16   16   16    8
 -0.001234051548325984   16   16   16   12
 0.3937931149040191   16   16   16   16
 -4.411304250860336    1    1  0  0
 -4.395104230025951    2    2  0  0
 -0.1054064557366564    3    1  0  0
 -3.853031006330168    3    3  0  0
 -3.805205049486642    4    4  0  0
 -3.805205049486642    5    5  0  0
 -3.822573189052234    6    6  0  0
 -3.822573189052233    7    7  0  0
 0.1923179356817553    8    2  0  0
 -3.902269754868912    8    8  0  0
 0.3230176632613261    9    1  0  0
 0.4419350181545108    9    3  0  0
 -3.038831473042908    9    9  0  0
 -0.7095276108450087   10    4  0  0
 -2.712303181200217   10   10  0  0
 -0.7095276108450087   11    5  0  0
 -2.712303181200217   11   11  0  0
 -0.4150428088034007   12    2  0  0
 -0.5407238624254761   12    8  0  0
 -2.421928672579673   12   12  0  0
 -0.4091269784992492   13    1  0  0
 0.485135391626029   13    3  0  0
 -0.09358197546817505   13    9  0  0
 -2.393691215305401   13   13  0  0
 -0.7205723617504874   14    6  0  0
 -2.585808210290841   14   14  0  0
 -0.7205723617504884   15    7  0  0
 -2.585808210290842   15   15  0  0
 0.2904402883633231   16    2  0  0
 -0.4546301726375185   16    8  0  0
 -0.02702600209352737   16   12  0  0
 -1.197123851750543e-15   16   13  0  0
 -2.428495406757648   16   16  0  0
 -84.63834785780351  0  0  0  0
