 &FCI NORB=  16,NELEC=10,MS2=0,
  ORBSYM=1,1,1,1,1,1,1,1,1,1,1,1,1,1,1,1
  ISYM=1,
 &END
 0.8858953772035919    1    1    1    1
 0.03943251053368874    2    1    2    1
 0.5347592527339927    2    2    1    1
 0.5436928978530896    2    2    2    2
 0.09983892052430121    3    1    3    1
 0.04515681880085488    3    2    3    2
 0.6579003819375698    3    3    1    1
 0.5085668785627405    3    3    2    2
 0.5909918279418971    3    3    3    3
 0.09983892052430121    4    1    4    1
 0.04515681880085488    4    2    4    2
 0.02356549800161433    4    3    4    3
 0.6579003819375698    4    4    1    1
 0.5085668785627405    4    4    2    2
 0.5438608319386683    4    4    3    3
 0.5909918279418971    4    4    4    4
 -0.1424928231935268    5    1    1    1
 -0.01263557336780783    5    1    2    2
 -0.05603485776339625    5    1    3    3
 -0.05603485776339625    5    1    4    4
 0.05604235953036386    5    1    5    1
 0.07586516810734042    5    2    2    1
 0.215374472428995    5    2    5    2
 0.02009932635971423    5    3    3    1
 0.0299373133019641    5    3    5    3
 0.02009932635971423    5    4    4    1
 0.0299373133019641    5    4    5    4
 0.5770215897120927    5    5    1    1
 0.5478771448701238    5    5    2    2
 0.5168759633133002    5    5    3    3
 0.5168759633133001    5    5    4    4
 -0.03529596575590493    5    5    5    1
 0.565924416712507    5    5    5    5
 -0.03139593902092733    6    1    4    2
 0.02755524181918521    6    1    6    1
 -0.06168353579720641    6    2    4    1
 -0.04043753941737689    6    2    5    4
 0.07012733318437044    6    2    6    2
 0.0138747735252548    6    3    6    3
 -0.06847216741979009    6    4    2    1
 -0.1381554017134497    6    4    5    2
 0.1368801484236612    6    4    6    4
 -0.03713018409296872    6    5    4    2
 0.02047034766689066    6    5    6    1
 0.03696064156860524    6    5    6    5
 0.5361046801989765    6    6    1    1
 0.4763899749358821    6    6    2    2
 0.4751075120126569    6    6    3    3
 0.5113683162950299    6    6    4    4
 -0.02565036223011019    6    6    5    1
 0.4778058512443144    6    6    5    5
 0.4698617238754804    6    6    6    6
 -0.0313959390209274    7    1    3    2
 0.02755524181918534    7    1    7    1
 -0.06168353579720648    7    2    3    1
 -0.04043753941737691    7    2    5    3
 0.07012733318437055    7    2    7    2
 -0.06847216741979024    7    3    2    1
 -0.1381554017134499    7    3    5    2
 0.1091306013731518    7    3    6    4
 0.1368801484236617    7    3    7    3
 0.01387477352525483    7    4    6    3
 0.01387477352525485    7    4    7    4
 -0.03713018409296875    7    5    3    2
 0.0204703476668907    7    5    7    1
 0.03696064156860526    7    5    7    5
 0.01813040214118656    7    6    4    3
 0.01779151924127687    7    6    7    6
 0.5361046801989776    7    7    1    1
 0.4763899749358828    7    7    2    2
 0.5113683162950307    7    7    3    3
 0.4751075120126576    7    7    4    4
 -0.02565036223011043    7    7    5    1
 0.4778058512443152    7    7    5    5
 0.4342786853929275    7    7    6    6
 0.4698617238754816    7    7    7    7
 -0.02378882007900493    8    1    2    1
 -0.03436579001792204    8    1    5    2
 0.04030447464131541    8    1    6    4
 0.04030447464131554    8    1    7    3
 0.01755943806639549    8    1    8    1
 -0.100838605830972    8    2    1    1
 -0.05707757266792526    8    2    2    2
 -0.0806016750365121    8    2    3    3
 -0.08060167503651219    8    2    4    4
 0.01347179315829305    8    2    5    1
 -0.05627301779883876    8    2    5    5
 -0.05838087263310653    8    2    6    6
 -0.0583808726331068    8    2    7    7
 -1.751504393834713e-15    8    2    8    1
 0.03465441949527628    8    2    8    2
 -0.01943195313854772    8    3    3    2
 0.01686540724445719    8    3    7    1
 0.01136490772173411    8    3    7    5
 0.01245515033941846    8    3    8    3
 -0.01943195313854772    8    4    4    2
 0.01686540724445715    8    4    6    1
 0.01136490772173411    8    4    6    5
 0.01245515033941843    8    4    8    4
 -0.001627903119945104    8    5    2    1
 0.008693143761091144    8    5    5    2
 0.001757420244278562    8    5    6    4
 0.001757420244278612    8    5    7    3
 0.005399429106043485    8    5    8    1
 -1.798820210836336e-15    8    5    8    2
 0.021797468629022    8    5    8    5
 0.02887000466454183    8    6    4    1
 0.008517351835927445    8    6    5    4
 -0.0189694379646637    8    6    6    2
 0.0161540652902138    8    6    8    6
 0.02887000466454195    8    7    3    1
 0.008517351835927481    8    7    5    3
 -0.01896943796466386    8    7    7    2
 0.01615406529021369    8    7    8    7
 0.3577833143366361    8    8    1    1
 0.3646073467576528    8    8    2    2
 0.343913403671258    8    8    3    3
 0.3439134036712598    8    8    4    4
 -0.00545094899178327    8    8    5    1
 -3.247799869158695e-15    8    8    5    2
 0.3679644444506659    8    8    5    5
 1.165774167592799e-15    8    8    6    4
 0.3362260209714218    8    8    6    6
 2.084006283985091e-15    8    8    7    3
 0.3362260209714223    8    8    7    7
 1.027281944212251e-14    8    8    8    1
 0.002530884043729664    8    8    8    2
 3.044639506042145e-15    8    8    8    5
 0.351940324238862    8    8    8    8
 -0.08850999287659247    9    1    1    1
 -0.02316507385730222    9    1    2    2
 -0.0325623572978181    9    1    3    3
 -0.03256235729781812    9    1    4    4
 0.03595097821931256    9    1    5    1
 -0.04030088557209104    9    1    5    5
 -0.02126342130911475    9    1    6    6
 -0.02126342130911487    9    1    7    7
 0.005813693254634123    9    1    8    2
 -0.01334443958697793    9    1    8    8
 0.03262728278907689    9    1    9    1
 -0.00162981289611998    9    2    2    1
 -0.01667517220112378    9    2    5    2
 0.003436153731181768    9    2    6    4
 0.003436153731181771    9    2    7    3
 -0.0036170980981844    9    2    8    1
 -0.01702008200174005    9    2    8    5
 1.387915638983987e-15    9    2    8    8
 0.01469518522381527    9    2    9    2
 0.02146243260522616    9    3    3    1
 0.0116647779003587    9    3    5    3
 -0.01750690652535482    9    3    7    2
 0.009562063771446437    9    3    8    7
 0.01752699724878256    9    3    9    3
 0.02146243260522616    9    4    4    1
 0.0116647779003587    9    4    5    4
 -0.01750690652535482    9    4    6    2
 0.009562063771446487    9    4    8    6
 0.01752699724878255    9    4    9    4
 0.116321324357669    9    5    1    1
 0.03692753583154668    9    5    2    2
 0.07110660522853018    9    5    3    3
 0.07110660522853017    9    5    4    4
 -0.03078550904881228    9    5    5    1
 0.04622286037944093    9    5    5    5
 0.04475024546685035    9    5    6    6
 0.04475024546685054    9    5    7    7
 -0.03027918918793861    9    5    8    2
 -0.007406107473792533    9    5    8    8
 -0.01642868448031509    9    5    9    1
 0.03610281412141479    9    5    9    5
 -0.002467609797426797    9    6    4    2
 0.001989063770040731    9    6    6    1
 6.043527459501196e-05    9    6    6    5
 0.004583618355793693    9    6    8    4
 0.006669965723138166    9    6    9    6
 -0.002467609797426816    9    7    3    2
 0.001989063770040738    9    7    7    1
 6.043527459505274e-05    9    7    7    5
 0.004583618355793684    9    7    8    3
 0.00666996572313814    9    7    9    7
 -0.02959023496938617    9    8    2    1
 -0.09142185578898708    9    8    5    2
 0.05648260808993097    9    8    6    4
 0.05648260808993091    9    8    7    3
 0.006936279773511008    9    8    8    1
 -0.03330153708257056    9    8    8    5
 -3.98507800373451e-14    9    8    8    8
 0.02832466702201226    9    8    9    2
 0.09360443613835444    9    8    9    8
 0.4460346751425479    9    9    1    1
 0.3830805531980903    9    9    2    2
 0.4006014660569968    9    9    3    3
 0.4006014660569968    9    9    4    4
 -0.02775796802893277    9    9    5    1
 0.3928944022455499    9    9    5    5
 0.3688623210500441    9    9    6    6
 0.3688623210500441    9    9    7    7
 -0.02144289705771599    9    9    8    2
 1.338730392465405e-15    9    9    8    5
 0.3294564541512755    9    9    8    8
 -0.01607884163152326    9    9    9    1
 0.02342287610719778    9    9    9    5
 3.230103301438861e-15    9    9    9    8
 0.3534173440037477    9    9    9    9
 0.03515015896033204   10    1    3    1
 -0.0001543590966427623   10    1    5    3
 -0.01583315194701106   10    1    7    2
 0.0110251795425434   10    1    8    7
 -0.002405706627221723   10    1    9    3
 0.02267354605989089   10    1   10    1
 0.01288836347404231   10    2    3    2
 -0.009563572547456241   10    2    7    1
 -0.006726625921278699   10    2    7    5
 -0.008455851437738211   10    2    8    3
 -0.002293228997592983   10    2    9    7
 0.01276535484831267   10    2   10    2
 0.1590595488545707   10    3    1    1
 0.09414186800890879   10    3    2    2
 0.1134201984582549   10    3    3    3
 0.1058395933096223   10    3    4    4
 -0.0315606271222541   10    3    5    1
 0.1025516529441985   10    3    5    5
 0.08006691680630862   10    3    6    6
 0.08363864543572391   10    3    7    7
 -0.03115356825453861   10    3    8    2
 0.03520238622359265   10    3    8    8
 -0.0292232093996136   10    3    9    1
 0.02864107055488855   10    3    9    5
 0.03950923234057165   10    3    9    9
 0.07335840403494205   10    3   10    3
 0.003790302574316308   10    4    4    3
 0.001785864314707429   10    4    7    6
 0.007974251542582748   10    4   10    4
 -0.01248805117822829   10    5    3    1
 0.002745513011155418   10    5    5    3
 0.003147823065529601   10    5    7    2
 0.001892809563143005   10    5    8    7
 -0.003553977087536137   10    5    9    3
 -7.69959370528882e-05   10    5   10    1
 0.01249635831448087   10    5   10    5
 0.002480081543609355   10    6    6    3
 0.002480081543609376   10    6    7    4
 0.006337474638643311   10    6   10    6
 -0.02059936685337919   10    7    2    1
 -0.03053880484377391   10    7    5    2
 0.03053590903573543   10    7    6    4
 0.03549607212295435   10    7    7    3
 0.01749981054994814   10    7    8    1
 0.01246233372945952   10    7    8    5
 -0.007835172216138865   10    7    9    2
 -0.009073909070089904   10    7    9    8
 0.04307465781900315   10    7   10    7
 -0.01300049599849893   10    8    3    2
 0.00983750903895044   10    8    7    1
 0.01036185052009593   10    8    7    5
 0.004402963777211547   10    8    8    3
 -0.00332250016369334   10    8    9    7
 -0.004592166043197943   10    8   10    2
 0.007544572934821316   10    8   10    8
 -0.02750034621508846   10    9    3    1
 -0.004814040126026164   10    9    5    3
 0.0136657266472233   10    9    7    2
 -0.0101369497821805   10    9    8    7
 -0.01525257579561157   10    9    9    3
 -0.002718887203808283   10    9   10    1
 0.009270525749408051   10    9   10    5
 0.02213976137402702   10    9   10    9
 0.5069499743696242   10   10    1    1
 0.4173055229725167   10   10    2    2
 0.4706289013758579   10   10    3    3
 0.4397197177314204   10   10    4    4
 -0.03423666428813265   10   10    5    1
 0.4234465069292287   10   10    5    5
 0.3962609545695702   10   10    6    6
 0.4236327773406149   10   10    7    7
 -0.05346982597661726   10   10    8    2
 0.3047205498841952   10   10    8    8
 -0.01952863326009536   10   10    9    1
 0.04990156775193417   10   10    9    5
 0.3524092758895955   10   10    9    9
 0.063303025288965   10   10   10    3
 0.414533882654451   10   10   10   10
 0.03515015896033204   11    1    4    1
 -0.0001543590966427627   11    1    5    4
 -0.015833151947011   11    1    6    2
 0.01102517954254334   11    1    8    6
 -0.00240570662722172   11    1    9    4
 0.02267354605989089   11    1   11    1
 0.01288836347404231   11    2    4    2
 -0.009563572547456206   11    2    6    1
 -0.00672662592127866   11    2    6    5
 -0.008455851437738188   11    2    8    4
 -0.002293228997592986   11    2    9    6
 0.01276535484831267   11    2   11    2
 0.003790302574316309   11    3    4    3
 0.00178586431470743   11    3    7    6
 0.007974251542582748   11    3   10    4
 0.007974251542582748   11    3   11    3
 0.1590595488545707   11    4    1    1
 0.09414186800890874   11    4    2    2
 0.1058395933096222   11    4    3    3
 0.1134201984582549   11    4    4    4
 -0.03156062712225408   11    4    5    1
 0.1025516529441985   11    4    5    5
 0.08363864543572347   11    4    6    6
 0.08006691680630899   11    4    7    7
 -0.03115356825453851   11    4    8    2
 0.03520238622359385   11    4    8    8
 -0.02922320939961358   11    4    9    1
 0.02864107055488849   11    4    9    5
 0.03950923234057168   11    4    9    9
 0.05740990094977656   11    4   10    3
 0.06647774391706777   11    4   10   10
 0.07335840403494208   11    4   11    4
 -0.01248805117822829   11    5    4    1
 0.002745513011155418   11    5    5    4
 0.003147823065529632   11    5    6    2
 0.001892809563143033   11    5    8    6
 -0.003553977087536137   11    5    9    4
 -7.699593705288637e-05   11    5   11    1
 0.01249635831448087   11    5   11    5
 -0.02059936685337903   11    6    2    1
 -0.03053880484377352   11    6    5    2
 0.03549607212295382   11    6    6    4
 0.03053590903573525   11    6    7    3
 0.0174998105499479   11    6    8    1
 0.01246233372945955   11    6    8    5
 -2.833150351001656e-15   11    6    8    8
 -0.007835172216138888   11    6    9    2
 -0.00907390907009019   11    6    9    8
 0.03039970854171645   11    6   10    7
 0.04307465781900296   11    6   11    6
 0.002480081543609388   11    7    6    3
 0.002480081543609409   11    7    7    4
 0.006337474638643312   11    7   10    6
 0.006337474638643315   11    7   11    7
 -0.01300049599849895   11    8    4    2
 0.009837509038950434   11    8    6    1
 0.01036185052009591   11    8    6    5
 0.004402963777211433   11    8    8    4
 -0.00332250016369341   11    8    9    6
 -0.004592166043197977   11    8   11    2
 0.007544572934821595   11    8   11    8
 -0.02750034621508846   11    9    4    1
 -0.004814040126026161   11    9    5    4
 0.01366572664722329   11    9    6    2
 -0.01013694978218043   11    9    8    6
 -0.01525257579561157   11    9    9    4
 -0.002718887203808284   11    9   11    1
 0.009270525749408043   11    9   11    5
 0.02213976137402703   11    9   11    9
 0.01545459182221877   11   10    4    3
 0.01368591138552216   11   10    7    6
 -0.001587359314051365   11   10   10    4
 -0.001587359314051365   11   10   11    3
 0.01741243366173039   11   10   11   10
 0.5069499743696242   11   11    1    1
 0.4173055229725166   11   11    2    2
 0.4397197177314203   11   11    3    3
 0.4706289013758579   11   11    4    4
 -0.03423666428813264   11   11    5    1
 0.4234465069292287   11   11    5    5
 0.4236327773406145   11   11    6    6
 0.3962609545695705   11   11    7    7
 -0.05346982597661765   11   11    8    2
 0.3047205498842034   11   11    8    8
 -0.01952863326009531   11   11    9    1
 0.04990156775193409   11   11    9    5
 0.3524092758895951   11   11    9    9
 0.06647774391706775   11   11   10    3
 0.3797090153309903   11   11   10   10
 0.06330302528896505   11   11   11    4
 0.414533882654451   11   11   11   11
 -0.07259813387437665   12    1    1    1
 -0.04327948348440958   12    1    2    2
 -0.04685341213596464   12    1    3    3
 -0.04685341213596463   12    1    4    4
 0.01555960023165294   12    1    5    1
 -0.0477608543821645   12    1    5    5
 -0.03597979668262549   12    1    6    6
 -0.03597979668262567   12    1    7    7
 0.01405731876521695   12    1    8    2
 -0.01499059255337946   12    1    8    8
 0.01645703347452373   12    1    9    1
 -0.01303609594487467   12    1    9    5
 -0.01537667638657241   12    1    9    9
 -0.03077619474786665   12    1   10    3
 -0.02766349132990807   12    1   10   10
 -0.03077619474786666   12    1   11    4
 -0.02766349132990808   12    1   11   11
 0.01615807239328881   12    1   12    1
 -0.03427656927980692   12    2    2    1
 -0.08796063308898713   12    2    5    2
 0.05869848729867541   12    2    6    4
 0.05869848729867558   12    2    7    3
 0.02132669316907793   12    2    8    1
 0.01546107847121526   12    2    8    5
 -1.127192126498755e-15   12    2    8    8
 -0.007477979614823308   12    2    9    2
 0.007437443832569171   12    2    9    8
 0.03837293486329827   12    2   10    7
 0.03837293486329813   12    2   11    6
 0.065334147352042   12    2   12    2
 -0.0008377760758191884   12    3    3    1
 -0.001818423805490627   12    3    5    3
 0.003465505514494782   12    3    7    2
 -0.005229629830151769   12    3    8    7
 0.008883586610451999   12    3    9    3
 -0.01192684825497325   12    3   10    1
 -0.01270074997639919   12    3   10    5
 -0.01095976753188321   12    3   10    9
 0.02063425667741695   12    3   12    3
 -0.0008377760758191904   12    4    4    1
 -0.001818423805490625   12    4    5    4
 0.003465505514494733   12    4    6    2
 -0.005229629830151733   12    4    8    6
 0.008883586610451999   12    4    9    4
 -0.01192684825497325   12    4   11    1
 -0.01270074997639919   12    4   11    5
 -0.01095976753188319   12    4   11    9
 0.02063425667741695   12    4   12    4
 -0.07540487370277739   12    5    1    1
 -0.1037053877260105   12    5    2    2
 -0.07487178380510708   12    5    3    3
 -0.07487178380510706   12    5    4    4
 0.0002172607880478188   12    5    5    1
 -0.1065821007076593   12    5    5    5
 -0.06563586205328151   12    5    6    6
 -0.06563586205328178   12    5    7    7
 0.02702606624140487   12    5    8    2
 -0.02358920277862094   12    5    8    8
 0.009244814889521839   12    5    9    1
 -0.01798525368102941   12    5    9    5
 -0.02507239727516715   12    5    9    9
 -0.04275321967451638   12    5   10    3
 -0.04711950355683512   12    5   10   10
 -0.04275321967451635   12    5   11    4
 -0.04711950355683509   12    5   11   11
 0.02026524328929269   12    5   12    1
 0.06088525626495671   12    5   12    5
 0.008627652878637163   12    6    4    2
 -0.005771258096349756   12    6    6    1
 -0.002848808452617205   12    6    6    5
 -0.007051866207926544   12    6    8    4
 -0.002691337986750741   12    6    9    6
 0.01455357552046549   12    6   11    2
 -0.002953187249348107   12    6   11    8
 0.01832845133076915   12    6   12    6
 0.008627652878637263   12    7    3    2
 -0.005771258096349858   12    7    7    1
 -0.002848808452617346   12    7    7    5
 -0.007051866207926593   12    7    8    3
 -0.002691337986750721   12    7    9    7
 0.0145535755204655   12    7   10    2
 -0.002953187249348092   12    7   10    8
 0.01832845133076915   12    7   12    7
 0.0291471916955996   12    8    2    1
 0.07933498709254924   12    8    5    2
 -0.05322579656165968   12    8    6    4
 -1.329854664435769e-15   12    8    6    6
 -0.05322579656165972   12    8    7    3
 -1.227865232115896e-15   12    8    7    7
 -0.01160610856876279   12    8    8    1
 1.105971867637833e-15   12    8    8    2
 0.01669944693259306   12    8    8    5
 1.780397085809459e-14   12    8    8    8
 -0.01629992554624926   12    8    9    2
 -0.05923507328321825   12    8    9    8
 -0.008648915178594759   12    8   10    7
 -0.008648915178594372   12    8   11    6
 -0.02358833753140022   12    8   12    2
 0.04565788431022902   12    8   12    8
 0.05028425978889109   12    9    1    1
 -0.001846498014255587   12    9    2    2
 0.03483174288368689   12    9    3    3
 0.03483174288368684   12    9    4    4
 -0.01089365243754124   12    9    5    1
 -0.002414318284650962   12    9    5    5
 0.01572358240998975   12    9    6    6
 0.01572358240998989   12    9    7    7
 -0.01784630991501011   12    9    8    2
 -0.02300143272942795   12    9    8    8
 0.00584863402057667   12    9    9    1
 0.02062191840051847   12    9    9    5
 1.636998565621472e-15   12    9    9    8
 0.0120487316045601   12    9    9    9
 -0.003982223502642059   12    9   10    3
 0.02975794875270996   12    9   10   10
 -0.00398222350264211   12    9   11    4
 0.0297579487527099   12    9   11   11
 0.003294117097677962   12    9   12    1
 0.007174377112459315   12    9   12    5
 1.833966283661815e-15   12    9   12    8
 0.03236827877442718   12    9   12    9
 -0.05273071180656325   12   10    3    1
 -0.02998819373198013   12   10    5    3
 0.05302945870981919   12   10    7    2
 -0.01419858718998068   12   10    8    7
 -0.02219544368644409   12   10    9    3
 -0.007440195879191041   12   10   10    1
 0.01045498899800114   12   10   10    5
 0.02350444146123371   12   10   10    9
 -0.009263767158120566   12   10   12    3
 0.05619176709557949   12   10   12   10
 -0.05273071180656325   12   11    4    1
 -0.02998819373198014   12   11    5    4
 0.05302945870981916   12   11    6    2
 -0.01419858718998061   12   11    8    6
 -0.02219544368644408   12   11    9    4
 -0.007440195879191036   12   11   11    1
 0.01045498899800114   12   11   11    5
 0.02350444146123369   12   11   11    9
 -0.00926376715812058   12   11   12    4
 0.05619176709557949   12   11   12   11
 0.4760730495857343   12   12    1    1
 0.4561939956039792   12   12    2    2
 0.450336006889718   12   12    3    3
 0.450336006889718   12   12    4    4
 -0.01548649809434105   12   12    5    1
 0.4607763555820706   12   12    5    5
 0.4186673970995002   12   12    6    6
 0.4186673970995006   12   12    7    7
 -0.04676850003443215   12   12    8    2
 0.3293639918470063   12   12    8    8
 -0.01399787503196375   12   12    9    1
 0.03667806102379917   12   12    9    5
 3.323267850413369e-15   12   12    9    8
 0.3585823165186027   12   12    9    9
 0.06397733201512137   12   12   10    3
 0.3889728541607178   12   12   10   10
 0.06397733201512136   12   12   11    4
 0.3889728541607178   12   12   11   11
 -0.02761510481017112   12   12   12    1
 -0.06946287409677228   12   12   12    5
 1.643280774404625e-15   12   12   12    8
 0.01109628495513679   12   12   12    9
 0.409593315272327   12   12   12   12
 -0.02092763052265915   13    1    4    2
 0.02183113208327144   13    1    6    1
 0.008804680995120228   13    1    6    5
 0.01406010932125451   13    1    8    4
 0.0009962132759424142   13    1    9    6
 -0.01192729058823579   13    1   11    2
 0.008227579761429769   13    1   11    8
 -0.01071399013047943   13    1   12    6
 0.02235062079007907   13    1   13    1
 -0.0261008016656468   13    2    4    1
 -0.01048304259545882   13    2    5    4
 0.02060323898071836   13    2    6    2
 -0.01530517690786039   13    2    8    6
 -0.004225995453196706   13    2    9    4
 -0.01555346373950576   13    2   11    1
 -0.009329297409575773   13    2   11    5
 0.002318250485099383   13    2   11    9
 0.01604384613144719   13    2   12    4
 0.009988878970584094   13    2   12   11
 0.02272066645190552   13    2   13    2
 0.007302159897858879   13    3    6    3
 0.007302159897858908   13    3    7    4
 0.006587129729617967   13    3   10    6
 0.006587129729617984   13    3   11    7
 0.008778765833712097   13    3   13    3
 -0.04285908687387328   13    4    2    1
 -0.07145174339607725   13    4    5    2
 0.08060864562878982   13    4    6    4
 0.06600432583307229   13    4    7    3
 0.03121111459936839   13    4    8    1
 0.01220215867094686   13    4    8    5
 -1.009451923626347e-15   13    4    8    8
 -0.006843497925011451   13    4    9    2
 0.0102971601608964   13    4    9    8
 0.03892066746667644   13    4   10    7
 0.05209492692591213   13    4   11    6
 0.05397342095723012   13    4   12    2
 -0.02559245828267228   13    4   12    8
 0.0771685355563117   13    4   13    4
 -0.00877058886195676   13    5    4    2
 0.002924344211307239   13    5    6    1
 0.006509434016720972   13    5    6    5
 0.00565462708482878   13    5    8    4
 0.00460107597559201   13    5    9    6
 -0.01065525817981285   13    5   11    2
 0.001118096992733803   13    5   11    8
 -0.01322894550937825   13    5   12    6
 0.004179943816781061   13    5   13    1
 0.01281877072378293   13    5   13    5
 0.1861382797300767   13    6    1    1
 0.115086386878712   13    6    2    2
 0.132507147129079   13    6    3    3
 0.1465406020556094   13    6    4    4
 -0.03035044358459211   13    6    5    1
 0.1206075641860051   13    6    5    5
 0.1061967212107837   13    6    6    6
 0.09943179679521645   13    6    7    7
 -0.04321623352228317   13    6    8    2
 0.03591162854205832   13    6    8    8
 -0.02399656621993401   13    6    9    1
 0.03823995832958158   13    6    9    5
 0.05280374587729188   13    6    9    9
 0.06284924036279245   13    6   10    3
 0.08625898710094061   13    6   10   10
 0.07790913499914437   13    6   11    4
 0.08813125418525936   13    6   11   11
 -0.03184398948289744   13    6   12    1
 -0.05100226382475102   13    6   12    5
 0.007965398394702849   13    6   12    9
 0.08384470301293545   13    6   12   12
 0.09367198985539094   13    6   13    6
 0.007016727463265269   13    7    4    3
 0.00338246220778384   13    7    7    6
 0.007529947318176002   13    7   10    4
 0.007529947318176002   13    7   11    3
 0.0009361335421593993   13    7   11   10
 0.009398162681941623   13    7   13    7
 0.02992222680350438   13    8    4    1
 0.01500066193551327   13    8    5    4
 -0.03036061983206495   13    8    6    2
 0.004383633358325111   13    8    8    6
 0.003916262331068928   13    8    9    4
 0.01061657526305393   13    8   11    1
 -0.002976901620719305   13    8   11    5
 -0.002169929605598658   13    8   11    9
 -0.002680189242045698   13    8   12    4
 -0.02369744851082198   13    8   12   11
 -0.008185669696184977   13    8   13    2
 0.0198127517362969   13    8   13    8
 -0.00638085640161319   13    9    4    2
 0.001495675032159735   13    9    6    1
 0.009341914418538979   13    9    6    5
 -0.001217618436833418   13    9    8    4
 -0.003761279275588125   13    9    9    6
 0.0008628531980960743   13    9   11    2
 0.004831168269349723   13    9   11    8
 0.002540554725193129   13    9   12    6
 -0.001827180299837698   13    9   13    1
 -0.000499409134140414   13    9   13    5
 0.007599705674282834   13    9   13    9
 0.009866981467377207   13   10    6    3
 0.009866981467377222   13   10    7    4
 0.001248731765305407   13   10   10    6
 0.001248731765305437   13   10   11    7
 0.005116924148293463   13   10   13    3
 0.009870917881988839   13   10   13   10
 -0.05563751357210402   13   11    2    1
 -0.1133474737524098   13   11    5    2
 0.1121548493106414   13   11    6    4
 0.09242088637588725   13   11    7    3
 0.03296395378972893   13   11    8    1
 -0.002094349673220809   13   11    8    5
 3.326784425752774e-15   13   11    8    8
 0.005156479586494767   13   11    9    2
 0.05180767949038125   13   11    9    8
 0.02650351614603422   13   11   10    7
 0.02900097967664461   13   11   11    6
 0.04820508192248688   13   11   12    2
 -0.04945124585357464   13   11   12    8
 0.06775458754226105   13   11   13    4
 0.1052056579144883   13   11   13   11
 0.03225855955909303   13   12    4    2
 -0.02147995857250177   13   12    6    1
 -0.02887099540798153   13   12    6    5
 -0.01156823687960129   13   12    8    4
 0.001098784752428128   13   12    9    6
 0.006537629452921345   13   12   11    2
 -0.01182411195324791   13   12   11    8
 0.001426521856351785   13   12   12    6
 -0.01279748966184538   13   12   13    1
 -0.003138308423430194   13   12   13    5
 -0.007910672958638535   13   12   13    9
 0.03024956525379047   13   12   13   12
 0.5411097701569429   13   13    1    1
 0.455080781658925   13   13    2    2
 0.4667302510169331   13   13    3    3
 0.4970732598631766   13   13    4    4
 -0.03833012740504464   13   13    5    1
 0.4622720070789227   13   13    5    5
 0.4514149512275525   13   13    6    6
 0.4222454529413278   13   13    7    7
 -0.05788819640951047   13   13    8    2
 0.3277017171887917   13   13    8    8
 -0.03188130920038729   13   13    9    1
 0.04989711071798317   13   13    9    5
 0.3590049918111233   13   13    9    9
 0.08901290561028298   13   13   10    3
 0.3930668668129696   13   13   10   10
 0.0954972257704496   13   13   11    4
 0.4205002927147937   13   13   11   11
 -0.04092182588118368   13   13   12    1
 -0.06597214563518661   13   13   12    5
 0.01180454189944602   13   13   12    9
 0.4073738426039968   13   13   12   12
 0.1135189312178799   13   13   13    6
 0.4543881150019896   13   13   13   13
 -0.02092763052265904   14    1    3    2
 0.02183113208327142   14    1    7    1
 0.008804680995120173   14    1    7    5
 0.01406010932125444   14    1    8    3
 0.0009962132759423958   14    1    9    7
 -0.01192729058823577   14    1   10    2
 0.008227579761429762   14    1   10    8
 -0.01071399013047945   14    1   12    7
 0.02235062079007892   14    1   14    1
 -0.0261008016656466   14    2    3    1
 -0.01048304259545869   14    2    5    3
 0.0206032389807182   14    2    7    2
 -0.01530517690786036   14    2    8    7
 -0.004225995453196643   14    2    9    3
 -0.0155534637395057   14    2   10    1
 -0.00932929740957578   14    2   10    5
 0.002318250485099346   14    2   10    9
 0.01604384613144718   14    2   12    3
 0.009988878970583934   14    2   12   10
 0.02272066645190536   14    2   14    2
 -0.04285908687387306   14    3    2    1
 -0.07145174339607684   14    3    5    2
 0.06600432583307177   14    3    6    4
 0.08060864562878964   14    3    7    3
 0.0312111145993684   14    3    8    1
 0.01220215867094674   14    3    8    5
 1.771742710349473e-15   14    3    8    8
 -0.006843497925011491   14    3    9    2
 0.01029716016089645   14    3    9    8
 0.05209492692591228   14    3   10    7
 0.03892066746667619   14    3   11    6
 0.05397342095722989   14    3   12    2
 -0.02559245828267231   14    3   12    8
 0.0596110038888873   14    3   13    4
 0.05752073924567385   14    3   13   11
 0.07716853555631115   14    3   14    3
 0.007302159897858835   14    4    6    3
 0.007302159897858862   14    4    7    4
 0.006587129729617959   14    4   10    6
 0.006587129729617974   14    4   11    7
 0.008778765833712074   14    4   13    3
 0.005116924148293432   14    4   13   10
 0.008778765833712048   14    4   14    4
 -0.008770588861956636   14    5    3    2
 0.002924344211307184   14    5    7    1
 0.006509434016720894   14    5    7    5
 0.0056546270848287   14    5    8    3
 0.00460107597559201   14    5    9    7
 -0.01065525817981283   14    5   10    2
 0.001118096992733759   14    5   10    8
 -0.01322894550937825   14    5   12    7
 0.004179943816781022   14    5   14    1
 0.01281877072378289   14    5   14    5
 0.007016727463265162   14    6    4    3
 0.003382462207783739   14    6    7    6
 0.007529947318175989   14    6   10    4
 0.007529947318175989   14    6   11    3
 0.0009361335421593099   14    6   11   10
 0.009398162681941599   14    6   13    7
 0.009398162681941574   14    6   14    6
 0.1861382797300767   14    7    1    1
 0.1150863868787121   14    7    2    2
 0.1465406020556093   14    7    3    3
 0.1325071471290789   14    7    4    4
 -0.03035044358459211   14    7    5    1
 0.120607564186005   14    7    5    5
 0.09943179679521606   14    7    6    6
 0.1061967212107843   14    7    7    7
 -0.04321623352228424   14    7    8    2
 0.03591162854206154   14    7    8    8
 -0.02399656621993411   14    7    9    1
 0.03823995832958168   14    7    9    5
 0.0528037458772923   14    7    9    9
 0.07790913499914445   14    7   10    3
 0.08813125418525918   14    7   10   10
 0.06284924036279245   14    7   11    4
 0.08625898710094058   14    7   11   11
 -0.03184398948289732   14    7   12    1
 -0.05100226382475112   14    7   12    5
 1.283235961345235e-15   14    7   12    8
 0.007965398394702731   14    7   12    9
 0.0838447030129352   14    7   12   12
 0.07487566449150766   14    7   13    6
 0.1061230420142861   14    7   13   13
 0.09367198985539071   14    7   14    7
 0.02992222680350425   14    8    3    1
 0.01500066193551321   14    8    5    3
 -0.03036061983206493   14    8    7    2
 1.096879805900828e-15   14    8    8    3
 0.004383633358325363   14    8    8    7
 0.003916262331068925   14    8    9    3
 0.01061657526305383   14    8   10    1
 -0.002976901620719304   14    8   10    5
 -0.002169929605598666   14    8   10    9
 -0.002680189242045696   14    8   12    3
 -0.02369744851082189   14    8   12   10
 -0.008185669696184578   14    8   14    2
 0.01981275173629567   14    8   14    8
 -0.006380856401613186   14    9    3    2
 0.001495675032159724   14    9    7    1
 0.009341914418538979   14    9    7    5
 -0.001217618436833477   14    9    8    3
 -0.003761279275588102   14    9    9    7
 0.0008628531980960864   14    9   10    2
 0.004831168269349585   14    9   10    8
 0.002540554725193086   14    9   12    7
 -0.001827180299837679   14    9   14    1
 -0.0004994091341404486   14    9   14    5
 0.007599705674282796   14    9   14    9
 -0.05563751357210395   14   10    2    1
 -0.1133474737524097   14   10    5    2
 0.09242088637588688   14   10    6    4
 0.1121548493106415   14   10    7    3
 0.03296395378972891   14   10    8    1
 -0.002094349673220532   14   10    8    5
 2.765878795442227e-15   14   10    8    8
 0.005156479586494753   14   10    9    2
 0.05180767949038141   14   10    9    8
 0.02900097967664497   14   10   10    7
 0.02650351614603383   14   10   11    6
 0.04820508192248669   14   10   12    2
 -0.04945124585357436   14   10   12    8
 0.05752073924567404   14   10   13    4
 0.08546382215051032   14   10   13   11
 0.06775458754226053   14   10   14    3
 0.1052056579144879   14   10   14   10
 0.009866981467377196   14   11    6    3
 0.009866981467377214   14   11    7    4
 0.001248731765305389   14   11   10    6
 0.001248731765305422   14   11   11    7
 0.005116924148293443   14   11   13    3
 0.009870917881988827   14   11   13   10
 0.00511692414829341   14   11   14    4
 0.00987091788198882   14   11   14   11
 0.03225855955909299   14   12    3    2
 -0.02147995857250179   14   12    7    1
 -0.02887099540798153   14   12    7    5
 -0.01156823687960133   14   12    8    3
 0.001098784752428161   14   12    9    7
 0.006537629452921282   14   12   10    2
 -0.01182411195324778   14   12   10    8
 0.001426521856351821   14   12   12    7
 -0.01279748966184528   14   12   14    1
 -0.003138308423430043   14   12   14    5
 -0.007910672958638575   14   12   14    9
 0.03024956525379053   14   12   14   12
 0.01517150442312177   14   13    4    3
 0.01458474914311257   14   13    7    6
 0.003242160080083254   14   13   10    4
 0.003242160080083254   14   13   11    3
 0.01371671295091205   14   13   11   10
 0.003697944601796915   14   13   13    7
 0.003697944601796819   14   13   14    6
 0.01563207927302757   14   13   14   13
 0.5411097701569416   14   14    1    1
 0.4550807816589242   14   14    2    2
 0.4970732598631756   14   14    3    3
 0.4667302510169322   14   14    4    4
 -0.03833012740504452   14   14    5    1
 0.462272007078922   14   14    5    5
 0.4222454529413268   14   14    6    6
 0.451414951227552   14   14    7    7
 -0.0578881964095099   14   14    8    2
 0.3277017171887905   14   14    8    8
 -0.03188130920038707   14   14    9    1
 0.04989711071798286   14   14    9    5
 1.381766422269745e-15   14   14    9    8
 0.3590049918111225   14   14    9    9
 0.09549722577044896   14   14   10    3
 0.4205002927147934   14   14   10   10
 0.08901290561028255   14   14   11    4
 0.3930668668129688   14   14   11   11
 -0.04092182588118349   14   14   12    1
 -0.06597214563518609   14   14   12    5
 0.01180454189944621   14   14   12    9
 0.4073738426039961   14   14   12   12
 0.1061230420142855   14   14   13    6
 0.423123956455934   14   14   13   13
 0.1135189312178796   14   14   14    7
 0.4543881150019875   14   14   14   14
 -0.01486758014924743   15    1    2    1
 -0.01869814785297534   15    1    5    2
 0.02711571887549592   15    1    6    4
 0.02711571887549599   15    1    7    3
 0.01216562375304927   15    1    8    1
 -2.958110068882276e-15   15    1    8    2
 -0.001345458255324719   15    1    8    5
 2.139195032905949e-14   15    1    8    8
 -0.0002320173154658538   15    1    9    2
 0.009223642159678318   15    1    9    8
 0.006598388983395108   15    1   10    7
 0.006598388983395002   15    1   11    6
 0.005922548260044277   15    1   12    2
 -0.008442333822258155   15    1   12    8
 0.01716721108207732   15    1   13    4
 0.02443228673166615   15    1   13   11
 0.01716721108207724   15    1   14    3
 0.02443228673166604   15    1   14   10
 0.01495958287308926   15    1   15    1
 0.05727421228353288   15    2    1    1
 0.09308195189912384   15    2    2    2
 0.05558181372189224   15    2    3    3
 0.05558181372189221   15    2    4    4
 -0.0009862139065067411   15    2    5    1
 0.09953341257869773   15    2    5    5
 0.05019646969223683   15    2    6    6
 0.05019646969223723   15    2    7    7
 -1.041533572978172e-15   15    2    8    1
 -0.01765235166194894   15    2    8    2
 0.02770954028255611   15    2    8    8
 -0.01175968498455482   15    2    9    1
 0.01170666653239637   15    2    9    5
 -1.219292632806119e-15   15    2    9    8
 0.02253533568123539   15    2    9    9
 0.03892580471397639   15    2   10    3
 0.03504097343429233   15    2   10   10
 0.03892580471397638   15    2   11    4
 0.03504097343429233   15    2   11   11
 -0.01884727955816447   15    2   12    1
 -0.05869168917374509   15    2   12    5
 -0.01367066222576794   15    2   12    9
 0.06088872528331888   15    2   12   12
 0.0439114851930666   15    2   13    6
 0.05385557478927396   15    2   13   13
 0.04391148519306641   15    2   14    7
 0.05385557478927382   15    2   14   14
 -1.39425857616974e-15   15    2   15    1
 0.06102503114065129   15    2   15    2
 -0.004296352722861093   15    3    3    2
 0.007716310081805243   15    3    7    1
 0.002170415830185686   15    3    7    5
 0.002763317520790655   15    3    8    3
 0.0003182049891009225   15    3    9    7
 0.007251268759564766   15    3   10    2
 6.643667435631216e-05   15    3   10    8
 0.01133555008861109   15    3   12    7
 0.002575377128386619   15    3   14    1
 -0.009642573374760271   15    3   14    5
 -0.0005420654757126422   15    3   14    9
 -0.004212470233859864   15    3   14   12
 0.01367057130947364   15    3   15    3
 -0.004296352722861097   15    4    4    2
 0.007716310081805238   15    4    6    1
 0.002170415830185729   15    4    6    5
 0.002763317520790771   15    4    8    4
 0.0003182049891008783   15    4    9    6
 0.007251268759564764   15    4   11    2
 6.643667435628013e-05   15    4   11    8
 0.01133555008861114   15    4   12    6
 0.002575377128386641   15    4   13    1
 -0.009642573374760273   15    4   13    5
 1.048894434881482e-15   15    4   13    8
 -0.0005420654757126194   15    4   13    9
 -0.004212470233859816   15    4   13   12
 0.01367057130947371   15    4   15    4
 0.03462391311663385   15    5    2    1
 0.1016598877697365   15    5    5    2
 -0.06083420180509269   15    5    6    4
 -0.06083420180509285   15    5    7    3
 -0.0210822300670283   15    5    8    1
 2.264123232310931e-15   15    5    8    2
 -0.008843382682709568   15    5    8    5
 -1.273775771307912e-14   15    5    8    8
 0.003049469238521113   15    5    9    2
 -0.01870847382888003   15    5    9    8
 1.021355296132045e-15   15    5    9    9
 -0.03962358513313658   15    5   10    7
 -0.03962358513313642   15    5   11    6
 -0.07049500545500817   15    5   12    2
 0.03180951724514768   15    5   12    8
 -0.0559727897089979   15    5   13    4
 -0.05353202812992378   15    5   13   11
 -0.05597278970899779   15    5   14    3
 -0.05353202812992348   15    5   14   10
 -0.009724142918608894   15    5   15    1
 2.138674179456381e-15   15    5   15    2
 0.08455357085388022   15    5   15    5
 0.02662379064989539   15    6    4    1
 0.007759790619159847   15    6    5    4
 -0.0201723249490028   15    6    6    2
 0.003084462030262282   15    6    8    6
 0.01122698716902184   15    6    9    4
 -0.0001523071235414228   15    6   11    1
 -0.01637158926100726   15    6   11    5
 -0.0149318671278428   15    6   11    9
 0.01771381256027282   15    6   12    4
 -0.02605763853015608   15    6   12   11
 0.008423034144319743   15    6   13    2
 0.009193125611388584   15    6   13    8
 0.02808435478542066   15    6   15    6
 0.02662379064989534   15    7    3    1
 0.007759790619159754   15    7    5    3
 -0.02017232494900267   15    7    7    2
 0.003084462030262325   15    7    8    7
 0.0112269871690218   15    7    9    3
 -0.0001523071235414026   15    7   10    1
 -0.01637158926100727   15    7   10    5
 -0.01493186712784279   15    7   10    9
 0.01771381256027281   15    7   12    3
 -0.02605763853015592   15    7   12   10
 0.008423034144319767   15    7   14    2
 0.00919312561138874   15    7   14    8
 0.02808435478542047   15    7   15    7
 0.01308107012560346   15    8    1    1
 1.190673128752962e-15   15    8    2    1
 -0.01467106981445147   15    8    2    2
 0.00312501152812626   15    8    3    3
 0.003125011528127251   15    8    4    4
 -0.006441425576547825   15    8    5    1
 -0.01430154533311094   15    8    5    5
 1.002743639393262e-15   15    8    6    4
 -0.003601671648867845   15    8    6    6
 1.268000682614213e-15   15    8    7    3
 -0.003601671648867435   15    8    7    7
 -2.041729866163695e-15   15    8    8    1
 -0.001596071370316612   15    8    8    2
 1.331959381058519e-15   15    8    8    5
 -0.006332388402238433   15    8    8    8
 0.0008627901107542634   15    8    9    1
 -2.014679060104504e-15   15    8    9    2
 0.004311219649920589   15    8    9    5
 -1.636025760527096e-14   15    8    9    8
 0.001717370698935817   15    8    9    9
 -0.004409158610792443   15    8   10    3
 0.00156330826447696   15    8   10   10
 -0.004409158610791922   15    8   11    4
 0.001563308264480258   15    8   11   11
 0.002652094428967923   15    8   12    1
 1.735656521368204e-15   15    8   12    2
 0.01119975044986521   15    8   12    5
 6.883339339403826e-15   15    8   12    8
 0.01026179559981342   15    8   12    9
 -0.007957015398610006   15    8   12   12
 -2.024375704145834e-15   15    8   13    4
 -0.001937532200248203   15    8   13    6
 1.674426255739482e-15   15    8   13   11
 -0.00542884733992868   15    8   13   13
 -0.001937532200250103   15    8   14    7
 3.022922769690611e-15   15    8   14   10
 -0.005428847339928568   15    8   14   14
 2.874580891943971e-15   15    8   15    1
 -0.0127744720659492   15    8   15    2
 -2.775257873792047e-15   15    8   15    5
 0.006683967478473752   15    8   15    8
 0.008731071019044932   15    9    2    1
 0.02500617779923926   15    9    5    2
 -0.01603681363120477   15    9    6    4
 -0.01603681363120493   15    9    7    3
 -0.005564210333455942   15    9    8    1
 0.0008698917976423725   15    9    8    5
 -9.300234083498601e-15   15    9    8    8
 -0.002025779202381003   15    9    9    2
 -0.006963877183383914   15    9    9    8
 1.648822070173167e-15   15    9    9    9
 -0.01229545982247747   15    9   10    7
 -0.01229545982247746   15    9   11    6
 -0.01710386033304236   15    9   12    2
 0.01269446986192953   15    9   12    8
 1.130909101022863e-15   15    9   12    9
 2.056353139087896e-15   15    9   12   12
 -0.01660981900639715   15    9   13    4
 -0.0177744488502274   15    9   13   11
 -0.01660981900639679   15    9   14    3
 -0.01777444885022745   15    9   14   10
 -0.004827621595199202   15    9   15    1
 0.02303563599112276   15    9   15    5
 -3.620715907847244e-15   15    9   15    8
 0.01216415185024853   15    9   15    9
 0.02114618623819208   15   10    3    2
 -0.01088770779916666   15   10    7    1
 -0.02273100900782661   15   10    7    5
 -0.006227918966323354   15   10    8    3
 -0.002016141068952076   15   10    9    7
 5.47588574095599e-05   15   10   10    2
 -0.004724153185084071   15   10   10    8
 -0.004403127922001738   15   10   12    7
 -0.001372744329654039   15   10   14    1
 -0.001634754298017332   15   10   14    5
 -0.005774435099318547   15   10   14    9
 0.02159468020453219   15   10   14   12
 -0.004718535794837902   15   10   15    3
 0.02139171637192487   15   10   15   10
 0.02114618623819206   15   11    4    2
 -0.01088770779916665   15   11    6    1
 -0.0227310090078266   15   11    6    5
 -0.006227918966323276   15   11    8    4
 -0.002016141068952158   15   11    9    6
 5.475885740955059e-05   15   11   11    2
 -0.004724153185084131   15   11   11    8
 -0.004403127922001755   15   11   12    6
 -0.001372744329654064   15   11   13    1
 -0.001634754298017425   15   11   13    5
 -0.005774435099318466   15   11   13    9
 0.02159468020453215   15   11   13   12
 -0.004718535794837888   15   11   15    4
 0.02139171637192477   15   11   15   11
 -0.05174078344997044   15   12    2    1
 -1.107238092488574e-15   15   12    2    2
 -0.1420177346852508   15   12    5    2
 0.09712037687579581   15   12    6    4
 0.09712037687579594   15   12    7    3
 0.02522116523819332   15   12    8    1
 7.363395098976018e-15   15   12    8    2
 -0.000640485717512488   15   12    8    5
 -5.024328788106058e-14   15   12    8    8
 0.00517340367765599   15   12    9    2
 1.070484261107078e-15   15   12    9    5
 0.05827975217703096   15   12    9    8
 0.01777991152754801   15   12   10    7
 0.01777991152754789   15   12   11    6
 0.05953861960971753   15   12   12    2
 -0.05139214384815588   15   12   12    8
 0.04880085423942168   15   12   13    4
 0.08551322318146018   15   12   13   11
 0.04880085423942117   15   12   14    3
 1.001367863367362e-15   15   12   14    7
 0.08551322318146005   15   12   14   10
 -1.132018918199543e-15   15   12   14   14
 0.01630715739415756   15   12   15    1
 5.755531699423692e-15   15   12   15    2
 -0.06919160556129633   15   12   15    5
 -4.023147868821793e-14   15   12   15    8
 -0.01709699138118404   15   12   15    9
 0.1058245229345579   15   12   15   12
 -0.01706868406194419   15   13    4    1
 -0.02375760603578521   15   13    5    4
 0.03291037561604758   15   13    6    2
 -0.003844881576416726   15   13    8    6
 -0.01086991812606663   15   13    9    4
 0.002635524580614588   15   13   11    1
 0.002774350473677091   15   13   11    5
 0.006831385120651674   15   13   11    9
 -0.004481015287464676   15   13   12    4
 0.03297275760572976   15   13   12   11
 0.002870104635755804   15   13   13    2
 -0.01382422831797146   15   13   13    8
 -0.01309640762983078   15   13   15    6
 0.02750609414450236   15   13   15   13
 -0.01706868406194429   15   14    3    1
 -0.02375760603578522   15   14    5    3
 0.03291037561604767   15   14    7    2
 -0.003844881576416928   15   14    8    7
 -0.0108699181260666   15   14    9    3
 0.002635524580614571   15   14   10    1
 0.002774350473677195   15   14   10    5
 0.006831385120651764   15   14   10    9
 -0.004481015287464734   15   14   12    3
 0.03297275760572985   15   14   12   10
 0.002870104635755707   15   14   14    2
 -0.0138242283179716   15   14   14    8
 -0.01309640762983081   15   14   15    7
 0.02750609414450255   15   14   15   14
 0.5198552757306891   15   15    1    1
 1.182952012394969e-15   15   15    2    1
 0.4868581922650432   15   15    2    2
 0.4784208279259655   15   15    3    3
 0.478420827925966   15   15    4    4
 -0.02676678009745984   15   15    5    1
 0.4984618349726849   15   15    5    5
 0.4423447015576522   15   15    6    6
 0.4423447015576534   15   15    7    7
 -4.951291385427532e-15   15   15    8    1
 -0.05735651940340397   15   15    8    2
 4.136178017227922e-15   15   15    8    5
 0.3308317937325371   15   15    8    8
 -0.02484027100268557   15   15    9    1
 0.04964368986569558   15   15    9    5
 -1.939196466994442e-14   15   15    9    8
 0.367048602931529   15   15    9    9
 0.07877217593902663   15   15   10    3
 0.4084018959774801   15   15   10   10
 0.07877217593902695   15   15   11    4
 0.4084018959774825   15   15   11   11
 -0.03440212330941525   15   15   12    1
 1.242935230176462e-15   15   15   12    2
 -0.08601490532500866   15   15   12    5
 1.484375196977646e-14   15   15   12    8
 0.01099147542398433   15   15   12    9
 0.4316611977963206   15   15   12   12
 -1.376797949574189e-15   15   15   13    4
 0.09899603379949229   15   15   13    6
 0.4329411118801819   15   15   13   13
 0.09899603379949036   15   15   14    7
 1.594776765519471e-15   15   15   14   10
 0.4329411118801818   15   15   14   14
 -1.418508631923649e-15   15   15   15    1
 0.07572466703158867   15   15   15    2
 -0.009465422742699016   15   15   15    8
 -1.158797732121626e-14   15   15   15    9
 2.066327972747372e-14   15   15   15   12
 0.4677163103798129   15   15   15   15
 0.0511445458440215   16    1    2    1
 0.06824815184592253   16    1    5    2
 -0.08637335458861289   16    1    6    4
 -0.08637335458861314   16    1    7    3
 -0.04155951219229522   16    1    8    1
 -1.95187990236236e-15   16    1    8    2
 -0.004508149311778848   16    1    8    5
 1.156046774532592e-14   16    1    8    8
 0.003552239299440634   16    1    9    2
 -0.01620092550140634   16    1    9    8
 -0.04728723800700534   16    1   10    7
 -0.04728723800700515   16    1   11    6
 -0.0474103031964011   16    1   12    2
 0.0304434200302497   16    1   12    8
 -0.07746822889951291   16    1   13    4
 -0.07838126661536882   16    1   13   11
 -0.07746822889951259   16    1   14    3
 -0.07838126661536873   16    1   14   10
 -0.03619539570852298   16    1   15    1
 -1.596020415073227e-15   16    1   15    2
 0.05652946371181806   16    1   15    5
 7.535932556508695e-15   16    1   15    8
 0.02265382124379444   16    1   15    9
 -0.04959767321567163   16    1   15   12
 4.142519660632615e-15   16    1   15   15
 0.1220669495905815   16    1   16    1
 0.07062192768405824   16    2    1    1
 0.008490476146031541   16    2    2    2
 0.04138148314771362   16    2    3    3
 0.04138148314771353   16    2    4    4
 -0.01808628516359858   16    2    5    1
 0.008517249474854636   16    2    5    5
 0.02238276902880295   16    2    6    6
 0.02238276902880331   16    2    7    7
 -1.819901631416628e-15   16    2    8    1
 -0.01334707195786649   16    2    8    2
 2.224182017973689e-15   16    2    8    5
 0.006631773294403635   16    2    8    8
 -0.009149132496106044   16    2    9    1
 0.01371871243181699   16    2    9    5
 0.01302822457402213   16    2    9    9
 0.02214244070677407   16    2   10    3
 0.02281682190738636   16    2   10   10
 0.02214244070677402   16    2   11    4
 0.02281682190738623   16    2   11   11
 -0.01022914168041471   16    2   12    1
 0.0006197172224698745   16    2   12    5
 3.863869578546427e-15   16    2   12    8
 0.007580418512916517   16    2   12    9
 0.008837223354599777   16    2   12   12
 0.02588111782992735   16    2   13    6
 0.02817806281002634   16    2   13   13
 0.0258811178299271   16    2   14    7
 0.02817806281002682   16    2   14   14
 -1.392384791552431e-15   16    2   15    1
 -0.00398782950857537   16    2   15    2
 2.228360172405169e-15   16    2   15    5
 0.004548162700194451   16    2   15    8
 3.163263028700842e-15   16    2   15   12
 0.007247654222886779   16    2   15   15
 0.01968992860093405   16    2   16    2
 0.01718588729616828   16    3    3    2
 -0.02223464183779582   16    3    7    1
 -0.002725675675511106   16    3    7    5
 -0.01408649605465854   16    3    8    3
 -0.0002907865492516194   16    3    9    7
 0.01190602758296068   16    3   10    2
 -0.008357412009621666   16    3   10    8
 0.01082184345846964   16    3   12    7
 -0.02488940765525461   16    3   14    1
 -0.00227426602116897   16    3   14    5
 0.003055646940431869   16    3   14    9
 0.009393453986873728   16    3   14   12
 -0.003724111097127926   16    3   15    3
 -0.003466178906500037   16    3   15   10
 0.02973591186941488   16    3   16    3
 0.01718588729616828   16    4    4    2
 -0.02223464183779575   16    4    6    1
 -0.00272567567551111   16    4    6    5
 -0.01408649605465847   16    4    8    4
 -0.0002907865492516722   16    4    9    6
 0.01190602758296069   16    4   11    2
 -0.008357412009621763   16    4   11    8
 0.01082184345846962   16    4   12    6
 -0.02488940765525468   16    4   13    1
 -0.002274266021168989   16    4   13    5
 0.003055646940431889   16    4   13    9
 0.009393453986873839   16    4   13   12
 -0.00372411109712787   16    4   15    4
 -0.003466178906500111   16    4   15   11
 0.02973591186941498   16    4   16    4
 -0.02730496481791482   16    5    2    1
 -0.06579765725466637   16    5    5    2
 0.05043378643043365   16    5    6    4
 0.05043378643043383   16    5    7    3
 0.01796494722494265   16    5    8    1
 1.754235582422541e-15   16    5    8    2
 -0.001096648456977017   16    5    8    5
 -2.161925735721761e-14   16    5    8    8
 0.001962298088937685   16    5    9    2
 0.0197973741328972   16    5    9    8
 1.156243152397814e-15   16    5    9    9
 0.01727085354260781   16    5   10    7
 0.01727085354260773   16    5   11    6
 0.03195704198985265   16    5   12    2
 -0.02262035265864427   16    5   12    8
 0.03377688370909464   16    5   13    4
 0.04637326808924552   16    5   13   11
 0.03377688370909438   16    5   14    3
 0.04637326808924573   16    5   14   10
 0.01860186051232531   16    5   15    1
 1.548725259094398e-15   16    5   15    2
 -0.04294407830992595   16    5   15    5
 -1.866488515893908e-14   16    5   15    8
 -0.01518656458209001   16    5   15    9
 0.04806905785518874   16    5   15   12
 -1.585190312347606e-14   16    5   15   15
 -0.05397526411992567   16    5   16    1
 1.017160433853955e-15   16    5   16    2
 0.03897770249973111   16    5   16    5
 -0.03315143863294347   16    6    4    1
 0.002711820042193286   16    6    5    4
 0.01081278875246476   16    6    6    2
 -0.0117390597683918   16    6    8    6
 -0.000219051533022173   16    6    9    4
 -0.02087069711319152   16    6   11    1
 -0.0004095050287505997   16    6   11    5
 0.004135015676497327   16    6   11    9
 0.0102980103390445   16    6   12    4
 0.004992880746764477   16    6   12   11
 0.01578930427266632   16    6   13    2
 -0.00938165241604428   16    6   13    8
 0.0008055995703930023   16    6   15    6
 -0.006982325101809394   16    6   15   13
 0.02356243730599328   16    6   16    6
 -0.03315143863294365   16    7    3    1
 0.002711820042193245   16    7    5    3
 0.01081278875246491   16    7    7    2
 -0.0117390597683918   16    7    8    7
 -0.0002190515330222424   16    7    9    3
 -0.02087069711319157   16    7   10    1
 -0.0004095050287505544   16    7   10    5
 0.004135015676497353   16    7   10    9
 0.01029801033904446   16    7   12    3
 0.004992880746764574   16    7   12   10
 0.01578930427266629   16    7   14    2
 -0.00938165241604408   16    7   14    8
 0.0008055995703929311   16    7   15    7
 -0.006982325101809364   16    7   15   14
 0.02356243730599339   16    7   16    7
 -0.127078986293358   16    8    1    1
 -0.06029293308164261   16    8    2    2
 -0.0880453253464106   16    8    3    3
 -0.08804532534640928   16    8    4    4
 0.02471616403157246   16    8    5    1
 -1.774793588738203e-15   16    8    5    2
 -0.06467326310457082   16    8    5    5
 -0.06316810858568923   16    8    6    6
 1.124447907302415e-15   16    8    7    3
 -0.06316810858569159   16    8    7    7
 1.008595234565478e-14   16    8    8    1
 0.02712529432461891   16    8    8    2
 -1.410826343064791e-14   16    8    8    5
 -0.00886613261411711   16    8    8    8
 0.01518240831053421   16    8    9    1
 1.070449521409417e-15   16    8    9    2
 -0.02648441380622863   16    8    9    5
 -3.047572415828197e-14   16    8    9    8
 -0.03188237713081751   16    8    9    9
 -0.03565316574902318   16    8   10    3
 3.564596946295634e-15   16    8   10    7
 -0.05746454912570768   16    8   10   10
 -0.03565316574902174   16    8   11    4
 1.268310850675608e-15   16    8   11    6
 -0.05746454912570282   16    8   11   11
 0.01654581829674225   16    8   12    1
 2.316337449016584e-15   16    8   12    2
 0.01869661058145992   16    8   12    5
 -8.860144801960329e-15   16    8   12    8
 -0.01441761570021838   16    8   12    9
 -0.04656213962639054   16    8   12   12
 -2.376472610276981e-15   16    8   13    4
 -0.04304002863578785   16    8   13    6
 -2.586885172094994e-15   16    8   13   11
 -0.06556645455553915   16    8   13   13
 -0.04304002863578719   16    8   14    7
 -1.040465647302167e-15   16    8   14   10
 -0.06556645455554566   16    8   14   14
 6.358921466736502e-15   16    8   15    1
 -0.01198978341492551   16    8   15    2
 -1.579375590944864e-14   16    8   15    5
 -0.002091419352447953   16    8   15    8
 -1.329550029850674e-14   16    8   15    9
 -7.724882933374e-15   16    8   15   12
 -0.05659337066459842   16    8   15   15
 -0.01642204431607159   16    8   16    2
 -1.676796950926673e-14   16    8   16    5
 0.03274588337399988   16    8   16    8
 -0.01726661362252358   16    9    2    1
 -0.03287645105768237   16    9    5    2
 0.03184386790861361   16    9    6    4
 0.03184386790861347   16    9    7    3
 0.01237015441540555   16    9    8    1
 -0.004924373943019927   16    9    8    5
 -3.590044478802469e-14   16    9    8    8
 0.003151442886714147   16    9    9    2
 0.02161175958305609   16    9    9    8
 1.952464241375877e-15   16    9    9    9
 0.01184716200370526   16    9   10    7
 0.0118471620037052   16    9   11    6
 0.01505601510275414   16    9   12    2
 -0.01954495095750136   16    9   12    8
 1.059354796650758e-15   16    9   12    9
 1.642223975836539e-15   16    9   12   12
 0.02340081194055391   16    9   13    4
 0.03305200661289354   16    9   13   11
 1.995859642990792e-15   16    9   13   13
 0.02340081194055422   16    9   14    3
 0.03305200661289386   16    9   14   10
 2.158602762831766e-15   16    9   14   14
 0.01461954648708423   16    9   15    1
 -0.02336965584219865   16    9   15    5
 -3.589885002966308e-14   16    9   15    8
 -0.009870879951399091   16    9   15    9
 0.02579803492820879   16    9   15   12
 -3.463895836830488e-14   16    9   15   15
 -0.04221432628588481   16    9   16    1
 0.02361642266591212   16    9   16    5
 -3.531239371200218e-14   16    9   16    8
 0.02240165014701099   16    9   16    9
 0.02204682561086974   16   10    3    2
 -0.02281911956973607   16   10    7    1
 -0.0119719179646208   16   10    7    5
 -0.01306676454543131   16   10    8    3
 -0.0004088644878542173   16   10    9    7
 0.005751327335877505   16   10   10    2
 -0.007630403410466101   16   10   10    8
 0.001868032797855406   16   10   12    7
 -0.01958412227838892   16   10   14    1
 0.00204127003638332   16   10   14    5
 0.001552879614751994   16   10   14    9
 0.01762915894535519   16   10   14   12
 -0.009653986108685285   16   10   15    3
 0.008255850279048396   16   10   15   10
 0.02104929985953137   16   10   16    3
 0.02387808768068019   16   10   16   10
 0.02204682561086971   16   11    4    2
 -0.02281911956973599   16   11    6    1
 -0.01197191796462082   16   11    6    5
 -0.01306676454543127   16   11    8    4
 -0.0004088644878543471   16   11    9    6
 0.005751327335877496   16   11   11    2
 -0.00763040341046622   16   11   11    8
 0.001868032797855325   16   11   12    6
 -0.01958412227838894   16   11   13    1
 0.002041270036383258   16   11   13    5
 0.001552879614752082   16   11   13    9
 0.01762915894535513   16   11   13   12
 -0.009653986108685318   16   11   15    4
 0.008255850279048184   16   11   15   11
 0.02104929985953141   16   11   16    4
 0.02387808768068006   16   11   16   11
 -0.01257165324351344   16   12    2    1
 -0.007199715726166031   16   12    5    2
 -1.090006980429332e-15   16   12    5    5
 0.02175977595247832   16   12    6    4
 0.02175977595247851   16   12    7    3
 0.009632250487525522   16   12    8    1
 4.818738489374801e-15   16   12    8    2
 0.002316773219313061   16   12    8    5
 -4.496480504709258e-14   16   12    8    8
 -0.001474414243675615   16   12    9    2
 1.215252534793875e-15   16   12    9    5
 0.001046904887259898   16   12    9    8
 0.003353491838166372   16   12   10    7
 0.003353491838166372   16   12   11    6
 0.000192847957889635   16   12   12    2
 -0.002309927804237774   16   12   12    8
 2.233047126974625e-15   16   12   12   12
 0.01198526714628955   16   12   13    4
 0.0192079986200101   16   12   13   11
 0.0119852671462892   16   12   14    3
 0.01920799862001024   16   12   14   10
 0.007866824030102935   16   12   15    1
 3.416666081500497e-15   16   12   15    2
 0.004640029593759767   16   12   15    5
 -3.535632477815046e-14   16   12   15    8
 0.001073369835093651   16   12   15    9
 0.007793427031561806   16   12   15   12
 -2.442664126522942e-14   16   12   15   15
 -0.02052817318808259   16   12   16    1
 3.24816327628311e-15   16   12   16    2
 0.005712226037711579   16   12   16    5
 -1.989527356315126e-14   16   12   16    8
 0.004504408201274878   16   12   16    9
 0.01236578047958308   16   12   16   12
 -0.06090970840194284   16   13    4    1
 -0.01266855166914851   16   13    5    4
 0.03991317258930401   16   13    6    2
 -0.0183907535853252   16   13    8    6
 -0.01037462643110109   16   13    9    4
 -0.0240390690919082   16   13   11    1
 0.009756317114499582   16   13   11    5
 0.01780616450147073   16   13   11    9
 0.001307745766088966   16   13   12    4
 0.03570906720347002   16   13   12   11
 0.01580424288995535   16   13   13    2
 -0.02027278913773117   16   13   13    8
 -0.02016426201929184   16   13   15    6
 0.01217323389110955   16   13   15   13
 0.02299714446029739   16   13   16    6
 0.04553835703047543   16   13   16   13
 -0.06090970840194277   16   14    3    1
 -0.01266855166914851   16   14    5    3
 0.03991317258930403   16   14    7    2
 -0.01839075358532512   16   14    8    7
 -0.01037462643110105   16   14    9    3
 -0.02403906909190816   16   14   10    1
 0.009756317114499619   16   14   10    5
 0.0178061645014707   16   14   10    9
 0.001307745766088989   16   14   12    3
 0.03570906720347006   16   14   12   10
 0.01580424288995529   16   14   14    2
 -0.02027278913773138   16   14   14    8
 -0.02016426201929157   16   14   15    7
 0.01217323389110957   16   14   15   14
 0.02299714446029769   16   14   16    7
 0.04553835703047519   16   14   16   14
 -0.1482269416714153   16   15    1    1
 -0.07638764800727785   16   15    2    2
 -0.08963608896627329   16   15    3    3
 -0.08963608896627231   16   15    4    4
 0.03845664971109363   16   15    5    1
 -1.224052965765897e-15   16   15    5    2
 -0.09333109259216292   16   15    5    5
 -0.06234322451504286   16   15    6    6
 -0.0623432245150445   16   15    7    7
 3.98363743851656e-15   16   15    8    1
 0.02400159034233646   16   15    8    2
 -1.038246735293744e-14   16   15    8    5
 -0.02742625696091407   16   15    8    8
 0.03089518168649889   16   15    9    1
 1.387075112225777e-15   16   15    9    2
 -0.03032112909977484   16   15    9    5
 -2.405601891363694e-14   16   15    9    8
 -0.04068415962380208   16   15    9    9
 -0.05137949866482933   16   15   10    3
 2.901255960934253e-15   16   15   10    7
 -0.05500599311349197   16   15   10   10
 -0.05137949866482833   16   15   11    4
 -0.05500599311348812   16   15   11   11
 0.02339611109823562   16   15   12    1
 1.320732124910932e-15   16   15   12    2
 0.03688423470316356   16   15   12    5
 1.804491280011338e-15   16   15   12    8
 9.923302283492745e-06   16   15   12    9
 -0.05550860091404802   16   15   12   12
 -1.769319310659507e-15   16   15   13    4
 -0.05589917986705388   16   15   13    6
 -1.34159218455227e-15   16   15   13   11
 -0.07247501115462662   16   15   13   13
 -0.05589917986705426   16   15   14    7
 -0.0724750111546303   16   15   14   14
 -0.03658397727413825   16   15   15    2
 -1.325452387164149e-14   16   15   15    5
 0.002331222702476033   16   15   15    8
 -7.877895258953136e-15   16   15   15    9
 3.746588546814801e-15   16   15   15   12
 -0.07384336339826683   16   15   15   15
 -5.012408271601525e-15   16   15   16    1
 -0.01417654485058547   16   15   16    2
 -1.29541201620965e-14   16   15   16    5
 0.02986003512703635   16   15   16    8
 -1.135250307208583e-14   16   15   16    9
 1.607174863069757e-14   16   15   16   12
 0.05468038534380014   16   15   16   15
 0.7589749827395741   16   16    1    1
 0.5160616274018734   16   16    2    2
 0.5948432260423463   16   16    3    3
 0.5948432260423475   16   16    4    4
 -0.105186881525839   16   16    5    1
 -1.11422161849552e-15   16   16    5    2
 0.5478964334547544   16   16    5    5
 0.5049315757838198   16   16    6    6
 0.5049315757838183   16   16    7    7
 2.736480681021866e-15   16   16    8    1
 -0.08550475288830274   16   16    8    2
 -1.169144544311113e-14   16   16    8    5
 0.3544899741337687   16   16    8    8
 -0.07521240258188126   16   16    9    1
 1.005166597725434e-15   16   16    9    2
 0.09344498067187899   16   16    9    5
 -3.382198552557994e-14   16   16    9    8
 0.415335768545985   16   16    9    9
 0.1451516904692532   16   16   10    3
 3.297497935008776e-15   16   16   10    7
 0.4749992969934705   16   16   10   10
 0.1451516904692544   16   16   11    4
 0.4749992969934745   16   16   11   11
 -0.06574335774398629   16   16   12    1
 -0.08125426859140696   16   16   12    5
 1.679761932520302e-14   16   16   12    8
 0.02835004174723377   16   16   12    9
 0.4567353745173438   16   16   12   12
 -1.762460605380367e-15   16   16   13    4
 0.1681503751428617   16   16   13    6
 -2.474916591249417e-15   16   16   13   11
 0.5157267712979384   16   16   13   13
 1.112144056528066e-15   16   16   14    3
 0.1681503751428628   16   16   14    7
 -1.049714458131619e-15   16   16   14   10
 0.5157267712979313   16   16   14   14
 -1.028060079686311e-15   16   16   15    1
 0.06675539756723935   16   16   15    2
 -1.330379086412453e-14   16   16   15    5
 0.004390226135755336   16   16   15    8
 -1.503852031253303e-14   16   16   15    9
 1.656996819001243e-14   16   16   15   12
 0.5009641336547013   16   16   15   15
 -6.58593673081729e-15   16   16   16    1
 0.0553398052319764   16   16   16    2
 -1.317120483526524e-14   16   16   16    5
 -0.106503077008738   16   16   16    8
 -1.788645958092147e-14   16   16   16    9
 3.106976201271045e-14   16   16   16   12
 -0.1342516063942161   16   16   16   15
 0.6951982054971393   16   16   16   16
 -7.057223042814858    1    1  0  0
 -5.134318115787689    2    2  0  0
 -5.521053731868396    3    3  0  0
 -5.521053731868396    4    4  0  0
 0.543263187565401    5    1  0  0
 -1.153561870425066e-15    5    2  0  0
 -5.189778640036389    5    5  0  0
 -4.454003671255951    6    6  0  0
 1.192397449838633e-15    7    1  0  0
 -4.454003671255955    7    7  0  0
 1.493017154061484e-15    8    1  0  0
 0.6397478412766228    8    2  0  0
 -5.18262706935996e-15    8    3  0  0
 2.522817505821128e-15    8    5  0  0
 -2.833095215207077    8    8  0  0
 0.356200170279651    9    1  0  0
 -0.5945422887477645    9    5  0  0
 1.262593526836767e-15    9    8  0  0
 -3.184165419705012    9    9  0  0
 -0.9820311671676657   10    3  0  0
 1.599983970432708e-15   10    8  0  0
 -3.571756700639402   10   10  0  0
 -0.9820311671676654   11    4  0  0
 -3.571756700639402   11   11  0  0
 0.4063575157894642   12    1  0  0
 0.6882518650223718   12    5  0  0
 -9.725437634974084e-15   12    8  0  0
 -0.2226128851151439   12    9  0  0
 -3.445390889209138   12   12  0  0
 -1.264905349351605   13    6  0  0
 -3.651109589065001   13   13  0  0
 -1.264905349351604   14    7  0  0
 -3.651109589064991   14   14  0  0
 -0.5508251798700872   15    2  0  0
 -4.313624724316641e-15   15    3  0  0
 6.471390685763412e-15   15    5  0  0
 0.01047956838137304   15    8  0  0
 3.930795736136165e-15   15    9  0  0
 -3.444080119754021   15   15  0  0
 -1.828470309728428e-15   16    1  0  0
 -0.3125759458194657   16    2  0  0
 -2.522834968375178e-15   16    3  0  0
 3.624590768119389e-15   16    5  0  0
 0.7720954416282918   16    8  0  0
 7.792385635809868e-15   16    9  0  0
 1.557548415317912e-15   16   10  0  0
 -1.055244134144779e-14   16   12  0  0
 0.9038601946854424   16   15  0  0
 -3.935025748661459   16   16  0  0
 -76.06725982687612  0  0  0  0
