 &FCI NORB=  16,NELEC=10,MS2=0,
  ORBSYM=1,1,1,1,1,1,1,1,1,1,1,1,1,1,1,1
  ISYM=1,
 &END
 0.642804955740985    1    1    1    1
 0.1098862651342748    2    1    2    1
 0.4972516524187566    2    2    1    1
 0.5108143556990563    2    2    2    2
 -0.100071931814476    3    1    1    1
 0.0005125502279165971    3    1    2    2
 0.06613008170036122    3    1    3    1
 0.1073845508216593    3    2    2    1
 0.1659878967863603    3    2    3    2
 0.5117041545968124    3    3    1    1
 0.5125731694061655    3    3    2    2
 -0.01417074760409318    3    3    3    1
 0.5371370865408619    3    3    3    3
 0.07929323816866006    4    1    4    1
 0.0533590124533492    4    2    4    2
 0.009932347161780312    4    3    4    1
 0.02215967726527828    4    3    4    3
 0.5261224324286243    4    4    1    1
 0.4687404951496093    4    4    2    2
 -0.03881763274246362    4    4    3    1
 0.4627990210223544    4    4    3    3
 0.4934348301131587    4    4    4    4
 0.07929323816866006    5    1    5    1
 0.0533590124533492    5    2    5    2
 0.009932347161780312    5    3    5    1
 0.02215967726527828    5    3    5    3
 0.01842586391505768    5    4    5    4
 0.5261224324286243    5    5    1    1
 0.4687404951496093    5    5    2    2
 -0.03881763274246362    5    5    3    1
 0.4627990210223544    5    5    3    3
 0.4565831022830434    5    5    4    4
 0.4934348301131587    5    5    5    5
 -0.04774196777768719    6    1    5    2
 0.04657271242206754    6    1    6    1
 -0.06845675945005517    6    2    5    1
 -0.02647064354972676    6    2    5    3
 0.07499530318477073    6    2    6    2
 -0.02957494238068109    6    3    5    2
 0.02004891509069107    6    3    6    1
 0.02726005693210664    6    3    6    3
 0.01548125901779038    6    4    6    4
 -0.1298974887236124    6    5    2    1
 -0.1271789932462749    6    5    3    2
 0.1737100739845441    6    5    6    5
 0.5067432070163296    6    6    1    1
 0.4765636645831353    6    6    2    2
 -0.02255681322470163    6    6    3    1
 0.4684756060353777    6    6    3    3
 0.4504972693080768    6    6    4    4
 0.4860096321120999    6    6    5    5
 0.4878617491594023    6    6    6    6
 -0.04774196777768723    7    1    4    2
 0.04657271242206764    7    1    7    1
 -0.06845675945005521    7    2    4    1
 -0.02647064354972676    7    2    4    3
 0.07499530318477081    7    2    7    2
 -0.02957494238068109    7    3    4    2
 0.02004891509069108    7    3    7    1
 0.02726005693210666    7    3    7    3
 -0.1298974887236125    7    4    2    1
 -0.127178993246275    7    4    3    2
 0.1427475559489635    7    4    6    5
 0.1737100739845445    7    4    7    4
 0.01548125901779039    7    5    6    4
 0.0154812590177904    7    5    7    5
 0.01775618140201153    7    6    5    4
 0.01865355935993242    7    6    7    6
 0.5067432070163304    7    7    1    1
 0.4765636645831359    7    7    2    2
 -0.02255681322470173    7    7    3    1
 0.4684756060353781    7    7    3    3
 0.4860096321121004    7    7    4    4
 0.4504972693080773    7    7    5    5
 0.4505546304395381    7    7    6    6
 0.4878617491594034    7    7    7    7
 -0.07012024093564966    8    1    2    1
 -0.02315985639347085    8    1    3    2
 0.07981537746559632    8    1    6    5
 0.07981537746559643    8    1    7    4
 0.0844512245292441    8    1    8    1
 -0.09174487305217351    8    2    1    1
 -0.01493621143668798    8    2    2    2
 0.04537270600203375    8    2    3    1
 -0.006070921140832659    8    2    3    3
 -0.0548789925566001    8    2    4    4
 -0.05487899255660011    8    2    5    5
 -0.04336912162566693    8    2    6    6
 -0.04336912162566707    8    2    7    7
 0.05201590964481982    8    2    8    2
 0.09070400226105528    8    3    2    1
 0.1091143382562768    8    3    3    2
 -0.1023992389957871    8    3    6    5
 -0.1023992389957873    8    3    7    4
 -0.05230797191309142    8    3    8    1
 0.103930997698629    8    3    8    3
 -0.01940888443527377    8    4    4    2
 0.02486920622785378    8    4    7    1
 -0.002087054178489977    8    4    7    3
 0.02235988772070396    8    4    8    4
 -0.01940888443527377    8    5    5    2
 0.02486920622785374    8    5    6    1
 -0.002087054178489969    8    5    6    3
 0.02235988772070396    8    5    8    5
 0.0365522933947959    8    6    5    1
 -0.005894937552285854    8    6    5    3
 -0.0236304817552525    8    6    6    2
 0.02624885958592163    8    6    8    6
 0.03655229339479595    8    7    4    1
 -0.005894937552285849    8    7    4    3
 -0.02363048175525259    8    7    7    2
 0.02624885958592169    8    7    8    7
 0.5350802426859325    8    8    1    1
 0.4620578099807172    8    8    2    2
 -0.05691041714789399    8    8    3    1
 0.4808961375893198    8    8    3    3
 0.4575243146613839    8    8    4    4
 0.457524314661384    8    8    5    5
 0.4520237988775691    8    8    6    6
 0.4520237988775694    8    8    7    7
 -0.04667807361214359    8    8    8    2
 0.4880582546064728    8    8    8    8
 -0.01596270709129761    9    1    2    1
 0.0093547023383276    9    1    3    2
 0.01666371074374459    9    1    6    5
 0.01666371074374462    9    1    7    4
 0.03423643982365873    9    1    8    1
 -0.01836580658806471    9    1    8    3
 0.0218604836993928    9    1    9    1
 0.03214433835967918    9    2    1    1
 0.07096783013717377    9    2    2    2
 0.02138815072568544    9    2    3    1
 0.07109020265074495    9    2    3    3
 0.04301578635697066    9    2    4    4
 0.04301578635697065    9    2    5    5
 0.04937336495229071    9    2    6    6
 0.04937336495229086    9    2    7    7
 0.01165214511613091    9    2    8    2
 0.03082522564244872    9    2    8    8
 0.04216257879771235    9    2    9    2
 0.07408309673901131    9    3    2    1
 0.07863917923834826    9    3    3    2
 -0.08207479664315924    9    3    6    5
 -0.08207479664315934    9    3    7    4
 -0.05268996480775535    9    3    8    1
 0.06661291976891474    9    3    8    3
 -0.00759079647356639    9    3    9    1
 0.09333416665047722    9    3    9    3
 0.003354719902171685    9    4    4    2
 0.0008717201793254235    9    4    7    1
 -0.00743350832961174    9    4    7    3
 0.004863118741746481    9    4    8    4
 0.00850476701772483    9    4    9    4
 0.003354719902171686    9    5    5    2
 0.000871720179325425    9    5    6    1
 -0.007433508329611719    9    5    6    3
 0.004863118741746478    9    5    8    5
 0.008504767017724832    9    5    9    5
 0.005008610138271194    9    6    5    1
 -0.007536519163348266    9    6    5    3
 0.002131591133862023    9    6    6    2
 0.004938995663656221    9    6    8    6
 0.01125832731246511    9    6    9    6
 0.005008610138271172    9    7    4    1
 -0.007536519163348306    9    7    4    3
 0.002131591133862092    9    7    7    2
 0.004938995663656251    9    7    8    7
 0.01125832731246512    9    7    9    7
 0.1575263308672928    9    8    1    1
 0.09958576686188743    9    8    2    2
 -0.04295152807734717    9    8    3    1
 0.1099423874700325    9    8    3    3
 0.108377826929693    9    8    4    4
 0.1083778269296929    9    8    5    5
 0.1015532632945718    9    8    6    6
 0.1015532632945722    9    8    7    7
 -0.04062924539126271    9    8    8    2
 0.112852305923149    9    8    8    8
 0.02745355484821048    9    8    9    2
 0.09023886064419583    9    8    9    8
 0.4398421948039682    9    9    1    1
 0.4410565162191251    9    9    2    2
 -0.01189085433061458    9    9    3    1
 0.4620762997146054    9    9    3    3
 0.4027497161060756    9    9    4    4
 0.4027497161060757    9    9    5    5
 0.4097451254927632    9    9    6    6
 0.4097451254927635    9    9    7    7
 -0.004206288168519068    9    9    8    2
 0.4311718039545708    9    9    8    8
 0.05018106230936946    9    9    9    2
 0.07973863478148943    9    9    9    8
 0.4273457251090514    9    9    9    9
 0.01950405161687266   10    1    4    1
 0.003602203243337874   10    1    4    3
 -0.02009281581540578   10    1    7    2
 0.01261671043492889   10    1    8    7
 -0.002321735139874279   10    1    9    7
 0.01950496413758311   10    1   10    1
 0.02436643800274538   10    2    4    2
 -0.02232521978778702   10    2    7    1
 -0.01196797100396986   10    2    7    3
 -0.01073274892897509   10    2    8    4
 0.006125873976211944   10    2    9    4
 0.02102569235305342   10    2   10    2
 0.004262206377367459   10    3    4    1
 0.009368887972713751   10    3    4    3
 -0.01063972418622621   10    3    7    2
 -0.001723400840418097   10    3    8    7
 -0.009788075215119518   10    3    9    7
 0.004113812290403705   10    3   10    1
 0.009939570541280397   10    3   10    3
 0.1083729087904839   10    4    1    1
 0.100280714324282   10    4    2    2
 -0.009928179397717675   10    4    3    1
 0.1007395219589688   10    4    3    3
 0.08951679379688736   10    4    4    4
 0.08413447944292199   10    4    5    5
 0.08867568090250427   10    4    6    6
 0.09732771680923036   10    4    7    7
 -0.01777282114539191   10    4    8    2
 0.09372966152134293   10    4    8    8
 0.02885016148117351   10    4    9    2
 0.05193358849824535   10    4    9    8
 0.08416328795833689   10    4    9    9
 0.07227819386505058   10    4   10    4
 0.002691157176982695   10    5    5    4
 0.004326017953362874   10    5    7    6
 0.008490866855891671   10    5   10    5
 0.005753031185063014   10    6    6    4
 0.005753031185063031   10    6    7    5
 0.007723899760893908   10    6   10    6
 -0.06640560467294555   10    7    2    1
 -0.05745245912627434   10    7    3    2
 0.07088570854283337   10    7    6    5
 0.08239177091295959   10    7    7    4
 0.05065932640088126   10    7    8    1
 -0.05058802314146663   10    7    8    3
 0.009174377764378832   10    7    9    1
 -0.06375405365623794   10    7    9    3
 0.07170018895000818   10    7   10    7
 -0.01294559429155481   10    8    4    2
 0.01585858376843762   10    8    7    1
 0.0006851341919625714   10    8    7    3
 0.01180967080791113   10    8    8    4
 0.00518297866504991   10    8    9    4
 -0.007957443578891419   10    8   10    2
 0.01192878092401319   10    8   10    8
 0.01464750739924452   10    9    4    2
 -0.00816655907887508   10    9    7    1
 -0.0164021923382572   10    9    7    3
 0.004511637282827672   10    9    8    4
 0.005416369668230835   10    9    9    4
 0.005429553624472884   10    9   10    2
 0.001703362345134396   10    9   10    8
 0.01305858932603117   10    9   10    9
 0.4670489928246357   10   10    1    1
 0.4273462738749192   10   10    2    2
 -0.02802070515738639   10   10    3    1
 0.4225967841098999   10   10    3    3
 0.4458303110783557   10   10    4    4
 0.4165092043978427   10   10    5    5
 0.4130372713474723   10   10    6    6
 0.4412829909732457   10   10    7    7
 -0.04360612661589689   10   10    8    2
 0.4157319507337849   10   10    8    8
 0.04117988615605449   10   10    9    2
 0.09445629824376166   10   10    9    8
 0.3782067729795389   10   10    9    9
 0.07652668665160733   10   10   10    4
 0.4240634120627529   10   10   10   10
 0.01950405161687266   11    1    5    1
 0.003602203243337873   11    1    5    3
 -0.02009281581540573   11    1    6    2
 0.01261671043492887   11    1    8    6
 -0.002321735139874287   11    1    9    6
 0.01950496413758311   11    1   11    1
 0.02436643800274538   11    2    5    2
 -0.02232521978778698   11    2    6    1
 -0.01196797100396984   11    2    6    3
 -0.01073274892897509   11    2    8    5
 0.006125873976211943   11    2    9    5
 0.02102569235305342   11    2   11    2
 0.004262206377367459   11    3    5    1
 0.009368887972713751   11    3    5    3
 -0.01063972418622619   11    3    6    2
 -0.001723400840418087   11    3    8    6
 -0.009788075215119506   11    3    9    6
 0.004113812290403706   11    3   11    1
 0.009939570541280401   11    3   11    3
 0.002691157176982695   11    4    5    4
 0.004326017953362874   11    4    7    6
 0.008490866855891671   11    4   10    5
 0.008490866855891671   11    4   11    4
 0.1083729087904839   11    5    1    1
 0.100280714324282   11    5    2    2
 -0.009928179397717661   11    5    3    1
 0.1007395219589687   11    5    3    3
 0.084134479442922   11    5    4    4
 0.0895167937968874   11    5    5    5
 0.09732771680923002   11    5    6    6
 0.08867568090250456   11    5    7    7
 -0.01777282114539192   11    5    8    2
 0.09372966152134274   11    5    8    8
 0.0288501614811735   11    5    9    2
 0.05193358849824541   11    5    9    8
 0.08416328795833672   11    5    9    9
 0.05529646015326724   11    5   10    4
 0.07456879362208808   11    5   10   10
 0.07227819386505062   11    5   11    5
 -0.06640560467294529   11    6    2    1
 -0.05745245912627408   11    6    3    2
 0.0823917709129591   11    6    6    5
 0.07088570854283317   11    6    7    4
 0.05065932640088109   11    6    8    1
 -0.0505880231414664   11    6    8    3
 0.009174377764378789   11    6    9    1
 -0.06375405365623776   11    6    9    3
 0.05625238942822017   11    6   10    7
 0.07170018895000783   11    6   11    6
 0.005753031185063041   11    7    6    4
 0.005753031185063059   11    7    7    5
 0.007723899760893918   11    7   10    6
 0.007723899760893927   11    7   11    7
 -0.01294559429155481   11    8    5    2
 0.0158585837684376   11    8    6    1
 0.0006851341919625811   11    8    6    3
 0.01180967080791113   11    8    8    5
 0.005182978665049912   11    8    9    5
 -0.007957443578891422   11    8   11    2
 0.01192878092401323   11    8   11    8
 0.01464750739924452   11    9    5    2
 -0.008166559078875082   11    9    6    1
 -0.01640219233825719   11    9    6    3
 0.004511637282827666   11    9    8    5
 0.005416369668230835   11    9    9    5
 0.005429553624472889   11    9   11    2
 0.00170336234513437   11    9   11    8
 0.0130585893260312   11    9   11    9
 0.01466055334025652   11   10    5    4
 0.01412285981288644   11   10    7    6
 0.0009789465147596677   11   10   10    5
 0.0009789465147596668   11   10   11    4
 0.01593633436984461   11   10   11   10
 0.4670489928246358   11   11    1    1
 0.4273462738749192   11   11    2    2
 -0.02802070515738636   11   11    3    1
 0.4225967841098998   11   11    3    3
 0.4165092043978427   11   11    4    4
 0.4458303110783557   11   11    5    5
 0.4412829909732453   11   11    6    6
 0.4130372713474728   11   11    7    7
 -0.04360612661589686   11   11    8    2
 0.4157319507337848   11   11    8    8
 0.04117988615605445   11   11    9    2
 0.09445629824376181   11   11    9    8
 0.3782067729795384   11   11    9    9
 0.07456879362208808   11   11   10    4
 0.392190743323064   11   11   10   10
 0.07652668665160738   11   11   11    5
 0.4240634120627531   11   11   11   11
 -0.02782766406043848   12    1    1    1
 -0.0397637014130114   12    1    2    2
 -0.0071753823363931   12    1    3    1
 -0.035435618570147   12    1    3    3
 -0.03021072188318179   12    1    4    4
 -0.03021072188318179   12    1    5    5
 -0.03293336610557898   12    1    6    6
 -0.03293336610557906   12    1    7    7
 0.001524253058852991   12    1    8    2
 -0.02316653472183476   12    1    8    8
 -0.01843138899937117   12    1    9    2
 -0.01526906807134744   12    1    9    8
 -0.02623056858219749   12    1    9    9
 -0.02052367588474271   12    1   10    4
 -0.02707824470354283   12    1   10   10
 -0.02052367588474273   12    1   11    5
 -0.02707824470354285   12    1   11   11
 0.01090710034781087   12    1   12    1
 -0.04751607556723426   12    2    2    1
 -0.05617233253040422   12    2    3    2
 0.05313719012245006   12    2    6    5
 0.05313719012245016   12    2    7    4
 0.02599864744560513   12    2    8    1
 -0.03513452496168933   12    2    8    3
 -0.004925579432894378   12    2    9    1
 -0.06367742254325434   12    2    9    3
 0.047309204434381   12    2   10    7
 0.04730920443438089   12    2   11    6
 0.0511079921058669   12    2   12    2
 -0.09511638782249231   12    3    1    1
 -0.09829143081666357   12    3    2    2
 0.003478626585148786   12    3    3    1
 -0.1036044813754728   12    3    3    3
 -0.08043121719853324   12    3    4    4
 -0.08043121719853322   12    3    5    5
 -0.08218823985843177   12    3    6    6
 -0.08218823985843207   12    3    7    7
 0.009496314896701089   12    3    8    2
 -0.07436910558811884   12    3    8    8
 -0.04613075825501561   12    3    9    2
 -0.06162174640699515   12    3    9    8
 -0.07684826227225329   12    3    9    9
 -0.04797016546995783   12    3   10    4
 -0.07364134944878381   12    3   10   10
 -0.04797016546995782   12    3   11    5
 -0.07364134944878374   12    3   11   11
 0.02210273523804719   12    3   12    1
 0.06524043489822642   12    3   12    3
 -0.006579378783831101   12    4    4    1
 -0.004705989891150254   12    4    4    3
 0.009411088041494729   12    4    7    2
 -0.004112839476828153   12    4    8    7
 0.00887996676237619   12    4    9    7
 -0.0102510018780818   12    4   10    1
 -0.008835416768488594   12    4   10    3
 0.01146346490479363   12    4   12    4
 -0.006579378783831101   12    5    5    1
 -0.004705989891150254   12    5    5    3
 0.009411088041494695   12    5    6    2
 -0.004112839476828154   12    5    8    6
 0.008879966762376193   12    5    9    6
 -0.0102510018780818   12    5   11    1
 -0.008835416768488596   12    5   11    3
 0.01146346490479363   12    5   12    5
 0.010134414207072   12    6    5    2
 -0.008738220489367994   12    6    6    1
 -0.004914990257566692   12    6    6    3
 -0.004977329437839044   12    6    8    5
 0.008232669993361237   12    6    9    5
 0.0150339526863436   12    6   11    2
 -0.0009558273594011089   12    6   11    8
 0.002223895430354526   12    6   11    9
 0.0150516601640944   12    6   12    6
 0.01013441420707208   12    7    4    2
 -0.00873822048936808   12    7    7    1
 -0.004914990257566775   12    7    7    3
 -0.004977329437839055   12    7    8    4
 0.008232669993361244   12    7    9    4
 0.01503395268634363   12    7   10    2
 -0.000955827359401137   12    7   10    8
 0.002223895430354577   12    7   10    9
 0.0150516601640944   12    7   12    7
 0.00937587155848999   12    8    2    1
 0.0172322605110635   12    8    3    2
 -0.01409006250006426   12    8    6    5
 -0.01409006250006428   12    8    7    4
 0.005134733942361076   12    8    8    1
 0.01540602054429263   12    8    8    3
 -0.002723909225169706   12    8    9    1
 -0.02662350427314012   12    8    9    3
 0.008722216843988415   12    8   10    7
 0.008722216843988344   12    8   11    6
 0.02060486638614111   12    8   12    2
 0.03356973004086065   12    8   12    8
 -0.1063262108468101   12    9    2    1
 -0.1502051202311164   12    9    3    2
 0.1266708487170715   12    9    6    5
 0.1266708487170716   12    9    7    4
 0.03777713144123363   12    9    8    1
 -0.1185519134973977   12    9    8    3
 0.006071275722281358   12    9    9    1
 -0.06879582130292361   12    9    9    3
 0.05470017258319328   12    9   10    7
 0.05470017258319309   12    9   11    6
 0.0421760574901638   12    9   12    2
 -0.03178603769913245   12    9   12    8
 0.1676710989723344   12    9   12    9
 -0.0312542464251043   12   10    4    1
 -0.01729471536642342   12   10    4    3
 0.03824867361442846   12   10    7    2
 -0.006566558252846307   12   10    8    7
 0.001409930640209479   12   10    9    7
 -0.006971594046176804   12   10   10    1
 -0.006261696210146689   12   10   10    3
 0.003184025641633261   12   10   12    4
 0.025200475869386   12   10   12   10
 -0.0312542464251043   12   11    5    1
 -0.01729471536642342   12   11    5    3
 0.03824867361442845   12   11    6    2
 -0.006566558252846281   12   11    8    6
 0.00140993064020943   12   11    9    6
 -0.006971594046176802   12   11   11    1
 -0.006261696210146685   12   11   11    3
 0.003184025641633256   12   11   12    5
 0.025200475869386   12   11   12   11
 0.3781578307248771   12   12    1    1
 0.4121435297539229   12   12    2    2
 0.01325885736711809   12   12    3    1
 0.4221990352289179   12   12    3    3
 0.3692959275085346   12   12    4    4
 0.3692959275085347   12   12    5    5
 0.3799207166323605   12   12    6    6
 0.3799207166323608   12   12    7    7
 0.01195487331914564   12   12    8    2
 0.3812245279144132   12   12    8    8
 0.0457544878148081   12   12    9    2
 0.04516896832661046   12   12    9    8
 0.3911618381957122   12   12    9    9
 0.06257708547385589   12   12   10    4
 0.3494778873577493   12   12   10   10
 0.06257708547385582   12   12   11    5
 0.3494778873577492   12   12   11   11
 -0.02316273900739138   12   12   12    1
 -0.05662085372333987   12   12   12    3
 0.3750793625013306   12   12   12   12
 -0.01956367895987718   13    1    5    2
 0.02164470109792417   13    1    6    1
 0.00365420850149813   13    1    6    3
 0.01541222531355157   13    1    8    5
 -0.0003365581518806005   13    1    9    5
 -0.0170760173209839   13    1   11    2
 0.01137226085957558   13    1   11    8
 0.0003954567723626844   13    1   11    9
 -0.01073141386297118   13    1   12    6
 0.01774978102467469   13    1   13    1
 -0.01934356067838622   13    2    5    1
 -0.004060682369505545   13    2    5    3
 0.01918576376388121   13    2    6    2
 -0.01221305901015518   13    2    8    6
 0.007285836303884647   13    2    9    6
 -0.01714482566345803   13    2   11    1
 -0.008737156886058925   13    2   11    3
 0.01382237060856383   13    2   12    5
 0.00682657814619431   13    2   12   11
 0.01969639600064993   13    2   13    2
 -0.001807940429382486   13    3    5    2
 -0.001016769974202531   13    3    6    1
 0.004246474203630435   13    3    6    3
 -0.002618436427233052   13    3    8    5
 -0.00869124046344893   13    3    9    5
 -0.007792117881537159   13    3   11    2
 -0.004422929569124759   13    3   11    8
 -0.003494107734548619   13    3   11    9
 -0.01058627952353649   13    3   12    6
 0.002646762511379614   13    3   13    1
 0.009951606336707049   13    3   13    3
 0.004490060975326098   13    4    6    4
 0.004490060975326115   13    4    7    5
 0.007073207308695519   13    4   10    6
 0.007073207308695526   13    4   11    7
 0.006727909100153125   13    4   13    4
 -0.05302208404350599   13    5    2    1
 -0.03879714446139851   13    5    3    2
 0.0646417411330336   13    5    6    5
 0.05566161918238151   13    5    7    4
 0.04676915370228635   13    5    8    1
 -0.0387134761171816   13    5    8    3
 0.009792787686214579   13    5    9    1
 -0.05463751273965846   13    5    9    3
 0.04865781799285161   13    5   10    7
 0.06280423261024252   13    5   11    6
 0.04072170846120138   13    5   12    2
 0.01087895893519195   13    5   12    8
 0.03765977120772968   13    5   12    9
 0.05672226812788764   13    5   13    5
 0.1295914419716037   13    6    1    1
 0.1036633306485591   13    6    2    2
 -0.02017313044431863   13    6    3    1
 0.1032843710277744   13    6    3    3
 0.09690517586991991   13    6    4    4
 0.1049183156383412   13    6    5    5
 0.1056491901513342   13    6    6    6
 0.09698742195952247   13    6    7    7
 -0.02839470406191992   13    6    8    2
 0.1031101294311336   13    6    8    8
 0.02901086213977353   13    6    9    2
 0.06219995316332253   13    6    9    8
 0.08416394531108982   13    6    9    9
 0.05608132344880777   13    6   10    4
 0.08609697624842363   13    6   10   10
 0.07127832760248649   13    6   11    5
 0.09133140526255391   13    6   11   11
 -0.02143162126108702   13    6   12    1
 -0.05302951308157396   13    6   12    3
 0.05868144938634545   13    6   12   12
 0.07798124735518629   13    6   13    6
 0.004006569884210675   13    7    5    4
 0.004330884095906057   13    7    7    6
 0.007598502076839358   13    7   10    5
 0.007598502076839358   13    7   11    4
 0.002617214507065169   13    7   11   10
 0.008238957295102689   13    7   13    7
 0.02689734567729492   13    8    5    1
 0.0009356440790646769   13    8    5    3
 -0.0226821931100109   13    8    6    2
 0.01419032989581113   13    8    8    6
 0.007425397466210135   13    8    9    6
 0.01205274450327747   13    8   11    1
 -0.003282844725817944   13    8   11    3
 -0.0002547692585086261   13    8   12    5
 -0.01038818748138841   13    8   12   11
 -0.007098787811730481   13    8   13    2
 0.01706787285330626   13    8   13    8
 -0.009864684404470843   13    9    5    1
 -0.01626294036997368   13    9    5    3
 0.0205963383515283   13    9    6    2
 0.006164235427569813   13    9    8    6
 0.00251196548803486   13    9    9    6
 0.001085527552624387   13    9   11    1
 -0.005370374807238564   13    9   11    3
 -9.997678234241418e-05   13    9   12    5
 0.0180129213643638   13    9   12   11
 -0.0009675611646523158   13    9   13    2
 -0.002390553789783598   13    9   13    8
 0.01859329243232073   13    9   13    9
 0.01090566019342809   13   10    6    4
 0.0109056601934281   13   10    7    5
 0.003911576266020364   13   10   10    6
 0.00391157626602039   13   10   11    7
 0.002893016817024916   13   10   13    4
 0.01063139989218449   13   10   13   10
 -0.1058969009143888   13   11    2    1
 -0.1051112919965494   13   11    3    2
 0.141472098018796   13   11    6    5
 0.11966077763194   13   11    7    4
 0.06631126887176603   13   11    8    1
 -0.0885349548055732   13   11    8    3
 0.01603222675519161   13   11    9    1
 -0.06993811802586637   13   11    9    3
 0.061319539195343   13   11   10    7
 0.06914269172738353   13   11   11    6
 0.04386034780819459   13   11   12    2
 -0.01287028091430356   13   11   12    8
 0.1142827773988975   13   11   12    9
 0.05397490102865549   13   11   13    5
 0.1290855422127252   13   11   13   11
 0.03155523911313282   13   12    5    2
 -0.02516216018042066   13   12    6    1
 -0.02336640507525524   13   12    6    3
 -0.004127111572146156   13   12    8    5
 0.00126211666695533   13   12    9    5
 0.01012262973817063   13   12   11    2
 -0.00655025158023863   13   12   11    8
 0.01649263774031863   13   12   11    9
 -0.0001592952360916952   13   12   12    6
 -0.005844313443725969   13   12   13    1
 0.001651570774639008   13   12   13    3
 0.02991505836550318   13   12   13   12
 0.4377777011803477   13   13    1    1
 0.4123951011116347   13   13    2    2
 -0.01994439531663374   13   13    3    1
 0.4094459447632099   13   13    3    3
 0.3949954412866352   13   13    4    4
 0.4203263904849033   13   13    5    5
 0.4228388530091075   13   13    6    6
 0.3958329814829094   13   13    7    7
 -0.03293234305499101   13   13    8    2
 0.4004622545013405   13   13    8    8
 0.03561449992826947   13   13    9    2
 0.07953334296807228   13   13    9    8
 0.3721279531685869   13   13    9    9
 0.07061220827361207   13   13   10    4
 0.3722957940746668   13   13   10   10
 0.07408205600436157   13   13   11    5
 0.3991317922932123   13   13   11   11
 -0.023613930325248   13   13   12    1
 -0.06234463799541153   13   13   12    3
 0.3481120967081585   13   13   12   12
 0.07935793090554925   13   13   13    6
 0.3879059439632191   13   13   13   13
 -0.01956367895987705   14    1    4    2
 0.02164470109792409   14    1    7    1
 0.003654208501498088   14    1    7    3
 0.0154122253135515   14    1    8    4
 -0.0003365581518806003   14    1    9    4
 -0.01707601732098385   14    1   10    2
 0.01137226085957554   14    1   10    8
 0.0003954567723627072   14    1   10    9
 -0.01073141386297118   14    1   12    7
 0.01774978102467457   14    1   14    1
 -0.01934356067838605   14    2    4    1
 -0.00406068236950548   14    2    4    3
 0.01918576376388107   14    2    7    2
 -0.01221305901015514   14    2    8    7
 0.007285836303884644   14    2    9    7
 -0.01714482566345799   14    2   10    1
 -0.008737156886058904   14    2   10    3
 0.01382237060856381   14    2   12    4
 0.006826578146194218   14    2   12   10
 0.01969639600064985   14    2   14    2
 -0.001807940429382414   14    3    4    2
 -0.001016769974202573   14    3    7    1
 0.004246474203630393   14    3    7    3
 -0.002618436427233051   14    3    8    4
 -0.008691240463448911   14    3    9    4
 -0.00779211788153713   14    3   10    2
 -0.004422929569124763   14    3   10    8
 -0.003494107734548585   14    3   10    9
 -0.01058627952353648   14    3   12    7
 0.002646762511379605   14    3   14    1
 0.00995160633670703   14    3   14    3
 -0.05302208404350569   14    4    2    1
 -0.03879714446139821   14    4    3    2
 0.05566161918238104   14    4    6    5
 0.06464174113303328   14    4    7    4
 0.0467691537022862   14    4    8    1
 -0.03871347611718126   14    4    8    3
 0.009792787686214518   14    4    9    1
 -0.05463751273965837   14    4    9    3
 0.06280423261024247   14    4   10    7
 0.04865781799285131   14    4   11    6
 0.04072170846120123   14    4   12    2
 0.0108789589351922   14    4   12    8
 0.03765977120772921   14    4   12    9
 0.04326644992758127   14    4   13    5
 0.0481888673946053   14    4   13   11
 0.05672226812788735   14    4   14    4
 0.004490060975326062   14    5    6    4
 0.004490060975326077   14    5    7    5
 0.007073207308695506   14    5   10    6
 0.007073207308695513   14    5   11    7
 0.006727909100153115   14    5   13    4
 0.002893016817024891   14    5   13   10
 0.006727909100153102   14    5   14    5
 0.0040065698842106   14    6    5    4
 0.004330884095905977   14    6    7    6
 0.007598502076839344   14    6   10    5
 0.007598502076839344   14    6   11    4
 0.002617214507065106   14    6   11   10
 0.008238957295102678   14    6   13    7
 0.008238957295102663   14    6   14    6
 0.1295914419716036   14    7    1    1
 0.1036633306485589   14    7    2    2
 -0.02017313044431862   14    7    3    1
 0.1032843710277743   14    7    3    3
 0.104918315638341   14    7    4    4
 0.09690517586991976   14    7    5    5
 0.09698742195952201   14    7    6    6
 0.1056491901513344   14    7    7    7
 -0.02839470406191996   14    7    8    2
 0.1031101294311336   14    7    8    8
 0.02901086213977356   14    7    9    2
 0.06219995316332234   14    7    9    8
 0.08416394531109   14    7    9    9
 0.07127832760248637   14    7   10    4
 0.09133140526255372   14    7   10   10
 0.05608132344880773   14    7   11    5
 0.08609697624842348   14    7   11   11
 -0.02143162126108697   14    7   12    1
 -0.05302951308157394   14    7   12    3
 0.05868144938634543   14    7   12   12
 0.06150333276498092   14    7   13    6
 0.07654355180232604   14    7   13   13
 0.07798124735518609   14    7   14    7
 0.02689734567729483   14    8    4    1
 0.0009356440790646856   14    8    4    3
 -0.02268219311001086   14    8    7    2
 0.01419032989581109   14    8    8    7
 0.007425397466210129   14    8    9    7
 0.01205274450327745   14    8   10    1
 -0.003282844725817939   14    8   10    3
 -0.0002547692585086426   14    8   12    4
 -0.0103881874813884   14    8   12   10
 -0.007098787811730389   14    8   14    2
 0.01706787285330616   14    8   14    8
 -0.00986468440447086   14    9    4    1
 -0.01626294036997366   14    9    4    3
 0.02059633835152829   14    9    7    2
 0.006164235427569804   14    9    8    7
 0.002511965488034873   14    9    9    7
 0.001085527552624393   14    9   10    1
 -0.005370374807238537   14    9   10    3
 -9.997678234241353e-05   14    9   12    4
 0.01801292136436379   14    9   12   10
 -0.0009675611646523934   14    9   14    2
 -0.002390553789783602   14    9   14    8
 0.01859329243232068   14    9   14    9
 -0.1058969009143886   14   10    2    1
 -0.1051112919965493   14   10    3    2
 0.1196607776319397   14   10    6    5
 0.141472098018796   14   10    7    4
 0.0663112688717659   14   10    8    1
 -0.08853495480557305   14   10    8    3
 0.01603222675519165   14   10    9    1
 -0.06993811802586626   14   10    9    3
 0.06914269172738365   14   10   10    7
 0.06131953919534259   14   10   11    6
 0.04386034780819446   14   10   12    2
 -0.0128702809143036   14   10   12    8
 0.1142827773988974   14   10   12    9
 0.04818886739460541   14   10   13    5
 0.107822742428356   14   10   13   11
 0.05397490102865499   14   10   14    4
 0.129085542212725   14   10   14   10
 0.01090566019342808   14   11    6    4
 0.01090566019342809   14   11    7    5
 0.003911576266020347   14   11   10    6
 0.003911576266020373   14   11   11    7
 0.002893016817024903   14   11   13    4
 0.01063139989218448   14   11   13   10
 0.002893016817024874   14   11   14    5
 0.01063139989218447   14   11   14   11
 0.03155523911313279   14   12    4    2
 -0.02516216018042064   14   12    7    1
 -0.02336640507525523   14   12    7    3
 -0.004127111572146147   14   12    8    4
 0.001262116666955315   14   12    9    4
 0.01012262973817059   14   12   10    2
 -0.006550251580238632   14   12   10    8
 0.01649263774031861   14   12   10    9
 -0.000159295236091683   14   12   12    7
 -0.005844313443725878   14   12   14    1
 0.001651570774639095   14   12   14    3
 0.02991505836550319   14   12   14   12
 0.01266547459913404   14   13    5    4
 0.01350293576309918   14   13    7    6
 0.001734923865374726   14   13   10    5
 0.001734923865374726   14   13   11    4
 0.0134179991092727   14   13   11   10
 0.001407189551611498   14   13   13    7
 0.00140718955161143   14   13   14    6
 0.01382536936935964   14   13   14   13
 0.437777701180347   14   14    1    1
 0.4123951011116342   14   14    2    2
 -0.0199443953166336   14   14    3    1
 0.4094459447632093   14   14    3    3
 0.4203263904849027   14   14    4    4
 0.3949954412866347   14   14    5    5
 0.3958329814829086   14   14    6    6
 0.4228388530091072   14   14    7    7
 -0.03293234305499078   14   14    8    2
 0.4004622545013392   14   14    8    8
 0.03561449992826932   14   14    9    2
 0.07953334296807249   14   14    9    8
 0.3721279531685867   14   14    9    9
 0.07408205600436119   14   14   10    4
 0.3991317922932118   14   14   10   10
 0.07061220827361181   14   14   11    5
 0.3722957940746663   14   14   11   11
 -0.02361393032524793   14   14   12    1
 -0.06234463799541137   14   14   12    3
 0.3481120967081577   14   14   12   12
 0.07654355180232593   14   14   13    6
 0.3602552052244993   14   14   13   13
 0.07935793090554862   14   14   14    7
 0.3879059439632185   14   14   14   14
 -0.08443872836102323   15    1    1    1
 -0.0569117690752519   15    1    2    2
 0.02440099030104463   15    1    3    1
 -0.06762485138862932   15    1    3    3
 -0.04985563114692655   15    1    4    4
 -0.04985563114692654   15    1    5    5
 -0.05453150220354884   15    1    6    6
 -0.05453150220354906   15    1    7    7
 0.01799003819304903   15    1    8    2
 -0.07592315536316438   15    1    8    8
 -0.008338713149670498   15    1    9    2
 -0.04406515093367225   15    1    9    8
 -0.06088332532416098   15    1    9    9
 -0.04567435067311562   15    1   10    4
 -0.04401100779370088   15    1   10   10
 -0.0456743506731156   15    1   11    5
 -0.04401100779370085   15    1   11   11
 0.008181049896208376   15    1   12    1
 0.02758903446883931   15    1   12    3
 -0.03687320260698327   15    1   12   12
 -0.04296021467214897   15    1   13    6
 -0.04629491778797255   15    1   13   13
 -0.04296021467214896   15    1   14    7
 -0.0462949177879723   15    1   14   14
 0.04975545037688938   15    1   15    1
 -0.03060429226795314   15    2    2    1
 -0.02731244385659729   15    2    3    2
 0.0337435955981361   15    2    6    5
 0.03374359559813615   15    2    7    4
 0.02362716590737842   15    2    8    1
 -0.02891159047322288   15    2    8    3
 0.007854654516416511   15    2    9    1
 -0.02364521154202589   15    2    9    3
 0.02593658479607931   15    2   10    7
 0.02593658479607923   15    2   11    6
 0.01524558394627164   15    2   12    2
 -0.002848813285505969   15    2   12    8
 0.03034996381343327   15    2   12    9
 0.02204671866623555   15    2   13    5
 0.0297398092702287   15    2   13   11
 0.02204671866623547   15    2   14    4
 0.02973980927022861   15    2   14   10
 0.01392563646032666   15    2   15    2
 0.05464724128915902   15    3    1    1
 0.01890305991881453   15    3    2    2
 -0.02595109076600454   15    3    3    1
 0.02629513768696846   15    3    3    3
 0.02819803792663022   15    3    4    4
 0.02819803792663022   15    3    5    5
 0.02571170270928354   15    3    6    6
 0.02571170270928366   15    3    7    7
 -0.01984251282041085   15    3    8    2
 0.03969381709391847   15    3    8    8
 -0.0006746116150764517   15    3    9    2
 0.03234107673062649   15    3    9    8
 0.02367464995858894   15    3    9    9
 0.01670464564698742   15    3   10    4
 0.02553614457140759   15    3   10   10
 0.01670464564698741   15    3   11    5
 0.02553614457140755   15    3   11   11
 -0.00040753047496301   15    3   12    1
 -0.01411135567606538   15    3   12    3
 0.007483214619503919   15    3   12   12
 0.01899623029626081   15    3   13    6
 0.02318300235698499   15    3   13   13
 0.01899623029626082   15    3   14    7
 0.02318300235698492   15    3   14   14
 -0.02345098222658205   15    3   15    1
 0.01796420194302172   15    3   15    3
 0.01345788764846979   15    4    4    1
 0.0001155026982555226   15    4    4    3
 -0.00715613798779437   15    4    7    2
 0.002739617531246745   15    4    8    7
 0.002520154842348945   15    4    9    7
 -0.01470980156840843   15    4   10    1
 -0.0006308814795043795   15    4   10    3
 0.006909149466605017   15    4   12    4
 -0.005900925848028474   15    4   12   10
 0.009385914008291843   15    4   14    2
 -0.004172479291876106   15    4   14    8
 -0.005067958758799572   15    4   14    9
 0.02598602443751041   15    4   15    4
 0.01345788764846979   15    5    5    1
 0.0001155026982555226   15    5    5    3
 -0.007156137987794391   15    5    6    2
 0.002739617531246746   15    5    8    6
 0.002520154842348963   15    5    9    6
 -0.01470980156840843   15    5   11    1
 -0.0006308814795043783   15    5   11    3
 0.006909149466605016   15    5   12    5
 -0.005900925848028475   15    5   12   11
 0.009385914008291826   15    5   13    2
 -0.004172479291876097   15    5   13    8
 -0.005067958758799566   15    5   13    9
 0.02598602443751041   15    5   15    5
 0.007329324624008953   15    6    5    2
 -0.008456000213699027   15    6    6    1
 -0.00116118567718966   15    6    6    3
 -0.005613526909450535   15    6    8    5
 -0.0003731560036650519   15    6    9    5
 0.01010669543556127   15    6   11    2
 -0.008287214677823188   15    6   11    8
 -0.001080152539389197   15    6   11    9
 0.005710400616911128   15    6   12    6
 -0.01064194160850451   15    6   13    1
 -0.0008889504073979316   15    6   13    3
 0.002053193373596197   15    6   13   12
 0.009573157237602249   15    6   15    6
 0.007329324624009002   15    7    4    2
 -0.008456000213699104   15    7    7    1
 -0.001161185677189675   15    7    7    3
 -0.005613526909450574   15    7    8    4
 -0.000373156003665052   15    7    9    4
 0.01010669543556129   15    7   10    2
 -0.008287214677823203   15    7   10    8
 -0.001080152539389198   15    7   10    9
 0.005710400616911142   15    7   12    7
 -0.01064194160850451   15    7   14    1
 -0.0008889504073979238   15    7   14    3
 0.002053193373596209   15    7   14   12
 0.009573157237602272   15    7   15    7
 0.03246136561514005   15    8    2    1
 0.005700407057770389   15    8    3    2
 -0.03398226837123194   15    8    6    5
 -0.03398226837123201   15    8    7    4
 -0.0480826243172115   15    8    8    1
 0.02724906730126911   15    8    8    3
 -0.02084528122697929   15    8    9    1
 0.04078365929463269   15    8    9    3
 -0.0363778468316842   15    8   10    7
 -0.0363778468316841   15    8   11    6
 -0.02182050501056105   15    8   12    2
 -0.01446444829251647   15    8   12    8
 -0.01266540542792267   15    8   12    9
 -0.0341962729502529   15    8   13    5
 -0.03219758140604052   15    8   13   11
 -0.03419627295025279   15    8   14    4
 -0.03219758140604049   15    8   14   10
 -0.01710617923775491   15    8   15    2
 0.04023453663730082   15    8   15    8
 0.03405567823309609   15    9    2    1
 0.02528319629298651   15    9    3    2
 -0.03804004023294034   15    9    6    5
 -0.03804004023294038   15    9    7    4
 -0.0343372591471376   15    9    8    1
 0.04024112400753693   15    9    8    3
 -0.01773223531440344   15    9    9    1
 0.02560924109934439   15    9    9    3
 -0.02308402301639647   15    9   10    7
 -0.02308402301639635   15    9   11    6
 -0.009398148474659942   15    9   12    2
 0.005737512668580531   15    9   12    8
 -0.04147286448924663   15    9   12    9
 -0.01969993930090808   15    9   13    5
 -0.03638082160319841   15    9   13   11
 -0.01969993930090808   15    9   14    4
 -0.03638082160319844   15    9   14   10
 -0.01408657284241092   15    9   15    2
 0.02233724587546626   15    9   15    8
 0.02454169788116022   15    9   15    9
 -0.05400685000343308   15   10    4    1
 -0.004605474606553212   15   10    4    3
 0.04360494557510801   15   10    7    2
 -0.02572648475366465   15   10    8    7
 -0.005885606089913922   15   10    9    7
 -0.004707746041074078   15   10   10    1
 -0.0006262351735333197   15   10   10    3
 -0.0001226258088683792   15   10   12    4
 0.02226681824041487   15   10   12   10
 0.007403441371526262   15   10   14    2
 -0.01567223317504699   15   10   14    8
 0.006281316283263785   15   10   14    9
 -0.02175437748447806   15   10   15    4
 0.0522830211152682   15   10   15   10
 -0.05400685000343308   15   11    5    1
 -0.004605474606553213   15   11    5    3
 0.04360494557510798   15   11    6    2
 -0.02572648475366462   15   11    8    6
 -0.005885606089913933   15   11    9    6
 -0.00470774604107408   15   11   11    1
 -0.0006262351735333181   15   11   11    3
 -0.0001226258088683833   15   11   12    5
 0.02226681824041488   15   11   12   11
 0.007403441371526378   15   11   13    2
 -0.0156722331750471   15   11   13    8
 0.006281316283263815   15   11   13    9
 -0.02175437748447806   15   11   15    5
 0.05228302111526822   15   11   15   11
 0.01228313463976456   15   12    1    1
 0.01010444435282495   15   12    2    2
 0.0008868104766863538   15   12    3    1
 0.002692139458109797   15   12    3    3
 0.0149899697579362   15   12    4    4
 0.0149899697579362   15   12    5    5
 0.01360780866698766   15   12    6    6
 0.01360780866698771   15   12    7    7
 -0.007288792905027616   15   12    8    2
 0.0006816965473653869   15   12    8    8
 0.004493294616989462   15   12    9    2
 0.00652809443619108   15   12    9    8
 -0.005162579095017533   15   12    9    9
 0.001048752489313139   15   12   10    4
 0.01308243561554979   15   12   10   10
 0.001048752489313151   15   12   11    5
 0.01308243561554985   15   12   11   11
 -0.003149482189870047   15   12   12    1
 -0.005499174750593267   15   12   12    3
 -0.002263903834469047   15   12   12   12
 0.003558940750314672   15   12   13    6
 0.009159693621899565   15   12   13   13
 0.003558940750314617   15   12   14    7
 0.009159693621899454   15   12   14   14
 0.004128447723960868   15   12   15    1
 -0.0007143561870145372   15   12   15    3
 0.006099569530224729   15   12   15   12
 0.01976993007479873   15   13    5    2
 -0.02091803370967909   15   13    6    1
 -0.005551809991955921   15   13    6    3
 -0.01373119596828675   15   13    8    5
 -0.00202913058181414   15   13    9    5
 0.008949729060296324   15   13   11    2
 -0.008092712383892572   15   13   11    8
 0.0008462288442389783   15   13   11    9
 0.00297832976051501   15   13   12    6
 -0.01017891794311302   15   13   13    1
 0.001800316570474225   15   13   13    3
 0.00998192000248598   15   13   13   12
 0.003606913873356479   15   13   15    6
 0.01335536804635324   15   13   15   13
 0.01976993007479871   15   14    4    2
 -0.02091803370967909   15   14    7    1
 -0.00555180999195591   15   14    7    3
 -0.01373119596828674   15   14    8    4
 -0.002029130581814145   15   14    9    4
 0.008949729060296292   15   14   10    2
 -0.008092712383892564   15   14   10    8
 0.000846228844238989   15   14   10    9
 0.002978329760515013   15   14   12    7
 -0.01017891794311293   15   14   14    1
 0.001800316570474241   15   14   14    3
 0.00998192000248598   15   14   14   12
 0.003606913873356494   15   14   15    7
 0.01335536804635319   15   14   15   14
 0.5053937784992765   15   15    1    1
 0.4080976922747784   15   15    2    2
 -0.06374174524127858   15   15    3    1
 0.4121557139782799   15   15    3    3
 0.4401060646836383   15   15    4    4
 0.4401060646836383   15   15    5    5
 0.420427023367793   15   15    6    6
 0.4204270233677933   15   15    7    7
 -0.06422893722957954   15   15    8    2
 0.4323115775767011   15   15    8    8
 0.02015520723181878   15   15    9    2
 0.1050171157829233   15   15    9    8
 0.3661115814922231   15   15    9    9
 0.05466374715812294   15   15   10    4
 0.4084770202287749   15   15   10   10
 0.05466374715812292   15   15   11    5
 0.4084770202287749   15   15   11   11
 -0.01591341774962483   15   15   12    1
 -0.06114644741159438   15   15   12    3
 0.3278427765782392   15   15   12   12
 0.07826720341783577   15   15   13    6
 0.3762266078398345   15   15   13   13
 0.07826720341783566   15   15   14    7
 0.3762266078398342   15   15   14   14
 -0.03551487829798458   15   15   15    1
 0.0328505436095152   15   15   15    3
 0.01254822870613434   15   15   15   12
 0.4519312725883317   15   15   15   15
 -0.03820116696735244   16    1    2    1
 -0.0225436655769054   16    1    3    2
 0.03929735202224529   16    1    6    5
 0.03929735202224539   16    1    7    4
 0.04260538962918413   16    1    8    1
 -0.03716427590329937   16    1    8    3
 0.01656430695847479   16    1    9    1
 -0.0410673320470188   16    1    9    3
 0.03917014151316205   16    1   10    7
 0.03917014151316198   16    1   11    6
 0.02487311954987303   16    1   12    2
 0.006504726069365341   16    1   12    8
 0.02972184068974248   16    1   12    9
 0.03579227194962858   16    1   13    5
 0.03591797552930643   16    1   13   11
 0.03579227194962847   16    1   14    4
 0.03591797552930639   16    1   14   10
 0.01964651965945779   16    1   15    2
 -0.03360399895347868   16    1   15    8
 -0.02231965570560826   16    1   15    9
 0.03423658107211072   16    1   16    1
 -0.06544756831932912   16    2    1    1
 -0.06142476308663376   16    2    2    2
 0.007627682792551898   16    2    3    1
 -0.06904083108569394   16    2    3    3
 -0.04723586521131405   16    2    4    4
 -0.04723586521131404   16    2    5    5
 -0.04977647443598965   16    2    6    6
 -0.04977647443598987   16    2    7    7
 0.005415338418053043   16    2    8    2
 -0.06051407010010684   16    2    8    8
 -0.02130703968877109   16    2    9    2
 -0.03428551710115693   16    2    9    8
 -0.05818420180493358   16    2    9    9
 -0.03944098157834246   16    2   10    4
 -0.04287684526444611   16    2   10   10
 -0.03944098157834248   16    2   11    5
 -0.04287684526444611   16    2   11   11
 0.01345307360894625   16    2   12    1
 0.03428205180817816   16    2   12    3
 -0.04139682704285698   16    2   12   12
 -0.04044772230046395   16    2   13    6
 -0.03949462921214511   16    2   13   13
 -0.04044772230046385   16    2   14    7
 -0.03949462921214501   16    2   14   14
 0.03006072336891532   16    2   15    1
 -0.01026292896954686   16    2   15    3
 0.001719956446457875   16    2   15   12
 -0.03293081300590392   16    2   15   15
 0.03015363412428076   16    2   16    2
 -0.002208765342557451   16    3    2    1
 -0.02599366077445584   16    3    3    2
 0.001742821173728413   16    3    6    5
 0.00174282117372847   16    3    7    4
 -0.01737681106282826   16    3    8    1
 -0.005382866201629448   16    3    8    3
 -0.01448585896561758   16    3    9    1
 -0.009439547816599629   16    3    9    3
 0.005697087703129135   16    3   10    7
 0.005697087703129202   16    3   11    6
 0.01422798425585836   16    3   12    2
 0.0009346441366952982   16    3   12    8
 0.0174509211937935   16    3   12    9
 0.003661269400691024   16    3   13    5
 0.00110827350678746   16    3   13   11
 0.003661269400690949   16    3   14    4
 0.00110827350678753   16    3   14   10
 0.0004685064445583627   16    3   15    2
 0.01011900473266346   16    3   15    8
 0.00567048624657209   16    3   15    9
 -0.002788877192766391   16    3   16    1
 0.01583957098645199   16    3   16    3
 -4.178159925007323e-05   16    4    4    2
 0.002030450215438498   16    4    7    1
 -0.003506296601750868   16    4    7    3
 0.003709464402075591   16    4    8    4
 -0.002131756151016383   16    4    9    4
 -0.0117130784736457   16    4   10    2
 0.006271264904917439   16    4   10    8
 0.002982833717655645   16    4   10    9
 -0.01022319740320438   16    4   12    7
 0.01173962699618797   16    4   14    1
 0.004986358194638271   16    4   14    3
 0.004630714016024382   16    4   14   12
 -0.010944702330018   16    4   15    7
 0.0001162956860823444   16    4   15   14
 0.01669758650076947   16    4   16    4
 -4.178159925007048e-05   16    5    5    2
 0.002030450215438469   16    5    6    1
 -0.003506296601750884   16    5    6    3
 0.003709464402075579   16    5    8    5
 -0.002131756151016363   16    5    9    5
 -0.0117130784736457   16    5   11    2
 0.006271264904917453   16    5   11    8
 0.002982833717655635   16    5   11    9
 -0.0102231974032044   16    5   12    6
 0.01173962699618798   16    5   13    1
 0.004986358194638257   16    5   13    3
 0.004630714016024357   16    5   13   12
 -0.010944702330018   16    5   15    6
 0.000116295686082334   16    5   15   13
 0.0166975865007695   16    5   16    5
 -0.005257907793533153   16    6    5    1
 -0.004081587984229763   16    6    5    3
 0.005843450926340067   16    6    6    2
 0.002115960130929757   16    6    8    6
 -0.004961556632402775   16    6    9    6
 0.01435075561123542   16    6   11    1
 0.004162539410926696   16    6   11    3
 -0.01079473749299278   16    6   12    5
 0.005947424173054694   16    6   12   11
 -0.01449628397192085   16    6   13    2
 0.003558358861610299   16    6   13    8
 0.007121118826171652   16    6   13    9
 -0.01888365787004348   16    6   15    5
 0.01209230078756405   16    6   15   11
 0.02193618712325515   16    6   16    6
 -0.005257907793533033   16    7    4    1
 -0.004081587984229734   16    7    4    3
 0.005843450926339916   16    7    7    2
 0.002115960130929801   16    7    8    7
 -0.004961556632402731   16    7    9    7
 0.01435075561123544   16    7   10    1
 0.004162539410926707   16    7   10    3
 -0.01079473749299278   16    7   12    4
 0.005947424173054635   16    7   12   10
 -0.01449628397192088   16    7   14    2
 0.003558358861610389   16    7   14    8
 0.007121118826171592   16    7   14    9
 -0.01888365787004346   16    7   15    4
 0.01209230078756395   16    7   15   10
 0.02193618712325511   16    7   16    7
 0.09400777402144928   16    8    1    1
 0.04104619498344202   16    8    2    2
 -0.03692662822770679   16    8    3    1
 0.04703167636790428   16    8    3    3
 0.05485665713159647   16    8    4    4
 0.05485665713159633   16    8    5    5
 0.05117594080873012   16    8    6    6
 0.0511759408087304   16    8    7    7
 -0.03194294223385811   16    8    8    2
 0.06851215665786617   16    8    8    8
 -0.001556916539180284   16    8    9    2
 0.04589580246474771   16    8    9    8
 0.03940179663987912   16    8    9    9
 0.03212761665473559   16    8   10    4
 0.0466600985419282   16    8   10   10
 0.03212761665473565   16    8   11    5
 0.04666009854192787   16    8   11   11
 -0.003853258957905971   16    8   12    1
 -0.01944915535934912   16    8   12    3
 0.01771876423498516   16    8   12   12
 0.0356972596461381   16    8   13    6
 0.04299456891352345   16    8   13   13
 0.03569725964613783   16    8   14    7
 0.04299456891352452   16    8   14   14
 -0.03600366865290365   16    8   15    1
 0.022808118019066   16    8   15    3
 0.0004018371217409573   16    8   15   12
 0.05465967191717577   16    8   15   15
 -1.277884975021176e-15   16    8   16    1
 -0.01949835963748489   16    8   16    2
 0.03699124517737694   16    8   16    8
 0.02888062645340522   16    9    1    1
 -0.01283357327568529   16    9    2    2
 -0.02765274993485351   16    9    3    1
 -0.006621972624376757   16    9    3    3
 0.003693316165068342   16    9    4    4
 0.003693316165068542   16    9    5    5
 -0.001547351790639475   16    9    6    6
 -0.001547351790639651   16    9    7    7
 -0.01794235344485225   16    9    8    2
 0.0213400695667492   16    9    8    8
 -0.01755768054490887   16    9    9    2
 0.009647832431307363   16    9    9    8
 0.001592884355063937   16    9    9    9
 0.003702627721597389   16    9   10    4
 0.0006962605980311788   16    9   10   10
 0.003702627721597406   16    9   11    5
 0.0006962605980312885   16    9   11   11
 0.0058521079483687   16    9   12    1
 0.008462075015340508   16    9   12    3
 -0.01073741454023227   16    9   12   12
 0.006438819490876187   16    9   13    6
 -0.0003699668809866175   16    9   13   13
 0.006438819490876305   16    9   14    7
 -0.0003699668809873628   16    9   14   14
 -0.01443926589808219   16    9   15    1
 0.01127521126556618   16    9   15    3
 -0.004362820732210634   16    9   15   12
 0.01671475434711302   16    9   15   15
 1.388410607691606e-15   16    9   16    1
 -0.002991402904033582   16    9   16    2
 0.01634850049304908   16    9   16    8
 0.01851575470641269   16    9   16    9
 -0.03168111068679125   16   10    4    2
 0.03007826480701837   16   10    7    1
 0.01481913310676374   16   10    7    3
 0.01492167556590121   16   10    8    4
 0.00127534638987991   16   10    9    4
 -0.01108761727888515   16   10   10    2
 0.008672660032567656   16   10   10    8
 -0.007702824805350713   16   10   10    9
 -0.002029019230505396   16   10   12    7
 0.01047051801515741   16   10   14    1
 -0.002446719863602796   16   10   14    3
 -0.02178829626321975   16   10   14   12
 -0.00194449194899868   16   10   15    7
 -0.01753841108140578   16   10   15   14
 -0.004808712533855909   16   10   16    4
 0.02725606843979457   16   10   16   10
 -0.03168111068679126   16   11    5    2
 0.03007826480701835   16   11    6    1
 0.01481913310676375   16   11    6    3
 0.01492167556590122   16   11    8    5
 0.001275346389879894   16   11    9    5
 -0.01108761727888513   16   11   11    2
 0.008672660032567605   16   11   11    8
 -0.007702824805350679   16   11   11    9
 -0.00202901923050534   16   11   12    6
 0.01047051801515747   16   11   13    1
 -0.002446719863602769   16   11   13    3
 -0.02178829626321976   16   11   13   12
 -0.001944491948998635   16   11   15    6
 -0.0175384110814058   16   11   15   13
 -0.004808712533855918   16   11   16    5
 0.02725606843979466   16   11   16   11
 0.04563284760620449   16   12    2    1
 0.05657964568581234   16   12    3    2
 -0.05679343788030445   16   12    6    5
 -0.05679343788030442   16   12    7    4
 -0.0183423413610817   16   12    8    1
 0.03541612033691272   16   12    8    3
 0.001353747700668293   16   12    9    1
 0.03401221970303873   16   12    9    3
 -1.051466654083758e-15   16   12    9    8
 -0.02357804092121629   16   12   10    7
 -0.02357804092121611   16   12   11    6
 -0.02377074972653559   16   12   12    2
 0.0005058117016957194   16   12   12    8
 -0.04946029522260986   16   12   12    9
 -0.01657834641615278   16   12   13    5
 -0.04903029829640015   16   12   13   11
 -0.01657834641615271   16   12   14    4
 -0.04903029829639973   16   12   14   10
 -0.008956276110251559   16   12   15    2
 0.006829676842471473   16   12   15    8
 0.00789537568303383   16   12   15    9
 -0.008250906610731284   16   12   16    1
 -0.00460796527032236   16   12   16    3
 1.139249702836869e-15   16   12   16    8
 0.02825920282768476   16   12   16   12
 0.04835682424937706   16   13    5    1
 0.01266169072257297   16   13    5    3
 -0.04747623272919068   16   13    6    2
 0.01933408398746619   16   13    8    6
 0.004705777543675479   16   13    9    6
 0.007659055898835816   16   13   11    1
 0.001235748299959269   16   13   11    3
 0.0004828053144841134   16   13   12    5
 -0.0274782692085174   16   13   12   11
 -0.00605269545805863   16   13   13    2
 0.01603510635730527   16   13   13    8
 -0.01325699099255833   16   13   13    9
 0.01305790595619677   16   13   15    5
 -0.04089546836822019   16   13   15   11
 -0.01277504811303165   16   13   16    6
 0.04266860500415123   16   13   16   13
 0.04835682424937706   16   14    4    1
 0.01266169072257299   16   14    4    3
 -0.04747623272919072   16   14    7    2
 0.01933408398746626   16   14    8    7
 0.004705777543675419   16   14    9    7
 0.007659055898835784   16   14   10    1
 0.001235748299959256   16   14   10    3
 0.0004828053144841565   16   14   12    4
 -0.02747826920851744   16   14   12   10
 -0.006052695458058472   16   14   14    2
 0.0160351063573052   16   14   14    8
 -0.01325699099255837   16   14   14    9
 0.01305790595619682   16   14   15    4
 -0.04089546836822022   16   14   15   10
 -0.01277504811303169   16   14   16    7
 0.04266860500415135   16   14   16   14
 0.06651075937724595   16   15    2    1
 0.05219686236328137   16   15    3    2
 -0.08062309052994125   16   15    6    5
 -0.08062309052994131   16   15    7    4
 -0.05388534350241251   16   15    8    1
 0.05592093481411332   16   15    8    3
 -0.01932907440259311   16   15    9    1
 0.04052596039561335   16   15    9    3
 -0.03400261389023652   16   15   10    7
 -0.03400261389023626   16   15   11    6
 -0.0196775916866728   16   15   12    2
 0.007317724186685391   16   15   12    8
 -0.06186146466079932   16   15   12    9
 -0.02721755787250299   16   15   13    5
 -0.07060809399382943   16   15   13   11
 -0.02721755787250286   16   15   14    4
 -0.07060809399382945   16   15   14   10
 -0.01656550877800987   16   15   15    2
 0.02367063504881909   16   15   15    8
 0.02699386890675954   16   15   15    9
 -0.02253917696165421   16   15   16    1
 0.007546249987429451   16   15   16    3
 1.551357833729979e-15   16   15   16    8
 0.02691840173529428   16   15   16   12
 0.0534756671335743   16   15   16   15
 0.4450190674582108   16   16    1    1
 0.3991125222330887   16   16    2    2
 -0.03147271032347715   16   16    3    1
 0.3977792119224696   16   16    3    3
 0.4069909884507356   16   16    4    4
 0.4069909884507359   16   16    5    5
 0.4012104253693431   16   16    6    6
 0.4012104253693431   16   16    7    7
 -1.171680714328751e-15   16   16    8    1
 -0.03984614735394586   16   16    8    2
 -1.185112404300708e-15   16   16    8    3
 0.3970059375952601   16   16    8    8
 1.135680366299482e-15   16   16    9    1
 0.02570771846886343   16   16    9    2
 0.07928898668313747   16   16    9    8
 0.3556042880247346   16   16    9    9
 0.05113893671421547   16   16   10    4
 0.3794569530321073   16   16   10   10
 0.05113893671421534   16   16   11    5
 0.3794569530321079   16   16   11   11
 -0.01632071397459068   16   16   12    1
 1.523803672316871e-15   16   16   12    2
 -0.05293915100216687   16   16   12    3
 -1.529605681879e-15   16   16   12    9
 0.3317397575913541   16   16   12   12
 0.06138180885006463   16   16   13    6
 0.3626903701303985   16   16   13   13
 0.06138180885006506   16   16   14    7
 0.362690370130396   16   16   14   14
 -0.03344864854474509   16   16   15    1
 0.02421141293578022   16   16   15    3
 -1.000958270051849e-15   16   16   15    9
 0.01159900512969531   16   16   15   12
 0.3930167078631892   16   16   15   15
 4.095920205627518e-15   16   16   16    1
 -0.02613179538430559   16   16   16    2
 2.478713219482529e-15   16   16   16    3
 0.0386655885223488   16   16   16    8
 0.003653405563698641   16   16   16    9
 -2.886967036299796e-15   16   16   16   12
 -3.712308238590367e-15   16   16   16   15
 0.3724591665118195   16   16   16   16
 -5.732860631631808    1    1  0  0
 -4.897142651894527    2    2  0  0
 0.3957373550778095    3    1  0  0
 -4.744344774157909    3    3  0  0
 -4.663519376458673    4    4  0  0
 -4.663519376458673    5    5  0  0
 -4.423462382921902    6    6  0  0
 -4.423462382921906    7    7  0  0
 0.4302606529636981    8    2  0  0
 -1.566781094894938e-15    8    3  0  0
 -1.775070901771727e-15    8    4  0  0
 -4.172140183864784    8    8  0  0
 1.006441826039462e-15    9    1  0  0
 -0.3801153373415265    9    2  0  0
 3.087972974744011e-15    9    3  0  0
 -1.045392535924999    9    8  0  0
 -3.251290785216216    9    9  0  0
 -0.8206417519974674   10    4  0  0
 -3.350665654034163   10   10  0  0
 -0.820641751997467   11    5  0  0
 -3.350665654034163   11   11  0  0
 0.2418740873937354   12    1  0  0
 0.7393847781349464   12    3  0  0
 5.032295427102887e-15   12    8  0  0
 -2.725154414846846e-15   12    9  0  0
 -2.848369532762353   12   12  0  0
 -0.9625165291386037   13    6  0  0
 -3.076861593367701   13   13  0  0
 -0.9625165291386012   14    7  0  0
 -3.076861593367693   14   14  0  0
 0.503293227705514   15    1  0  0
 -1.609924067299665e-15   15    2  0  0
 -0.2888689476991285   15    3  0  0
 -1.435957466277316e-15   15    9  0  0
 -0.08698573883352059   15   12  0  0
 -3.268577942394442   15   15  0  0
 1.11818313240579e-15   16    1  0  0
 0.4550666649500811   16    2  0  0
 3.25790483213332e-15   16    3  0  0
 2.184841950344984e-15   16    4  0  0
 -0.5335411286222213   16    8  0  0
 -0.05206921861589112   16    9  0  0
 -8.391556537647131e-15   16   12  0  0
 -3.139443783668695e-15   16   15  0  0
 -2.660158176319519   16   16  0  0
 -80.1877956868158  0  0  0  0
