Variance/E^2		 Energy (Eh)		   SQD subspace dim

4.040664729985695180e-06 -1.163459811464306739e+02 2.500000000000000000e+05
5.031244429337921589e-06 -1.163232901881392962e+02 2.500000000000000000e+05
5.298299437802276705e-06 -1.163238702554962316e+02 2.500000000000000000e+05
5.561206877649989016e-06 -1.163021353854377367e+02 2.500000000000000000e+05
5.498884873619760096e-06 -1.163094241153696800e+02 2.500000000000000000e+05
4.949020508769648684e-06 -1.163240340667068295e+02 2.500000000000000000e+05
4.297302767635216164e-06 -1.163367879591815495e+02 2.500000000000000000e+05
4.044905315584467053e-06 -1.163504047250268059e+02 2.500000000000000000e+05
5.230021411290244058e-06 -1.163216003315797593e+02 2.500000000000000000e+05
3.978841480190204253e-06 -1.163477809809554060e+02 2.500000000000000000e+05
3.737428638723110239e-06 -1.163577316457287480e+02 1.000000000000000000e+06
4.444555346795667375e-06 -1.163340530468792196e+02 1.000000000000000000e+06
3.535601580044342482e-06 -1.163685627415730863e+02 1.000000000000000000e+06
3.580109523786936130e-06 -1.163658525295271033e+02 1.000000000000000000e+06
3.649336797570774330e-06 -1.163612638017013126e+02 1.000000000000000000e+06
3.883563899240744535e-06 -1.163511704627523216e+02 1.000000000000000000e+06
3.957939993584653015e-06 -1.163533687624457684e+02 1.000000000000000000e+06
3.379704469611947873e-06 -1.163714389621776206e+02 1.000000000000000000e+06
3.676980642411607601e-06 -1.163584788163361878e+02 1.000000000000000000e+06
3.833929167538315136e-06 -1.163527846824562317e+02 1.000000000000000000e+06
2.619449200640805442e-06 -1.163902397174805259e+02 4.000000000000000000e+06
2.508665280845554088e-06 -1.163938658627508573e+02 4.000000000000000000e+06
2.774648100163680723e-06 -1.163845964345530462e+02 4.000000000000000000e+06
2.244263587425389259e-06 -1.163989045492978818e+02 4.000000000000000000e+06
2.413010346559697419e-06 -1.163965298640396213e+02 4.000000000000000000e+06
2.590279748336965182e-06 -1.163951540675066383e+02 4.000000000000000000e+06
2.555606494548959287e-06 -1.163947330002359024e+02 4.000000000000000000e+06
2.947151206344508791e-06 -1.163873572788072863e+02 4.000000000000000000e+06
2.699280189760249510e-06 -1.163880945665900413e+02 4.000000000000000000e+06
3.005084404767971740e-06 -1.163788028689842378e+02 4.000000000000000000e+06
1.728115561051247859e-06 -1.164075364860660358e+02 9.000000000000000000e+06
2.020868284914466655e-06 -1.164047995416732988e+02 9.000000000000000000e+06
1.926010400535585174e-06 -1.164107980675646274e+02 9.000000000000000000e+06
2.083408708169094528e-06 -1.164060633079281644e+02 9.000000000000000000e+06
1.976029908515837854e-06 -1.164134587948957176e+02 9.000000000000000000e+06
1.814879559007800589e-06 -1.164121686992360765e+02 9.000000000000000000e+06
2.379866722421823740e-06 -1.164042962968776322e+02 9.000000000000000000e+06
2.182715901089275850e-06 -1.164045908064640287e+02 9.000000000000000000e+06
1.899067234376759298e-06 -1.164062630607446209e+02 9.000000000000000000e+06
2.309644345528912478e-06 -1.163992028831710570e+02 9.000000000000000000e+06
2.136198521548474175e-06 -1.164095674653548542e+02 1.600000000000000000e+07
1.389302329812305507e-06 -1.164235777534694734e+02 1.600000000000000000e+07
1.469380293357147469e-06 -1.164222519806950089e+02 1.600000000000000000e+07
2.081237386927056346e-06 -1.164143915299252683e+02 1.600000000000000000e+07
2.256165046879527819e-06 -1.164093040288274068e+02 1.600000000000000000e+07
1.613060890030139833e-06 -1.164198820413136559e+02 1.600000000000000000e+07
2.426956094791715754e-06 -1.164178730868883633e+02 1.600000000000000000e+07
1.812396593043194265e-06 -1.164184050565881847e+02 1.600000000000000000e+07
1.701204143522649405e-06 -1.164202967347117550e+02 1.600000000000000000e+07
2.137928863413837519e-06 -1.164236020042970665e+02 1.600000000000000000e+07
