Variance/E^2		 Energy (Eh)		   SQD subspace dim

4.098873397152814699e-06 -1.164485515613275624e+02 2.025000000000000000e+07
4.512095972028356721e-06 -1.164377003733485623e+02 2.025000000000000000e+07
4.454812802558482450e-06 -1.164387016790011700e+02 2.025000000000000000e+07
4.722964867039603092e-06 -1.164390878175154143e+02 2.025000000000000000e+07
4.678499180036264195e-06 -1.164400727811729439e+02 2.025000000000000000e+07
4.065869241082653499e-06 -1.164508165444153889e+02 2.025000000000000000e+07
4.828284330113103162e-06 -1.164330111817516951e+02 2.025000000000000000e+07
4.621803926327927536e-06 -1.164393861478368564e+02 2.025000000000000000e+07
4.122671331851141707e-06 -1.164437856723025817e+02 2.025000000000000000e+07
4.175603252423724665e-06 -1.164450159719073383e+02 2.025000000000000000e+07
4.178980900142757972e-06 -1.164442690129248490e+02 2.500000000000000000e+07
4.065033429213316853e-06 -1.164534864066610851e+02 2.500000000000000000e+07
3.931938773088243401e-06 -1.164535716841971862e+02 2.500000000000000000e+07
3.999696935447504877e-06 -1.164536383900092744e+02 2.500000000000000000e+07
4.527467984889022244e-06 -1.164460155208143135e+02 2.500000000000000000e+07
4.091702614992678242e-06 -1.164451947613464284e+02 2.500000000000000000e+07
4.366879717224938570e-06 -1.164479528896045366e+02 2.500000000000000000e+07
4.015862001351427691e-06 -1.164505690209422966e+02 2.500000000000000000e+07
4.026657303095844044e-06 -1.164515641661215568e+02 2.500000000000000000e+07
4.083293717670467568e-06 -1.164472274491664052e+02 2.500000000000000000e+07
4.611246746597242035e-06 -1.164446347388679897e+02 3.025000000000000000e+07
4.312844492200341564e-06 -1.164493055046411598e+02 3.025000000000000000e+07
4.059875079263721800e-06 -1.164534938110540594e+02 3.025000000000000000e+07
4.737808970602383482e-06 -1.164450111189372876e+02 3.025000000000000000e+07
4.424334362007802087e-06 -1.164503509602814546e+02 3.025000000000000000e+07
4.380995350472639654e-06 -1.164467837563609436e+02 3.025000000000000000e+07
4.255666524382177752e-06 -1.164544135280502104e+02 3.025000000000000000e+07
4.225561284907775790e-06 -1.164516556350648671e+02 3.025000000000000000e+07
4.102397216812690798e-06 -1.164526788493649860e+02 3.025000000000000000e+07
4.911354345584863526e-06 -1.164351301499611822e+02 3.025000000000000000e+07
3.681106034764558910e-06 -1.164653480842281397e+02 4.225000000000000000e+07
4.488066906653869922e-06 -1.164563147218087238e+02 4.225000000000000000e+07
3.880615884265786420e-06 -1.164591363023126576e+02 4.225000000000000000e+07
4.236689197475936921e-06 -1.164547820972929486e+02 4.225000000000000000e+07
3.687807999618123968e-06 -1.164658789892839508e+02 4.225000000000000000e+07
4.127158064599205908e-06 -1.164567018985968900e+02 4.225000000000000000e+07
4.247071029090943604e-06 -1.164598315444880967e+02 4.225000000000000000e+07
4.113343910151887732e-06 -1.164565835584002542e+02 4.225000000000000000e+07
3.974573010127664125e-06 -1.164601295621012866e+02 4.225000000000000000e+07
3.668368649568261687e-06 -1.164611558640685018e+02 4.225000000000000000e+07
