Variance/E^2		 Energy (Eh)		   SQD subspace dim

9.171973735470286810e-07 -3.265560084559766096e+02 4.000000000000000000e+06
9.327636905242529250e-07 -3.265520660232755290e+02 4.000000000000000000e+06
9.416205956988746804e-07 -3.265507331141601526e+02 4.000000000000000000e+06
9.322301942685854582e-07 -3.265507004858437767e+02 4.000000000000000000e+06
7.954022623734933433e-07 -3.265740862605006214e+02 4.000000000000000000e+06
9.481249812634874508e-07 -3.265507089434161685e+02 4.000000000000000000e+06
8.936226490894548367e-07 -3.265553755941947429e+02 4.000000000000000000e+06
7.972509081152170018e-07 -3.265730727053080500e+02 4.000000000000000000e+06
9.214274398672713045e-07 -3.265547613926412964e+02 4.000000000000000000e+06
7.664834503599449434e-07 -3.265811855078205213e+02 4.000000000000000000e+06
9.333859011248940841e-07 -3.265576187690444385e+02 9.000000000000000000e+06
8.023933824659174208e-07 -3.265736867387037705e+02 9.000000000000000000e+06
7.989314441481535980e-07 -3.265729084965905713e+02 9.000000000000000000e+06
7.991167550759267689e-07 -3.265750700467457364e+02 9.000000000000000000e+06
7.723479739388994505e-07 -3.265863042296060144e+02 9.000000000000000000e+06
7.566782290703345501e-07 -3.265848476099211553e+02 9.000000000000000000e+06
9.049699567963348315e-07 -3.265589793032862076e+02 9.000000000000000000e+06
9.278954060400443316e-07 -3.265524424798998098e+02 9.000000000000000000e+06
8.142702827903332654e-07 -3.265752748123452420e+02 9.000000000000000000e+06
7.933937194107355706e-07 -3.265751884465560124e+02 9.000000000000000000e+06
