0 -326.5617707463
2 -326.5623138428
4 -326.5752406999
6 -326.5776242542
8 -326.5917503915
10 -326.5906253483
12 -326.5746250624
14 -326.5785835911
16 -326.5550489213
18 -326.5755513487
20 -326.5768332236
22 -326.5598874538
24 -326.5863117232
26 -326.5606773701
28 -326.5723286034
30 -326.5881121532
32 -326.5574195700
34 -326.5792341684
36 -326.5574421542
38 -326.5792724332
40 -326.5789006581
42 -326.5560288555
44 -326.5800577506
46 -326.5581170387
48 -326.5580802875
50 -326.5603520446
52 -326.5518087003
54 -326.5530174518
56 -326.5512323633
58 -326.5615088936
60 -326.5588507190
62 -326.5592558402
64 -326.5560047514
66 -326.5563190860
68 -326.5812375818
70 -326.5829606191
72 -326.5743389509
74 -326.5591136270
76 -326.5589356664
78 -326.5565088207
80 -326.5556284579
82 -326.5585428947
84 -326.5607221399
86 -326.5802483247
88 -326.5774721812
90 -326.5573076010
92 -326.5771245532
94 -326.5596632347
96 -326.5771920800
98 -326.5740236316
100 -326.5579789071
102 -326.5787706752
104 -326.5568378670
106 -326.5756220502
108 -326.5809391114
110 -326.5762612221
112 -326.5758498053
114 -326.5569840039
116 -326.5542169604
118 -326.5751689484
120 -326.5768098616
122 -326.5572360041
124 -326.5729570803
126 -326.5791615717
128 -326.5536034883
130 -326.5807081822
132 -326.5533360166
134 -326.5554129586
136 -326.5736483484
138 -326.5591064276
140 -326.5595654588
142 -326.5770184097
144 -326.5582218290
146 -326.5552756139
148 -326.5534644761
150 -326.5621187403
152 -326.5784369127
154 -326.5518938177
156 -326.5551438513
158 -326.5534895329
160 -326.5568863905
162 -326.5767349024
164 -326.5598959721
166 -326.5746555574
168 -326.5512985681
170 -326.5787693565
172 -326.5584033927
174 -326.5787760520
176 -326.5610765426
178 -326.5533421818
180 -326.5588247608
182 -326.5537980466
184 -326.5907005390
186 -326.5568549872
188 -326.5602218933
190 -326.5749935989
192 -326.5787881871
194 -326.5523985173
196 -326.5602209129
198 -326.5632511219
