0 -326.5634461114
1 -326.6007761157
2 -326.6060406666
3 -326.6017482236
4 -326.5864931378
5 -326.5859454237
6 -326.6065110682
7 -326.5943878742
8 -326.5991826269
9 -326.5862288078
10 -326.5851288858
11 -326.5955721475
12 -326.5936384121
13 -326.5886786878
14 -326.5685794372
15 -326.5853871066
16 -326.5939450007
17 -326.5901790339
18 -326.5908105491
19 -326.5958086559
20 -326.6010691157
21 -326.5615305012
22 -326.5913878959
23 -326.6036147695
24 -326.5834476652
25 -326.5848547993
26 -326.5733986887
27 -326.6014879255
28 -326.5963407341
29 -326.5976461076
30 -326.6066435820
31 -326.5921324939
32 -326.5714600363
33 -326.5979168727
34 -326.6151198521
35 -326.5671236331
36 -326.6002563457
37 -326.6094391712
38 -326.6046131235
39 -326.5854547088
40 -326.5863404250
41 -326.5973998391
42 -326.5960045637
43 -326.5850376137
44 -326.5950729184
45 -326.6017556216
46 -326.5988349573
47 -326.5884755195
48 -326.5991920830
49 -326.5988912960
50 -326.5876177421
51 -326.5892564042
52 -326.6022815914
53 -326.5726007981
54 -326.5851031181
55 -326.5995562854
56 -326.6020721620
57 -326.5661636180
58 -326.5940157464
59 -326.6030203962
60 -326.6080613834
61 -326.5928702416
62 -326.5968945944
63 -326.5977737635
64 -326.5864938001
65 -326.5880531589
66 -326.6026202847
67 -326.5960511291
68 -326.5871924749
69 -326.5968446139
70 -326.5881038865
71 -326.5908358416
72 -326.5850432360
73 -326.5951961457
74 -326.6003495993
75 -326.5942442929
76 -326.5967838740
77 -326.5986011110
78 -326.6142495249
79 -326.5969883006
80 -326.5976038722
81 -326.6016312085
82 -326.5896867807
83 -326.5921442755
84 -326.5969172754
85 -326.5997152008
86 -326.5941291576
87 -326.5650028708
88 -326.5824355671
89 -326.5989184777
90 -326.5950769826
91 -326.5826714972
92 -326.6024029811
93 -326.5847779540
94 -326.6023284794
95 -326.5997202878
96 -326.5923145315
97 -326.6011664737
98 -326.6010358919
99 -326.5971392593
