0 -326.6168291401
1 -326.5977272162
2 -326.6223383485
3 -326.6189363363
4 -326.6007248032
5 -326.5963195729
6 -326.5805342336
7 -326.6104813499
8 -326.5939232143
9 -326.6153562734
10 -326.6096377348
11 -326.6448244003
12 -326.6244489603
13 -326.6223337620
14 -326.6023976041
15 -326.6138804668
16 -326.5903977450
17 -326.6163883187
18 -326.6238060217
19 -326.6035474099
20 -326.6142835998
21 -326.6117219031
22 -326.6218313257
23 -326.5968472336
24 -326.6123903228
25 -326.6105088979
26 -326.6126481186
27 -326.6223897996
28 -326.6360019466
29 -326.6018958663
30 -326.5942990625
31 -326.6152936634
32 -326.6066222043
33 -326.6088947804
34 -326.6217501318
35 -326.6127763567
36 -326.6108053285
37 -326.6226713489
38 -326.5853651041
39 -326.6142910185
40 -326.6200213329
41 -326.6063965977
42 -326.6029963510
43 -326.6157847342
44 -326.6253704052
45 -326.6344427811
46 -326.6048795620
47 -326.6066082131
48 -326.6184563518
49 -326.6155024137
50 -326.6165782102
51 -326.6134831408
52 -326.6080736036
53 -326.6116356401
54 -326.5933132294
55 -326.6348913201
56 -326.6044239680
57 -326.5954358573
58 -326.6142548656
59 -326.6216165558
60 -326.6161914488
61 -326.6049593405
62 -326.6287672642
63 -326.6034263677
64 -326.6126416447
65 -326.6184425464
66 -326.6448244003
67 -326.6269673282
68 -326.6279204219
69 -326.5889682791
70 -326.6270241399
71 -326.6222101394
72 -326.5922051774
73 -326.6104134655
74 -326.6194159859
75 -326.5923871903
76 -326.6091787081
77 -326.6095953666
78 -326.6106219769
79 -326.6115119386
80 -326.5904224983
81 -326.6091874265
82 -326.6039827346
83 -326.6213284983
84 -326.6052560034
85 -326.6075640460
86 -326.6032758707
87 -326.6240570874
88 -326.6106857584
89 -326.6326538342
90 -326.6123338434
91 -326.6034376473
92 -326.6134448707
93 -326.5839771798
94 -326.5923595257
95 -326.6143377684
96 -326.5761266889
97 -326.6220499703
98 -326.6258826492
99 -326.6176603281
