0 -326.6039015591
1 -326.5898422495
2 -326.5989548922
3 -326.6330109712
4 -326.6063127274
5 -326.5859126177
6 -326.6250812530
7 -326.6340842037
8 -326.6194238458
9 -326.6002906628
10 -326.5996055840
11 -326.6061567422
12 -326.6077299794
13 -326.6035801342
14 -326.6132268102
15 -326.5898666644
16 -326.5802833061
17 -326.6081645451
18 -326.6085034785
19 -326.6016654343
20 -326.6169832892
21 -326.6054811833
22 -326.5837962855
23 -326.6141387188
24 -326.6027584514
25 -326.5961721589
26 -326.5870894209
27 -326.6052609041
28 -326.5935753037
29 -326.5765957904
30 -326.6067969466
31 -326.5940601297
32 -326.6110777272
33 -326.6130603220
34 -326.6020657585
35 -326.6097200026
36 -326.5968105910
37 -326.5711325931
38 -326.6003250103
39 -326.6116365635
40 -326.6105166411
41 -326.6010507297
42 -326.6037529189
43 -326.5998853112
44 -326.5963796121
45 -326.6139664536
46 -326.6072781468
47 -326.6003048216
48 -326.5762401603
49 -326.5866254838
50 -326.5688201848
51 -326.6242517951
52 -326.5969748622
53 -326.5896542886
54 -326.5956452054
55 -326.5823799077
56 -326.5958674728
57 -326.6027429294
58 -326.6054152226
59 -326.6023692930
60 -326.6100043419
61 -326.5962129533
62 -326.5950055292
63 -326.6109618022
64 -326.6091166306
65 -326.5989853236
66 -326.6025761146
67 -326.5800539040
68 -326.6156466044
69 -326.6112045437
70 -326.5738916560
71 -326.6004293636
72 -326.6119321564
73 -326.5838880265
74 -326.6124442930
75 -326.5762386839
76 -326.5863634343
77 -326.6146791218
78 -326.6114765890
79 -326.6001756391
80 -326.6012288592
81 -326.5957318509
82 -326.5983770377
83 -326.5730984659
84 -326.5899698404
85 -326.5801239624
86 -326.5819605405
87 -326.6089198672
88 -326.5936100537
89 -326.6002970211
90 -326.5924800579
91 -326.5964557561
92 -326.5967714230
93 -326.5909184187
94 -326.5686405746
95 -326.5981745347
96 -326.5942686024
97 -326.6010026490
98 -326.5899178354
99 -326.6074769338
