0 -326.5897577271
1 -326.5639960166
2 -326.5577265676
3 -326.5821141167
4 -326.5768696751
5 -326.5968686395
6 -326.5975184432
7 -326.5639494376
8 -326.5891334751
9 -326.5603328518
10 -326.5803226349
11 -326.5785757005
12 -326.5940160607
13 -326.5620987774
14 -326.5909448744
15 -326.5632434014
16 -326.5591501316
17 -326.5624809280
18 -326.5784697076
19 -326.5642428132
20 -326.5876132462
21 -326.5581454075
22 -326.5622680083
23 -326.5908991872
24 -326.5810298058
25 -326.5657831049
26 -326.5917605636
27 -326.5616067674
28 -326.5948073362
29 -326.5606706741
30 -326.5593051533
31 -326.5755288858
32 -326.5845615113
33 -326.5796731911
34 -326.5904320406
35 -326.5806342973
36 -326.6033932724
37 -326.5611055556
38 -326.5589168979
39 -326.5581388310
40 -326.5588923469
41 -326.5937170306
42 -326.5653019782
43 -326.5587660914
44 -326.5601909491
45 -326.5586463662
46 -326.5642706221
47 -326.5659048394
48 -326.5815753557
49 -326.5665003291
50 -326.5873853301
51 -326.5748205149
52 -326.5618266303
53 -326.5965260108
54 -326.5789720651
55 -326.5787015371
56 -326.5837125721
57 -326.5617131027
58 -326.5662008742
59 -326.5758151542
60 -326.5805126784
61 -326.5644334336
62 -326.5647394588
63 -326.5967938415
64 -326.5918469497
65 -326.5644323741
66 -326.5646275877
67 -326.5752818880
68 -326.5797172277
69 -326.5809939561
70 -326.5544069923
71 -326.5865894094
72 -326.5642118314
73 -326.5663445604
74 -326.5590188061
75 -326.5789088578
76 -326.5886630623
77 -326.5792840006
78 -326.5658141979
79 -326.5929637629
80 -326.5578660416
81 -326.5648040147
82 -326.5838639059
83 -326.5844728810
84 -326.5617932983
85 -326.5832446909
86 -326.5790199944
87 -326.5808001727
88 -326.5624909420
89 -326.5760844113
90 -326.5819249608
91 -326.5765124008
92 -326.5593876283
93 -326.5648449492
94 -326.5811767654
95 -326.5922777792
96 -326.5636769563
97 -326.5606611646
98 -326.5918882106
99 -326.5741532476
