Variance/E^2		 Energy (Eh)		   SQD subspace dim

7.107251217904981945e-06 -3.247678257404576811e+02 4.000000000000000000e+06
4.373555734792888569e-06 -3.255283225185216907e+02 4.000000000000000000e+06
1.407051598171043666e-05 -3.236676278116061667e+02 4.000000000000000000e+06
1.585384792787689810e-05 -3.237269845517879503e+02 4.000000000000000000e+06
1.804016510895383590e-05 -3.233355448566995278e+02 4.000000000000000000e+06
1.281857691081229598e-05 -3.243821718487766930e+02 4.000000000000000000e+06
8.064316242870094549e-06 -3.247070517528389928e+02 4.000000000000000000e+06
1.409316578664393498e-05 -3.236576140912548567e+02 4.000000000000000000e+06
6.761255713371755702e-06 -3.246718500993349608e+02 4.000000000000000000e+06
7.856899290594181618e-06 -3.248696992526417375e+02 4.000000000000000000e+06
1.705452125220352968e-05 -3.237011680048697713e+02 9.000000000000000000e+06
7.787930271518704150e-06 -3.250725395310026897e+02 9.000000000000000000e+06
8.012187285753209290e-06 -3.247520034612888367e+02 9.000000000000000000e+06
1.493350491795696532e-05 -3.237166867120188840e+02 9.000000000000000000e+06
1.596029782498375004e-05 -3.236560133953345257e+02 9.000000000000000000e+06
3.356427415038034518e-06 -3.253722196598253049e+02 9.000000000000000000e+06
8.549085177332845764e-06 -3.249994617736672353e+02 9.000000000000000000e+06
1.994127340919179915e-05 -3.232902836196568046e+02 9.000000000000000000e+06
7.622300447415032051e-06 -3.248621153323328485e+02 9.000000000000000000e+06
1.510316944489366909e-05 -3.237415550797384185e+02 9.000000000000000000e+06
