Variance/E^2		 Energy (Eh)		   SQD subspace dim

4.520205245213229333e-06 -1.164146366201033800e+02 1.600000000000000000e+07
4.915603588038496684e-06 -1.164068922094218692e+02 1.600000000000000000e+07
5.089981426885497282e-06 -1.164096334690593011e+02 1.600000000000000000e+07
4.991074121797621271e-06 -1.164082780403338546e+02 1.600000000000000000e+07
5.036971182803668332e-06 -1.164069873924475189e+02 1.600000000000000000e+07
4.840714773444061465e-06 -1.164217163579848346e+02 2.025000000000000000e+07
4.990239914793304630e-06 -1.164167435369824233e+02 2.025000000000000000e+07
5.048513889609265624e-06 -1.164308652024480040e+02 2.025000000000000000e+07
5.076975196234726456e-06 -1.164223550237285423e+02 2.025000000000000000e+07
4.965785302158527513e-06 -1.164243574436247002e+02 2.025000000000000000e+07
5.698506385243960233e-06 -1.164146472371037646e+02 2.025000000000000000e+07
4.500628283458447212e-06 -1.164311534501438388e+02 2.025000000000000000e+07
4.917308419201019195e-06 -1.164231327007636452e+02 2.025000000000000000e+07
5.087600561840597217e-06 -1.164241133406183621e+02 2.025000000000000000e+07
5.727240895355511370e-06 -1.164178442554316320e+02 2.500000000000000000e+07
4.992874860362195472e-06 -1.164260297247277833e+02 2.500000000000000000e+07
4.886491979899772980e-06 -1.164240114447090377e+02 2.500000000000000000e+07
5.436336364151938367e-06 -1.164219058743547777e+02 2.500000000000000000e+07
4.458385052515946342e-06 -1.164338282489279948e+02 2.500000000000000000e+07
5.087804604272473548e-06 -1.164226058012427245e+02 2.500000000000000000e+07
4.900569100691361280e-06 -1.164239920396263273e+02 2.500000000000000000e+07
5.515729358097834382e-06 -1.164106749292961638e+02 2.500000000000000000e+07
5.231891573962691558e-06 -1.164207621613533092e+02 3.025000000000000000e+07
4.595991890298860894e-06 -1.164258607395517799e+02 3.025000000000000000e+07
4.489433704411994314e-06 -1.164154505783683362e+02 3.025000000000000000e+07
4.522236933801077723e-06 -1.164274792744930380e+02 3.025000000000000000e+07
4.285708879107895080e-06 -1.164354536050660442e+02 3.025000000000000000e+07
4.974213652574540466e-06 -1.164308833568754693e+02 3.600000000000000000e+07
5.319133770871543463e-06 -1.164091415290514675e+02 3.600000000000000000e+07
5.317683762034383711e-06 -1.164206752829530274e+02 3.600000000000000000e+07
5.062515936394733891e-06 -1.164296820467767759e+02 3.600000000000000000e+07
4.655675962888140303e-06 -1.164411625399479817e+02 3.600000000000000000e+07
5.039894936006253716e-06 -1.164293808945107571e+02 3.600000000000000000e+07
4.904639302092701052e-06 -1.164265159765065647e+02 3.600000000000000000e+07
5.100199286999769981e-06 -1.164262309566395857e+02 3.600000000000000000e+07
4.542044126230691188e-06 -1.164370161761915625e+02 3.600000000000000000e+07
5.243270125677389396e-06 -1.164195128743083671e+02 3.600000000000000000e+07
5.045783775367450673e-06 -1.164290831408616071e+02 4.225000000000000000e+07
4.491436376078101228e-06 -1.164412232509276635e+02 4.225000000000000000e+07
4.618444374669508328e-06 -1.164333186195640337e+02 4.225000000000000000e+07
4.778054868809551120e-06 -1.164290451394019925e+02 4.225000000000000000e+07
4.540246745092046871e-06 -1.164354244411626382e+02 4.225000000000000000e+07
4.771135935536989624e-06 -1.164406933841005980e+02 4.225000000000000000e+07
4.584835182736265243e-06 -1.164382631826149890e+02 4.225000000000000000e+07
4.649271245775127775e-06 -1.164340477306334662e+02 4.225000000000000000e+07
5.108670175702145227e-06 -1.164229265555093207e+02 4.225000000000000000e+07
4.559706377648639505e-06 -1.164312964683781217e+02 4.225000000000000000e+07
4.826693745561915261e-06 -1.164326786819721917e+02 4.900000000000000000e+07
4.133091490327793828e-06 -1.164473112301557194e+02 4.900000000000000000e+07
5.171217703436288974e-06 -1.164311828700816420e+02 4.900000000000000000e+07
4.999931363632574085e-06 -1.164224905142635578e+02 4.900000000000000000e+07
4.667909179578352582e-06 -1.164389630058915088e+02 4.900000000000000000e+07
4.729672933458309806e-06 -1.164370831523925460e+02 4.900000000000000000e+07
5.153331955834553022e-06 -1.164266465464862108e+02 4.900000000000000000e+07
4.692992695260691410e-06 -1.164350380044579083e+02 4.900000000000000000e+07
4.558410679240264007e-06 -1.164400036352814425e+02 4.900000000000000000e+07
4.722259079174448112e-06 -1.164330949246044895e+02 4.900000000000000000e+07
4.349607829366002257e-06 -1.164446916670243866e+02 5.625000000000000000e+07
3.952545966489407952e-06 -1.164507840272080585e+02 5.625000000000000000e+07
4.249116204109683589e-06 -1.164472838764772860e+02 5.625000000000000000e+07
3.969466413965710621e-06 -1.164476005577731286e+02 5.625000000000000000e+07
4.066732737303328450e-06 -1.164407827610970259e+02 5.625000000000000000e+07
3.741300238950702461e-06 -1.164537133383592504e+02 5.625000000000000000e+07
4.155786961606870849e-06 -1.164482818897635070e+02 5.625000000000000000e+07
4.295536565030724607e-06 -1.164386593873333169e+02 5.625000000000000000e+07
4.119229354484146940e-06 -1.164306711722831125e+02 5.625000000000000000e+07
