Variance/E^2		 Energy (Eh)		   SQD subspace dim

4.934021052796624565e-06 -1.163250889311670591e+02 2.500000000000000000e+05
5.582139902632283411e-06 -1.163068059093391895e+02 2.500000000000000000e+05
4.374826695634868116e-06 -1.163336929502918053e+02 2.500000000000000000e+05
4.679142505033450328e-06 -1.163306566152398176e+02 2.500000000000000000e+05
4.652052178499058110e-06 -1.163215368615295802e+02 2.500000000000000000e+05
4.916049015833081949e-06 -1.163156574326710881e+02 2.500000000000000000e+05
4.383327092132523859e-06 -1.163393562117741311e+02 2.500000000000000000e+05
5.778544845670396687e-06 -1.162924041236884705e+02 2.500000000000000000e+05
4.467879859084470282e-06 -1.163337751789481160e+02 2.500000000000000000e+05
4.207701000554592909e-06 -1.163383750210749668e+02 2.500000000000000000e+05
4.024445156966327234e-06 -1.163474851985288581e+02 1.000000000000000000e+06
3.393172167319819645e-06 -1.163667955869360782e+02 1.000000000000000000e+06
3.585203234813276224e-06 -1.163574096971361769e+02 1.000000000000000000e+06
3.782152344353672150e-06 -1.163561742152305811e+02 1.000000000000000000e+06
4.001806664484634970e-06 -1.163576745924554388e+02 1.000000000000000000e+06
3.747550988882449937e-06 -1.163518196228207557e+02 1.000000000000000000e+06
3.854064416765177973e-06 -1.163565293268207057e+02 1.000000000000000000e+06
4.662195089262507677e-06 -1.163254184602580779e+02 1.000000000000000000e+06
3.838980348271720838e-06 -1.163527559758145884e+02 1.000000000000000000e+06
4.029451527877555939e-06 -1.163501250702291827e+02 1.000000000000000000e+06
3.145166510837194486e-06 -1.163774140008258087e+02 4.000000000000000000e+06
2.463052306632642314e-06 -1.163889439609076675e+02 4.000000000000000000e+06
3.509137259381934936e-06 -1.163704903703265927e+02 4.000000000000000000e+06
3.071758976307976749e-06 -1.163705762803596002e+02 4.000000000000000000e+06
3.120977630246927274e-06 -1.163784881557259467e+02 4.000000000000000000e+06
2.916692066145424735e-06 -1.163784930250484848e+02 4.000000000000000000e+06
3.318310482473226899e-06 -1.163743822247037940e+02 4.000000000000000000e+06
3.298909389802682671e-06 -1.163754300334554586e+02 4.000000000000000000e+06
3.240072710369474513e-06 -1.163740057471700737e+02 4.000000000000000000e+06
3.270422006547174022e-06 -1.163713869382344797e+02 4.000000000000000000e+06
2.666412772915397991e-06 -1.163924896986603983e+02 9.000000000000000000e+06
2.991830354593389021e-06 -1.163799941403340910e+02 9.000000000000000000e+06
2.520160074205410400e-06 -1.163935477670904959e+02 9.000000000000000000e+06
2.711426453979851232e-06 -1.163927425018220845e+02 9.000000000000000000e+06
2.628112478602625014e-06 -1.163900286804950355e+02 9.000000000000000000e+06
2.475568675897106189e-06 -1.163940876129606750e+02 9.000000000000000000e+06
2.848971030128122102e-06 -1.163893855224143579e+02 9.000000000000000000e+06
2.064133092236374749e-06 -1.164022734022979790e+02 9.000000000000000000e+06
2.158416492321351655e-06 -1.163966426933925220e+02 9.000000000000000000e+06
2.207421948947739899e-06 -1.163992776036515693e+02 9.000000000000000000e+06
2.064483560906119813e-06 -1.164044663680522405e+02 1.600000000000000000e+07
2.289709991681108723e-06 -1.164044840002149925e+02 1.600000000000000000e+07
1.777396585077623496e-06 -1.164111914684529410e+02 1.600000000000000000e+07
1.825817041029789130e-06 -1.164124079475904807e+02 1.600000000000000000e+07
2.325458898889820597e-06 -1.163983371926911303e+02 1.600000000000000000e+07
2.495283148750225471e-06 -1.164039942737521756e+02 2.025000000000000000e+07
2.638629727132833374e-06 -1.164114412311613620e+02 2.500000000000000000e+07
2.402373043288480164e-06 -1.164054749129974908e+02 2.500000000000000000e+07
2.741186674876216040e-06 -1.164168645296797848e+02 3.025000000000000000e+07
2.388739314200366690e-06 -1.164180987506042868e+02 3.025000000000000000e+07
2.064180019050124989e-06 -1.164044515882233526e+02 3.025000000000000000e+07
1.996438731492902929e-06 -1.164109605545237685e+02 3.025000000000000000e+07
2.688436393132547259e-06 -1.164111882730114758e+02 3.025000000000000000e+07
1.965564488156116015e-06 -1.164217005430766818e+02 5.625000000000000000e+07
