Bond Length		 SQD Energy[Eh] (d = 1.44M) SQD Energy[Eh] (d = 4M)  SQD Energy[Eh] (d = 9M)	SQD Energy[Eh] (d = 16M)
7.682594499999999549e-01 -1.084298852546212544e+02 -1.084391249579809937e+02 -1.084415198824106170e+02 -1.084439715377944964e+02
8.780108000000000912e-01 -1.089597921301367904e+02 -1.089701684563863751e+02 -1.089707043830829321e+02 -1.089759757618931104e+02
9.877621500000000054e-01 -1.091711916494996331e+02 -1.091861513803320065e+02 -1.091896311903545325e+02 -1.091939700610404884e+02
1.097513500000000031e+00 -1.092272951910545657e+02 -1.092432567796954572e+02 -1.092490541914441309e+02 -1.092520978474055795e+02
1.207264850000000056e+00 -1.092112055328709204e+02 -1.092252545275724174e+02 -1.092298077529310518e+02 -1.092346091505523873e+02
1.317016200000000081e+00 -1.091612996225518941e+02 -1.091695732265497156e+02 -1.091807900398444673e+02 -1.091873048537898683e+02
1.426767550000000107e+00 -1.090979068846249049e+02 -1.091093396315240796e+02 -1.091197693574179652e+02 -1.091244873383683824e+02
1.536518899999999910e+00 -1.090303356335855938e+02 -1.090533653287268265e+02 -1.090601226991226156e+02 -1.090683330196557392e+02
1.646270250000000157e+00 -1.089806484149319488e+02 -1.089926560920087297e+02 -1.090096751624238181e+02 -1.090198529385412769e+02
1.756021600000000182e+00 -1.089375015327196081e+02 -1.089504317041714501e+02 -1.089659787392770198e+02 -1.089729176297738888e+02
1.865772949999999986e+00 -1.089009297189187464e+02 -1.089122295834058320e+02 -1.089247347569794044e+02 -1.089397398192421775e+02
1.975524300000000011e+00 -1.088526197909580020e+02 -1.088770476185420222e+02 -1.089040627330619628e+02 -1.089217964886812524e+02
2.085275649999999814e+00 -1.088336685643255066e+02 -1.088678385714544277e+02 -1.088929763665639996e+02 -1.089120865885480498e+02
2.195027000000000061e+00 -1.087974982134176969e+02 -1.088494419711229568e+02 -1.088840985420787604e+02 -1.089015268177489020e+02
2.304778350000000309e+00 -1.087825981750375774e+02 -1.088438008526503040e+02 -1.088803497840853538e+02 -1.088936204050057768e+02
2.414529700000000112e+00 -1.087544490535011334e+02 -1.088264212574297574e+02 -1.088745778999467291e+02 -1.088872029906505787e+02
2.524281049999999915e+00 -1.087488892812637857e+02 -1.088065234768349825e+02 -1.088634181505127287e+02 -1.088883135553195842e+02
2.634032400000000163e+00 -1.087405778312193547e+02 -1.088376137519415181e+02 -1.088664259892200619e+02 -1.088835293154131847e+02
2.743783749999999966e+00 -1.087678407654541815e+02 -1.088402056254532084e+02 -1.088642975001664581e+02 -1.088855287318709060e+02
2.853535100000000213e+00 -1.087692987257734245e+02 -1.088392766277408583e+02 -1.088607755989117436e+02 -1.088772087399622137e+02
2.963286450000000460e+00 -1.087519868223710944e+02 -1.088122689357115291e+02 -1.088656498324208997e+02 -1.088795133361590075e+02
3.073037799999999820e+00 -1.087727674827369952e+02 -1.088277803035172724e+02 -1.088659404483943263e+02 -1.088788215098446273e+02
3.182789150000000067e+00 -1.087961917607773330e+02 -1.088353948630576866e+02 -1.088645305258172584e+02 -1.088795899207845110e+02
