Bond Length		 SQD Energy[Eh] (d = 1.44M) SQD Energy[Eh] (d = 4M)  SQD Energy[Eh] (d = 9M)	SQD Energy[Eh] (d = 16M)

7.682594499999999549e-01 -1.084204126592227624e+02 -1.084305788902916561e+02 -1.084377272120512714e+02 -1.084413142210088665e+02
8.780108000000000912e-01 -1.089515557967511086e+02 -1.089607191693347659e+02 -1.089681984584398151e+02 -1.089739524613078174e+02
9.877621500000000054e-01 -1.091669706811960054e+02 -1.091801554921920712e+02 -1.091858224919589020e+02 -1.091915503728382504e+02
1.097513500000000031e+00 -1.092247184126368609e+02 -1.092355346257123614e+02 -1.092417875074517610e+02 -1.092485595198120905e+02
1.207264850000000056e+00 -1.092021989247584344e+02 -1.092210416393592141e+02 -1.092245719036927056e+02 -1.092294977912955147e+02
1.317016200000000081e+00 -1.091474595585775234e+02 -1.091639870641571974e+02 -1.091758563850954289e+02 -1.091831845106478625e+02
1.426767550000000107e+00 -1.090776865454056548e+02 -1.090983394342665349e+02 -1.091105176138071613e+02 -1.091244873383683824e+02
1.536518899999999910e+00 -1.090273977621025239e+02 -1.090533653287268265e+02 -1.090552608881670551e+02 -1.090649892275205559e+02
1.646270250000000157e+00 -1.089660003562380410e+02 -1.089923734482663491e+02 -1.089959494673275060e+02 -1.090118698452203461e+02
1.756021600000000182e+00 -1.089313778190545179e+02 -1.089389222881858359e+02 -1.089545714847868965e+02 -1.089676022524658805e+02
1.865772949999999986e+00 -1.088737266953118734e+02 -1.088991736010879521e+02 -1.089146794786008030e+02 -1.089296223979030600e+02
1.975524300000000011e+00 -1.088345226483775008e+02 -1.088770476185420222e+02 -1.088870515760389424e+02 -1.088976867224162106e+02
2.085275649999999814e+00 -1.088050539091032078e+02 -1.088331304739155456e+02 -1.088647109183890223e+02 -1.088878325094274402e+02
2.195027000000000061e+00 -1.087747084512935913e+02 -1.088494419711229568e+02 -1.088538458239841589e+02 -1.088800600398126619e+02
2.304778350000000309e+00 -1.087564772482888316e+02 -1.088438008526503040e+02 -1.088445006328020668e+02 -1.088673094206123011e+02
2.414529700000000112e+00 -1.087443343068680832e+02 -1.087844222103140908e+02 -1.088319048635857627e+02 -1.088593392005505081e+02
2.524281049999999915e+00 -1.087399363940872092e+02 -1.087697165361322362e+02 -1.088217978127099173e+02 -1.088547662087390222e+02
2.634032400000000163e+00 -1.087089295210028439e+02 -1.087761717771197993e+02 -1.088195216635041334e+02 -1.088521668267627263e+02
2.743783749999999966e+00 -1.087295830069312501e+02 -1.088157913759829682e+02 -1.088302464888325147e+02 -1.088587417283614229e+02
2.853535100000000213e+00 -1.087241647428908493e+02 -1.087972203000579015e+02 -1.088217387109846186e+02 -1.088500307334005441e+02
2.963286450000000460e+00 -1.087068635032692612e+02 -1.087460804590977261e+02 -1.088274512641078786e+02 -1.088555389957950297e+02
3.073037799999999820e+00 -1.087727674827369952e+02 -1.088277803035172724e+02 -1.088132748039937781e+02 -1.088535809443039284e+02
3.182789150000000067e+00 -1.087150071436794576e+02 -1.087756394363660064e+02 -1.088283301417355062e+02 -1.088563751258907644e+02
