6.999999999999999556e-01 -1.082578595973456288e+02
8.000000000000000444e-01 -1.088013929330137870e+02
9.000000000000000222e-01 -1.090299513648546963e+02
1.000000000000000000e+00 -1.090978902898265801e+02
1.100000000000000089e+00 -1.090912458773295981e+02
1.199999999999999956e+00 -1.090518340417801824e+02
1.300000000000000044e+00 -1.090034450884242432e+02
1.399999999999999911e+00 -1.089576140074876491e+02
1.500000000000000000e+00 -1.089172731348893421e+02
1.600000000000000089e+00 -1.088847334955822106e+02
1.699999999999999956e+00 -1.088643890476737823e+02
1.800000000000000044e+00 -1.088456010104824969e+02
1.899999999999999911e+00 -1.088380503577009790e+02
2.000000000000000000e+00 -1.088333098375057517e+02
2.100000000000000089e+00 -1.088241834470687905e+02
2.200000000000000178e+00 -1.088241413632351566e+02
2.299999999999999822e+00 -1.088226912159197752e+02
2.399999999999999911e+00 -1.088216467802688499e+02
2.500000000000000000e+00 -1.088239665666432501e+02
2.600000000000000089e+00 -1.088217794572085069e+02
2.700000000000000178e+00 -1.088214892240033436e+02
2.799999999999999822e+00 -1.088222745598609293e+02
2.899999999999999911e+00 -1.088233493557739848e+02
3.000000000000000000e+00 -1.088216765877285326e+02
